FW_Default	FW_LBM	FW_QBM	FW_NM	Direct	interior-point-convex	active-set
0	0.0449447592975072	0.0452341855715246	0.0452341855715246	1.06637715970777e-20	1	NaN
0	0	0	0	7.23034214526162e-21	0	NaN
0	0	0	0	6.19699758349459e-21	0	NaN
0	0	0	0	7.00795846711485e-21	0	NaN
0	0.0449447592975072	0.0452341855715246	0.0452341855715246	7.51796850750769e-21	1	NaN
0	0	0	0	2.02899058980648e-19	0	NaN
0	0	0	0	2.59347819970924e-20	0	NaN
0	0	0	0	7.31814243212877e-21	0	NaN
0	0	0	0	2.18570065994828e-19	0	NaN
0	0	0	0	8.49617697803709e-21	0	NaN
0	0	0	0	2.37306811543933e-20	0	NaN
0	0	0	0	7.67498319319069e-20	0	NaN
0.145454545454545	0.0858036313861501	0.0872725327176873	0.0872725327176874	0.117990159138244	0	NaN
0	0	0	0	8.10532265879018e-21	0	NaN
0	0	0	0	3.74657662228119e-20	0	NaN
0	0	0	0	3.01881806203695e-20	0	NaN
0	0	0	0	7.0014963796163e-21	0	NaN
0	0	0	0	7.51816839427668e-21	0	NaN
0	0	0	0	1.19796789463677e-20	0	NaN
0	0	0	0	1.04397064598059e-20	0	NaN
0	0	0	0	7.88026943612467e-21	0	NaN
0	0	0	0	7.35386956007096e-21	0	NaN
0	0	0	0	1.65082035296429e-20	0	NaN
0	0	0	0	6.1420232446681e-21	0	NaN
0	0	0	0	3.00024993690741e-20	0	NaN
0	0	0	0	9.55283463272872e-21	0	NaN
0	0	0	0	2.88329780926779e-20	0	NaN
0	0	0	0	1.06857435771961e-19	0	NaN
0	0	0	0	9.00742267297615e-21	0	NaN
0	0	0	0	6.83944086991165e-21	0	NaN
0	0	0	0	2.54068904812006e-20	0	NaN
0	0	0	0	2.07619226842367e-20	0	NaN
0	0	0	0	1.27510146538657e-20	0	NaN
0	0	0	0	8.92232297611077e-21	0	NaN
0	0	0	0	0.0410138456732192	0	NaN
0	0	0	0	7.46183326216058e-17	0	NaN
0	0	0	0	1.85887050676713e-20	0	NaN
0	0	0	0	6.02377392633893e-21	0	NaN
0	0	0	0	7.89813855882105e-21	0	NaN
0	0	0	0	1.21604923651099e-20	0	NaN
0	0	0	0	5.21738076266149e-19	0	NaN
0	0	0	0	1.82034802781469e-20	0	NaN
0	0	0	0	7.22084362519332e-21	0	NaN
0	0	0	0	1.18477223046378e-20	0	NaN
0	0	0	0	6.00315974001924e-21	0	NaN
0	0	0	0	1.13598868547919e-20	0	NaN
0	0	0	0	9.43066745898137e-18	0	NaN
0	0	0	0	3.4610984676413e-20	0	NaN
0	0	0	0	1.47568565731781e-20	0	NaN
0	0	0	0	2.02869470067398e-20	0	NaN
0	0.0449447592975072	0.0452341855715246	0.0452341855715246	5.93983180834662e-15	1	NaN
0	0	0	0	6.87743997780043e-21	0	NaN
0	0	0	0	1.98678644598373e-20	0	NaN
0	0	0	0	1.52234335098729e-20	0	NaN
0	0	0	0	6.12819013484495e-20	0	NaN
0	0	0	0	7.7523281375818e-21	0	NaN
0	0	0	0	1.29663482282204e-20	0	NaN
0	0	0	0	2.82292955102554e-20	0	NaN
0	0	0	0	5.97233284356475e-21	0	NaN
0	0	0	0	1.56670247436002e-20	0	NaN
0	0	0	0	0.00507403487315292	0	NaN
0	0	0	0	1.58002699987094e-20	0	NaN
0	0	0	0	6.28831328186027e-21	0	NaN
0	0	0	0	8.62808647628316e-21	0	NaN
0	0	0	0	1.15380142145899e-20	0	NaN
0	0	0	0	1.05685278487088e-20	0	NaN
0	0	0	0	7.67640854788413e-21	0	NaN
0	0	0	0	5.34928597240407e-20	0	NaN
0	0	0	0	3.6300151576506e-20	0	NaN
0	0	0	0	6.53643648460229e-21	0	NaN
0	0	0	0	3.11570280238322e-20	0	NaN
0	0	0	0	9.04073386208793e-21	0	NaN
0	0	0	0	9.07942266259274e-21	0	NaN
0	0	0	0	0.00235540896285588	0	NaN
0	0	0	0	6.50779367091732e-21	0	NaN
0	0	0	0	7.7391762741444e-21	0	NaN
0	0	0	0	0.0288342221453975	0	NaN
0	0	0	0	9.89140638565741e-21	0	NaN
0	0	0	0	7.83975336658632e-21	0	NaN
0	0	0	0	6.81294396217752e-21	0	NaN
0	0	0	0	7.81152040581084e-21	0	NaN
0	0	0	0	9.64079071802696e-21	0	NaN
0	0	0	0	6.53145529669457e-21	0	NaN
0	0	0	0	2.70996131799005e-20	0	NaN
0	0	0	0	2.94858851465875e-20	0	NaN
0	0	0	0	1.65137281308302e-19	0	NaN
0	0	0	0	9.45357642722597e-21	0	NaN
0	0	0	0	7.87318597031585e-21	0	NaN
0	0	0	0	7.85715483174952e-21	0	NaN
0	0	0	0	1.65932747879327e-19	0	NaN
0	0	0	0	2.11069754533209e-20	0	NaN
0	0	0	0	1.48182074918728e-20	0	NaN
0	0.06875	0.0657040986282192	0.0657040986282192	0.0469188231913667	0	NaN
0	0	0	0	9.22667685388154e-21	0	NaN
0	0	0	0	7.05675356297353e-20	0	NaN
0	0	0	0	9.0624137551914e-21	0	NaN
0	0	0	0	7.30814853253345e-21	0	NaN
0	0	0	0	2.24758295983388e-20	0	NaN
0	0	0	0	1.87945321222415e-20	0	NaN
0	0	0	0	1.27596975525687e-20	0	NaN
0	0	0	0	1.10329768056978e-20	0	NaN
0	0	0	0	9.21081255009435e-21	0	NaN
0	0	0	0	1.33030879247325e-20	0	NaN
0	0	0	0	0.0106467582983021	0	NaN
0	0	0	0	1.90288608969949e-20	0	NaN
0	0	0	0	6.74482569980527e-21	0	NaN
0	0	0	0	1.00329044115031e-20	0	NaN
0	0	0	0	9.69292490096735e-21	0	NaN
0	0	0	0	9.47855734130194e-21	0	NaN
0	0	0	0	9.16078681923339e-21	0	NaN
0	0	0	0	1.40784773628976e-20	0	NaN
0	0	0	0	8.6856737123978e-21	0	NaN
0	0	0	0	7.97249361455285e-21	0	NaN
0	0	0	0	1.36446281796466e-20	0	NaN
0	0	0	0	9.2135216526574e-21	0	NaN
0	0	0	0	6.08216504920144e-21	0	NaN
0	0	0	0	1.97929176723403e-20	0	NaN
0	0	0	0	1.94913883330311e-20	0	NaN
0	0	0	0	1.07014763911376e-20	0	NaN
0	0	0	0	3.85913443418991e-20	0	NaN
0	0	0	0	1.30934663943397e-20	0	NaN
0	0	0	0	1.31569396805578e-20	0	NaN
0	0	0	0	4.73864606306004e-20	0	NaN
0	0	0	0	1.61823661807824e-20	0	NaN
0	0	0	0	7.45685218741471e-21	0	NaN
0	0	0	0	1.86452865928041e-20	0	NaN
0	0	0	0	9.63659050628452e-21	0	NaN
0	0	0	0	1.05122788167882e-20	0	NaN
0	0	0	0	1.59639698666261e-20	0	NaN
0	0	0	0	2.30695813067433e-19	0	NaN
0	0	0	0	1.01270918775177e-20	0	NaN
0	0	0	0	1.33409882122697e-20	0	NaN
0	0	0	0	1.58875735083361e-20	0	NaN
0	0	0	0	1.03631533859944e-20	0	NaN
0	0	0	0	9.2839188870676e-21	0	NaN
0	0	0	0	1.88608217846442e-20	0	NaN
0	0	0	0	3.06605620915213e-20	0	NaN
0	0	0	0	2.22738288618305e-19	0	NaN
0	0	0	0	2.27302147997798e-20	0	NaN
0	0	0	0	1.53345382457875e-20	0	NaN
0	0	0	0	6.28501497216885e-21	0	NaN
0	0	0	0	7.88090649020707e-21	0	NaN
0	0	0	0	3.45931441540102e-19	0	NaN
0	0	0	0	5.94345885609221e-21	0	NaN
0	0	0	0	8.34399040726379e-21	0	NaN
0	0	0	0	6.29450119804394e-21	0	NaN
0	0	0	0	6.64918455933932e-21	0	NaN
0	0	0	0	6.68970623417657e-21	0	NaN
0	0	0	0	2.401218036085e-20	0	NaN
0	0	0	0	3.89986586960167e-20	0	NaN
0	0	0	0	2.23105177163642e-20	0	NaN
0	0	0	0	7.10798527375209e-21	0	NaN
0	0	0	0	5.37021488829929e-20	0	NaN
0	0	0	0	5.97054185170336e-21	0	NaN
0	0	0	0	1.21176096434631e-20	0	NaN
0	0	0	0	1.01621066230651e-19	0	NaN
0	0	0	0	3.48335819973576e-20	0	NaN
0	0	0	0	1.18900485509541e-20	0	NaN
0	0	0	0	4.03643297723045e-18	0	NaN
0	0	0	0	6.57094174720495e-21	0	NaN
0	0	0	0	6.73602582350671e-20	0	NaN
0	0	0	0	7.11019701213362e-20	0	NaN
0	0	0	0	7.32198906113498e-21	0	NaN
0	0	0	0	1.07766806526621e-20	0	NaN
0	0	0	0	8.17336825869646e-21	0	NaN
0	0	0	0	1.33965872698951e-20	0	NaN
0	0	0	0	8.44996858641923e-21	0	NaN
0	0	0	0	6.08737084883158e-21	0	NaN
0	0	0	0	2.18661488822676e-20	0	NaN
0	0	0	0	1.02240320055646e-20	0	NaN
0	0	0	0	2.24907120939183e-20	0	NaN
0	0	0	0	6.51030672991525e-21	0	NaN
0	0	0	0	1.46762063637338e-20	0	NaN
0	0	0	0	9.89866696425609e-21	0	NaN
0	0	0	0	2.02130168352191e-20	0	NaN
0	0	0	0	8.07896073544601e-21	0	NaN
0	0	0	0	4.35691362221797e-17	0	NaN
0	0	0	0	8.89776692607072e-21	0	NaN
0	0	0	0	4.94930019558799e-20	0	NaN
0	0	0	0	1.06896246950923e-18	0	NaN
0	0	0	0	6.15385203872037e-21	0	NaN
0	0	0	0	7.05225064216363e-21	0	NaN
0	0	0	0	3.43730001755325e-20	0	NaN
0	0	0	0	4.64420164741066e-20	0	NaN
0	0	0	0	8.0623919274146e-20	0	NaN
0	0	0	0	6.55280075649625e-21	0	NaN
0	0	0	0	0.0122257592726682	0	NaN
0	0	0	0	5.73688494698171e-20	0	NaN
0	0	0	0	6.87653171532963e-21	0	NaN
0	0	0	0	6.12912894362385e-21	0	NaN
0	0	0	0	6.65969495189025e-21	0	NaN
0	0	0	0	1.392950805109e-20	0	NaN
0	0	0	0	5.04687424628672e-20	0	NaN
0	0	0	0	1.32704273092944e-20	0	NaN
0	0	0	0	6.50891155849085e-21	0	NaN
0	0	0	0	1.41394360660029e-20	0	NaN
0	0	0	0	1.24032809628432e-20	0	NaN
0	0	0	0	8.85453878279918e-21	0	NaN
0	0	0	0	1.15698794718882e-19	0	NaN
0	0	0	0	7.97853024702161e-21	0	NaN
0	0	0	0	5.96112512600241e-21	0	NaN
0	0	0	0	6.28941903903375e-20	0	NaN
0	0	0	0	1.25372030327503e-20	0	NaN
0	0	0	0	1.33100204432924e-20	0	NaN
0	0	0	0	8.37880685176169e-21	0	NaN
0	0	0	0	1.13776729953641e-20	0	NaN
0	0	0	0	1.65770565550021e-20	0	NaN
0	0	0	0	7.38271602011321e-20	0	NaN
0	0	0	0	8.8588555387125e-21	0	NaN
0	0	0	0	2.79725549379453e-20	0	NaN
0	0	0	0	2.830558962528e-20	0	NaN
0	0	0	0	0.0165556141121164	0	NaN
0	0	0	0	1.61171387763716e-20	0	NaN
0	0	0	0	1.24897978133263e-19	0	NaN
0	0	0	0	9.89775089321894e-21	0	NaN
0	0	0	0	8.25945728173066e-21	0	NaN
0	0	0	0	1.19924663430134e-20	0	NaN
0	0	0	0	1.43079026216574e-20	0	NaN
0	0	0	0	1.26921301526528e-20	0	NaN
0	0	0	0	3.05589114805682e-20	0	NaN
0	0	0	0	3.19720389330758e-20	0	NaN
0	0	0	0	7.37128862061826e-21	0	NaN
0	0	0	0	7.92579340438122e-21	0	NaN
0	0	0	0	2.76620021575204e-20	0	NaN
0	0	0	0	2.21382928804737e-20	0	NaN
0	0	0	0	1.06115439048647e-20	0	NaN
0	0	0	0	1.41821891327523e-20	0	NaN
0	0	0	0	1.10931284745103e-20	0	NaN
0	0	0	0	6.41431462609891e-21	0	NaN
0	0	0	0	1.23474069348545e-20	0	NaN
0	0	0	0	1.57617436281216e-20	0	NaN
0	0	0	0	6.86290249063433e-21	0	NaN
0	0	0	0	0.0217809260140549	0	NaN
0.181818181818182	0.13405847652375	0.13381480947678	0.13381480947678	0.141478187894601	0	NaN
0	0	0	0	7.18719931233392e-19	0	NaN
0	0	0	0	1.03340756241203e-20	0	NaN
0	0	0	0	1.03981745130522e-20	0	NaN
0	0	0	0	2.65536627054971e-20	0	NaN
0.109090909090909	0.0946426860496402	0.0964104475633978	0.0964104475633978	0.0764578839272922	0	NaN
0	0	0	0	1.46046617741917e-18	0	NaN
0	0	0	0	1.18533671550844e-20	0	NaN
0	0	0	0	5.71407694461542e-20	0	NaN
0.163636363636364	0.0755749318599701	0.0770456374808516	0.0770456374808516	0.0490356781957179	0	NaN
0	0	0	0	8.42855681277273e-21	0	NaN
0	0	0	0	1.25305895941849e-20	0	NaN
0	0	0	0	8.6349139665477e-21	0	NaN
0	0	0	0	6.29687085521054e-21	0	NaN
0	0	0	0	1.07943285802744e-20	0	NaN
0	0	0	0	6.80568574300184e-21	0	NaN
0	0	0	0	2.11331004043366e-19	0	NaN
0	0	0	0	9.51912017435543e-21	0	NaN
0	0	0	0	1.30451207472857e-20	0	NaN
0	0	0	0	1.98225478467496e-19	0	NaN
0	0	0	0	7.42092932326569e-21	0	NaN
0	0	0	0	8.51301731666646e-21	0	NaN
0	0	0	0	6.19573703525148e-21	0	NaN
0	0	0	0	7.81873964128957e-21	0	NaN
0	0	0	0	1.59104086257987e-20	0	NaN
0	0	0	0	1.35171451099516e-18	0	NaN
0	0	0	0	4.52223783857893e-17	0	NaN
0	0	0	0	8.3098993253175e-21	0	NaN
0	0	0	0	7.81073747394896e-21	0	NaN
0	0	0	0	1.0882433396765e-20	0	NaN
0	0	0	0	1.10259042592654e-20	0	NaN
0	0	0	0	0.032448289471221	0	NaN
0	0	0	0	7.25895833808481e-21	0	NaN
0	0	0	0	9.47050420318834e-21	0	NaN
0	0	0	0	1.81666621859776e-20	0	NaN
0	0	0	0	1.18785820865301e-20	0	NaN
0	0	0	0	6.08413056456355e-21	0	NaN
0	0	0	0	7.11768611197079e-21	0	NaN
0	0	0	0	1.68594244071332e-20	0	NaN
0	0	0	0	8.3648033176039e-21	0	NaN
0	0	0	0	9.79577003327907e-21	0	NaN
0	0	0	0	8.35782432088411e-21	0	NaN
0	0	0	0	6.94724337628679e-21	0	NaN
0	0	0	0	1.2400821186026e-20	0	NaN
0	0	0	0	1.69471693287174e-19	0	NaN
0	0	0	0	1.05166795988494e-20	0	NaN
0	0	0	0	7.01399920428378e-21	0	NaN
0	0	0	0	8.57361209162189e-21	0	NaN
0	0	0	0	1.90653644956429e-20	0	NaN
0	0	0	0	1.2769740160963e-20	0	NaN
0	0	0	0	8.95152556902405e-21	0	NaN
0	0	0	0	0.0061605218485175	0	NaN
0	0	0	0	1.88453491598062e-18	0	NaN
0	0	0	0	9.0898003318629e-20	0	NaN
0	0	0	0	6.37752303890232e-21	0	NaN
0	0	0	0	5.92036435437716e-20	0	NaN
0	0	0	0	9.46055784067469e-21	0	NaN
0	0	0	0	5.94181948944314e-21	0	NaN
0	0	0	0	2.01217227686778e-20	0	NaN
0	0	0	0	1.64643542077583e-20	0	NaN
0	0	0	0	6.40894295490805e-21	0	NaN
0	0	0	0	1.3460502450089e-20	0	NaN
0	0	0	0	8.26692911627859e-21	0	NaN
0	0	0	0	1.95075944453857e-20	0	NaN
0	0	0	0	7.90129620240204e-21	0	NaN
0	0	0	0	2.94210627008224e-19	0	NaN
0	0	0	0	1.80798784662586e-20	0	NaN
0	0	0	0	1.1495679859488e-20	0	NaN
0	0	0	0	1.50097911877465e-20	0	NaN
0	0	0	0	5.75913534794679e-21	0	NaN
0	0	0	0	5.05168464576673e-20	0	NaN
0	0	0	0	1.87089099986969e-20	0	NaN
0	0	0	0	4.34895970577245e-20	0	NaN
0	0	0	0	1.43697831629021e-20	0	NaN
0	0	0	0	8.20148000814938e-21	0	NaN
0	0	0	0	7.16372890653978e-21	0	NaN
0	0	0	0	7.64084600434228e-21	0	NaN
0	0	0	0	2.32877664017858e-19	0	NaN
0	0	0	0	1.33883600980612e-20	0	NaN
0	0	0	0	1.33830703616617e-20	0	NaN
0	0	0	0	1.47538928216703e-20	0	NaN
0	0	0	0	5.763175089342e-20	0	NaN
0	0	0	0	8.03512299468513e-21	0	NaN
0	0	0	0	9.03601757114269e-21	0	NaN
0	0	0	0	6.88081540639298e-18	0	NaN
0	0	0	0	6.59333138299651e-21	0	NaN
0	0	0	0	1.46652968502703e-20	0	NaN
0	0	0	0	5.83976011213218e-21	0	NaN
0	0	0	0	1.37867248271099e-19	0	NaN
0	0	0	0	9.88618304338776e-21	0	NaN
0	0	0	0	2.72776389198793e-20	0	NaN
0	0	0	0	1.54245705967245e-20	0	NaN
0	0	0	0	6.26653926125556e-21	0	NaN
0	0	0	0	2.75310488286014e-20	0	NaN
0	0	0	0	1.03649961024188e-20	0	NaN
0	0	0	0	1.50969927030424e-19	0	NaN
0.618181818181818	0.685372168213726	0.684326881122273	0.684326881122273	0.737189019194275	1	NaN
0	0	0	0	3.89229637580043e-20	0	NaN
0	0	0	0	7.42210329516767e-21	0	NaN
0	0	0	0	3.7601135950981e-20	0	NaN
0	0	0	0	5.52341808685054e-20	0	NaN
0	0	0	0	2.51769185431233e-19	0	NaN
0	0	0	0	2.49497537431295e-20	0	NaN
0	0	0	0	1.35838427690187e-20	0	NaN
0	0	0	0	8.8254421092243e-21	0	NaN
0	0	0	0	1.66880030566142e-20	0	NaN
0	0	0	0	1.74257553564144e-19	0	NaN
0	0	0	0	5.88423915875556e-21	0	NaN
0	0	0	0	1.70468164593595e-20	0	NaN
0	0	0	0	8.06682279040115e-21	0	NaN
0	0	0	0	1.78765690238966e-20	0	NaN
0	0	0	0	6.96779791632806e-21	0	NaN
0	0	0	0	9.82022351783586e-21	0	NaN
0	0	0	0	2.39936532633966e-20	0	NaN
0	0	0	0	0.0340982016582069	0	NaN
0	0	0	0	1.06987597528236e-20	0	NaN
0	0	0	0	4.71620682096612e-20	0	NaN
0	0	0	0	5.63695782406358e-21	0	NaN
0	0	0	0	2.71800524304984e-20	0	NaN
0	0	0	0	9.78312220147356e-21	0	NaN
0	0	0	0	7.1592199258447e-21	0	NaN
0	0	0	0	5.95143782194908e-21	0	NaN
0	0	0	0	7.0600135824015e-21	0	NaN
0	0	0	0	8.14668111330513e-21	0	NaN
0	0	0	0	5.98558613162167e-21	0	NaN
0	0	0	0	7.3559851537223e-21	0	NaN
0	0	0	0	7.37867465158779e-21	0	NaN
0	0	0	0	8.58287471040474e-21	0	NaN
0	0	0	0	1.40554981682777e-20	0	NaN
0	0	0	0	1.64019183932644e-20	0	NaN
0.0909090909090909	0.0946426860496402	0.0964104475633978	0.0964104475633978	0.0727593123981214	0	NaN
0	0	0	0	6.11530313686327e-21	0	NaN
0	0	0	0	1.29630657050526e-20	0	NaN
0	0	0	0	6.06920952823251e-21	0	NaN
0	0	0	0	4.53157790119491e-20	0	NaN
0	0	0	0	9.59883237068622e-21	0	NaN
0	0	0	0	1.54104257303658e-20	0	NaN
0	0	0	0	8.73801194103161e-21	0	NaN
0	0	0	0	2.51712715624459e-20	0	NaN
0	0	0	0	6.53397773271076e-21	0	NaN
0	0	0	0	1.23407567374367e-20	0	NaN
0	0	0	0	9.57335440051741e-21	0	NaN
0	0	0	0	1.57640471652378e-20	0	NaN
0	0	0	0	1.1198357289876e-20	0	NaN
0	0	0	0	5.74519654024433e-21	0	NaN
0	0	0	0	6.72271473676638e-21	0	NaN
0	0	0	0	1.15240224887276e-18	0	NaN
0	0	0	0	2.62980006554726e-20	0	NaN
0	0	0	0	5.82475907013158e-21	0	NaN
0	0	0	0	6.22132936161249e-21	0	NaN
0	0	0	0	2.04245110741746e-20	0	NaN
0.0909090909090909	0.0946426860496402	0.0964104475633978	0.0964104475633978	0.0614368862522335	0	NaN
0	0	0	0	1.22637403692428e-20	0	NaN
0	0	0	0	7.8103548022513e-21	0	NaN
0	0	0	0	7.76545700571453e-21	0	NaN
0	0	0	0	7.47108970458882e-21	0	NaN
0	0	0	0	8.84291456405985e-21	0	NaN
0	0	0	0	6.34097903352735e-20	0	NaN
0.254545454545455	0.23012856324612	0.230022268826758	0.230022268826758	0.219300491548181	0	NaN
0	0	0	0	2.65896080145034e-20	0	NaN
0	0	0	0	8.4875264604116e-21	0	NaN
0	0	0	0	2.76902330478695e-20	0	NaN
0	0	0	0	3.0611036337408e-20	0	NaN
0	0	0	0	3.42334277347573e-20	0	NaN
0	0	0	0	1.70971022014152e-19	0	NaN
0	0	0	0	1.00432433979296e-20	0	NaN
0	0	0	0	1.18756854600263e-20	0	NaN
0	0	0	0	9.00188912816353e-21	0	NaN
0	0	0	0	8.20439474511784e-21	0	NaN
0	0	0	0	1.14061296674749e-20	0	NaN
0	0	0	0	7.31887709954878e-21	0	NaN
0	0	0	0	1.18885649688922e-20	0	NaN
0	0	0	0	1.13046383108078e-20	0	NaN
0	0	0	0	1.35732357637803e-20	0	NaN
0	0	0	0	1.01865176893408e-20	0	NaN
0	0	0	0	1.70474484890811e-20	0	NaN
0	0	0	0	1.29007288983975e-20	0	NaN
0	0	0	0	8.18042430604947e-21	0	NaN
0	0.0873046875	0.092217391474207	0.0922173914742069	0.0438080388307694	0	NaN
0	0	0	0	5.92786790686546e-21	0	NaN
0	0	0	0	1.72487221451666e-20	0	NaN
0	0	0	0	5.94377584256499e-21	0	NaN
0	0	0	0	5.89891934658965e-21	0	NaN
0	0	0	0	7.09764536004435e-21	0	NaN
0	0	0	0	2.5103394633526e-20	0	NaN
0	0	0	0	2.21884282911646e-20	0	NaN
0	0	0	0	1.23684168784017e-20	0	NaN
0	0	0	0	7.63524974987523e-21	0	NaN
0	0	0	0	2.10026215907093e-20	0	NaN
0	0	0	0	6.98115988738159e-21	0	NaN
0	0	0	0	1.24073149360819e-20	0	NaN
0	0	0	0	1.50902767740194e-20	0	NaN
0.145454545454545	0.089669189453125	0.0846733314012763	0.0846733314012763	0.0409278743552647	0	NaN
0	0	0	0	0.0130082269252283	0	NaN
0	0	0	0	7.03872999847013e-21	0	NaN
0	0	0	0	2.51529022872062e-20	0	NaN
0.0727272727272728	0.0844992685401533	0.0856508500509685	0.0856508500509684	0.0758710963522483	0	NaN
0	0	0	0	6.2864529006047e-21	0	NaN
0	0	0	0	1.57166894838728e-20	0	NaN
0	0	0	0	6.28441654504773e-21	0	NaN
0	0	0	0	6.24232227133644e-21	0	NaN
0	0	0	0	6.02871725478837e-21	0	NaN
0	0	0	0	6.3397758857814e-21	0	NaN
0	0	0	0	2.46166869829824e-20	0	NaN
0	0	0	0	2.17407797654896e-20	0	NaN
0	0	0	0	2.53860062101105e-20	0	NaN
0	0	0	0	3.04938054355532e-20	0	NaN
0	0	0	0	1.13909155128717e-20	0	NaN
0	0	0	0	6.60767337944636e-21	0	NaN
0.181818181818182	0.0873046875	0.092217391474207	0.0922173914742069	0.0519075115449579	0	NaN
0	0	0	0	9.54376262276179e-21	0	NaN
0	0	0	0	6.36050850071344e-21	0	NaN
0	0	0	0	6.64407465697033e-21	0	NaN
0	0	0	0	1.00560881247435e-20	0	NaN
0	0	0	0	9.64330579260614e-21	0	NaN
0	0	0	0	1.75688013763383e-20	0	NaN
0	0	0	0	6.68339914509522e-20	0	NaN
0	0	0	0	5.12018763623956e-20	0	NaN
0	0	0	0	7.44373191648347e-21	0	NaN
0	0	0	0	1.05079568971694e-20	0	NaN
0	0	0	0	3.55561613432814e-20	0	NaN
0	0	0	0	9.72473135490805e-21	0	NaN
0	0	0	0	6.16750414124498e-21	0	NaN
0	0	0	0	3.34145458529763e-20	0	NaN
0	0	0	0	6.13212109545666e-21	0	NaN
0	0	0	0	7.1650026318803e-21	0	NaN
0	0	0	0	8.33388758747136e-21	0	NaN
0	0	0	0	2.54601595303499e-20	0	NaN
0	0	0	0	6.68905528622236e-21	0	NaN
0	0	0	0	3.9984616014627e-19	0	NaN
0	0	0	0	1.57472332606087e-20	0	NaN
0	0	0	0	8.78861806748572e-21	0	NaN
0	0	0	0	7.63192018928316e-21	0	NaN
0	0	0	0	1.70053509363296e-20	0	NaN
0	0	0	0	8.55924871600856e-21	0	NaN
0	0	0	0	1.4557100260105e-20	0	NaN
0	0	0	0	1.08450955043586e-20	0	NaN
0	0	0	0	2.22251177058051e-20	0	NaN
0	0	0	0	1.42063903978437e-20	0	NaN
0	0	0	0	0.000718081467610879	0	NaN
0	0	0	0	2.02523660187155e-20	0	NaN
0	0	0	0	1.50206465002294e-20	0	NaN
0	0	0	0	5.61630540324827e-21	0	NaN
0	0	0	0	1.40228586877363e-20	0	NaN
0	0	0	0	9.22124803653879e-21	0	NaN
0	0	0	0	4.68751256269699e-20	0	NaN
0	0	0	0	1.31704436608984e-20	0	NaN
0	0	0	0	7.10718852780972e-21	0	NaN
0	0	0	0	3.46063882230014e-20	0	NaN
0	0	0	0	1.63109827429888e-20	0	NaN
0	0	0	0	1.90683617102726e-20	0	NaN
0	0	0	0	2.9236602592329e-19	0	NaN
0	0	0	0	1.66494724948774e-20	0	NaN
0	0	0	0	3.15039231406511e-20	0	NaN
0	0	0	0	4.84938795992062e-20	0	NaN
0	0	0	0	7.52447920876124e-21	0	NaN
0	0	0	0	1.94869242745769e-20	0	NaN
0	0	0	0	2.44693281142839e-20	0	NaN
0	0	0	0	9.5778685545687e-21	0	NaN
0	0	0	0	0.0358710541865168	0	NaN
0	0	0	0	1.12199273112493e-20	0	NaN
0	0	0	0	6.36940393280705e-21	0	NaN
0	0	0	0	9.20865004350188e-21	0	NaN
0	0	0	0	2.2085275620999e-19	0	NaN
0.0545454545454546	0.11689672516363	0.116162739947494	0.116162739947494	0.110330505954668	0	NaN
0	0	0	0	1.77863643596813e-20	0	NaN
0	0	0	0	8.01938672965549e-21	0	NaN
0	0	0	0	7.24904975639586e-21	0	NaN
0	0	0	0	8.04849163936301e-21	0	NaN
0	0	0	0	1.13259829144054e-20	0	NaN
0	0	0	0	3.41237182796278e-20	0	NaN
0	0	0	0	1.77207990694721e-19	0	NaN
0	0	0	0	8.79765399834183e-21	0	NaN
0	0	0	0	8.96323375064166e-21	0	NaN
0	0	0	0	7.58132787343738e-21	0	NaN
0	0	0	0	6.35077569465397e-21	0	NaN
0	0	0	0	9.92515924178138e-21	0	NaN
0	0	0	0	2.96422698947836e-20	0	NaN
0	0	0	0	1.33713598194467e-20	0	NaN
0	0	0	0	7.50503287328043e-21	0	NaN
0	0	0	0	6.05938360686694e-21	0	NaN
0	0	0	0	9.30554115770246e-21	0	NaN
0	0	0	0	2.73029473806957e-20	0	NaN
0	0	0	0	7.28988076505178e-20	0	NaN
0	0	0	0	7.99900732821365e-21	0	NaN
0	0	0	0	9.2849555892067e-21	0	NaN
0	0	0	0	6.6033433853636e-21	0	NaN
0	0	0	0	2.49862286725839e-20	0	NaN
0	0	0	0	3.13808372781e-20	0	NaN
0	0	0	0	6.44387267585316e-21	0	NaN
0	0	0	0	6.78605420462726e-20	0	NaN
0	0	0	0	6.83867125844391e-21	0	NaN
0	0	0	0	1.00708237197798e-19	0	NaN
0	0	0	0	1.392572773735e-20	0	NaN
0	0	0	0	0.0207148346145533	0	NaN
0	0	0	0	7.88875949501869e-21	0	NaN
0	0	0	0	2.98866287861657e-20	0	NaN
0	0	0	0	1.29836912124299e-20	0	NaN
0	0	0	0	1.29544786452462e-20	0	NaN
0	0	0	0	7.04563740562598e-21	0	NaN
0	0	0	0	9.72489541727465e-21	0	NaN
0	0	0	0	5.88261118811639e-21	0	NaN
0	0	0	0	2.27324357768337e-20	0	NaN
0	0	0	0	7.8587135307553e-21	0	NaN
0	0	0	0	7.05229913720428e-21	0	NaN
0	0	0	0	6.32173984198577e-21	0	NaN
0	0	0	0	8.77754982369053e-21	0	NaN
0	0	0	0	7.35618907384731e-21	0	NaN
0	0	0	0	1.32015457272407e-20	0	NaN
0	0	0	0	9.8048500927458e-21	0	NaN
0	0	0	0	1.09666478581514e-20	0	NaN
0.109090909090909	0.117855644226074	0.115813975687593	0.115813975687593	0.0711023622733102	0	NaN
0	0	0	0	1.83785732075747e-20	0	NaN
0	0	0	0	1.06623606678707e-20	0	NaN
0	0	0	0	4.35207246419701e-20	0	NaN
0	0	0	0	2.48558996042658e-20	0	NaN
0	0	0	0	1.2867117751974e-19	0	NaN
0	0	0	0	1.64103368250845e-20	0	NaN
0	0	0	0	6.71483716042143e-21	0	NaN
0	0	0	0	8.40760749826731e-21	0	NaN
0	0	0	0	6.02501750058622e-21	0	NaN
0	0	0	0	6.43101601254734e-21	0	NaN
0	0	0	0	3.44715083284722e-20	0	NaN
0	0	0	0	1.63508037972721e-20	0	NaN
0	0	0	0	1.34424766918094e-20	0	NaN
0	0	0	0	6.31427540213088e-21	0	NaN
0	0	0	0	7.41100110995077e-21	0	NaN
0	0	0	0	5.66535758940722e-21	0	NaN
0	0	0	0	1.31427245755874e-19	0	NaN
0	0	0	0	7.09504960117336e-21	0	NaN
0	0	0	0	6.37133458296163e-21	0	NaN
0	0	0	0	7.15824558280949e-21	0	NaN
0	0	0	0	2.07847262151572e-20	0	NaN
0	0	0	0	6.18081818639083e-20	0	NaN
0	0	0	0	1.51844516674944e-20	0	NaN
0	0	0	0	2.68062146852963e-20	0	NaN
0	0	0	0	7.55110810168021e-21	0	NaN
0	0	0	0	3.33530678257739e-20	0	NaN
0	0	0	0	9.82048254872965e-21	0	NaN
0	0	0	0	4.51782791420307e-20	0	NaN
0	0	0	0	8.7226077778702e-20	0	NaN
0	0	0	0	1.08731393160681e-20	0	NaN
0	0	0	0	6.51153791627072e-21	0	NaN
0	0	0	0	2.95884700410348e-20	0	NaN
0	0	0	0	2.08483613313209e-20	0	NaN
0	0	0	0	7.38162346740019e-21	0	NaN
0	0	0	0	1.61008776151365e-19	0	NaN
0	0	0	0	6.01684317558086e-20	0	NaN
0	0	0	0	1.5366123443083e-19	0	NaN
0	0	0	0	1.24792242748668e-20	0	NaN
0	0	0	0	2.90580709288785e-20	0	NaN
0	0	0	0	6.83721548030217e-20	0	NaN
0	0	0	0	6.90742800230109e-20	0	NaN
0	0	0	0	0.00375888526765513	0	NaN
0	0	0	0	8.40995186785089e-21	0	NaN
0	0	0	0	1.45047947266962e-20	0	NaN
0	0	0	0	6.13826727356967e-21	0	NaN
0	0	0	0	8.67086846479225e-21	0	NaN
0	0	0	0	4.10933518277515e-20	0	NaN
0	0	0	0	1.30467834455584e-19	0	NaN
0	0	0	0	1.6554438447748e-20	0	NaN
0	0	0	0	1.28784233524703e-20	0	NaN
0	0	0	0	1.3897795809475e-20	0	NaN
0	0	0	0	5.94748845882224e-21	0	NaN
0	0	0	0	9.3898974356858e-18	0	NaN
0	0	0	0	2.49193918714104e-20	0	NaN
0	0	0	0	9.3498864474677e-21	0	NaN
0	0	0	0	1.22322988810676e-20	0	NaN
0	0	0	0	7.3008307419593e-21	0	NaN
0	0	0	0	1.07785996223893e-20	0	NaN
0	0	0	0	4.36830012277208e-20	0	NaN
0	0	0	0	5.14298426015034e-20	0	NaN
0	0	0	0	5.84226742854464e-21	0	NaN
0	0	0	0	1.2480938709071e-20	0	NaN
0	0	0	0	6.89221691645221e-21	0	NaN
0	0	0	0	7.62867548451443e-21	0	NaN
0	0	0	0	1.27072609746336e-19	0	NaN
0	0	0	0	2.10999054067133e-20	0	NaN
0	0	0	0	7.24591704019527e-21	0	NaN
0	0	0	0	6.0717710154025e-21	0	NaN
0	0	0	0	3.00462094591246e-20	0	NaN
0	0	0	0	5.54714121672529e-19	0	NaN
0	0	0	0	8.00504304360603e-21	0	NaN
0	0	0	0	7.39192917892963e-21	0	NaN
0	0	0	0	1.07175975306914e-20	0	NaN
0	0	0	0	1.68137843255565e-20	0	NaN
0	0	0	0	0.0320601505693579	0	NaN
0	0	0	0	2.75399037739956e-20	0	NaN
0	0	0	0	2.45782327083197e-20	0	NaN
0	0	0	0	9.94994926481848e-21	0	NaN
0	0	0	0	0.0219904101998623	0	NaN
0	0	0	0	5.61122854327419e-21	0	NaN
0	0	0	0	1.76551713135311e-20	0	NaN
0	0	0	0	1.76208135621848e-20	0	NaN
0	0	0	0	0.0227108447371013	0	NaN
0	0	0	0	1.5728639604607e-20	0	NaN
0	0	0	0	3.41384289895081e-19	0	NaN
0	0	0	0	1.58313512735291e-20	0	NaN
0	0	0	0	7.86935705034404e-21	0	NaN
0	0	0	0	6.42612391230921e-21	0	NaN
0	0	0	0	2.13395940478867e-20	0	NaN
0	0	0	0	0.0344757625339157	0	NaN
0	0	0	0	6.87459752014309e-21	0	NaN
0	0	0	0	5.70518870558621e-21	0	NaN
0	0	0	0	1.7407583729007e-20	0	NaN
0	0	0	0	6.04603012771098e-21	0	NaN
0.145454545454545	0.089669189453125	0.0846733314012763	0.0846733314012763	0.0623561256473139	0	NaN
0	0	0	0	6.91171861582029e-20	0	NaN
0	0	0	0	4.37187879935444e-20	0	NaN
0	0	0	0	1.52203604948819e-20	0	NaN
0	0	0	0	3.62194391903643e-20	0	NaN
0	0	0	0	1.33658025972534e-20	0	NaN
0	0	0	0	1.11319058648969e-20	0	NaN
0	0	0	0	2.68107240806885e-20	0	NaN
0	0	0	0	5.82024058906235e-20	0	NaN
0	0	0	0	1.20359125610091e-20	0	NaN
0	0	0	0	1.72398100296778e-20	0	NaN
0	0	0	0	6.85146244186603e-20	0	NaN
0	0	0	0	5.76772313687852e-20	0	NaN
0	0	0	0	9.54378929996048e-21	0	NaN
0	0	0	0	1.67832551746671e-20	0	NaN
0	0	0	0	7.58912446904381e-21	0	NaN
0	0	0	0	6.63773532633645e-21	0	NaN
0	0	0	0	1.20637061271783e-20	0	NaN
0	0	0	0	5.88717684698653e-21	0	NaN
0	0	0	0	9.09037338670934e-21	0	NaN
0	0	0	0	1.737401620599e-18	0	NaN
0	0	0	0	1.02631467384984e-20	0	NaN
0	0	0	0	2.50912739800479e-20	0	NaN
1	1	1	1	1	1	NaN
0	0	0	0	7.43148312037138e-21	0	NaN
0	0	0	0	3.50531440445813e-20	0	NaN
0	0	0	0	8.16131311570993e-21	0	NaN
0	0	0	0	1.34062809855847e-20	0	NaN
0	0	0	0	9.57229598452346e-21	0	NaN
0	0	0	0	7.36587169252952e-21	0	NaN
0	0	0	0	1.30927891821497e-20	0	NaN
0	0	0	0	5.99542790422766e-21	0	NaN
0	0	0	0	6.93803672511033e-21	0	NaN
0	0	0	0	7.49425554852381e-21	0	NaN
0	0	0	0	7.46327943827162e-21	0	NaN
0	0	0	0	7.9807886398883e-21	0	NaN
0	0	0	0	1.83321322722102e-20	0	NaN
0	0	0	0	8.88425800485174e-21	0	NaN
0	0	0	0	1.0494402496193e-20	0	NaN
0	0	0	0	9.42353373818827e-21	0	NaN
0	0	0	0	1.37385513253544e-20	0	NaN
0	0	0	0	1.90960267789597e-20	0	NaN
0	0	0	0	6.78661399612644e-21	0	NaN
0	0	0	0	3.85864461560584e-20	0	NaN
0	0	0	0	2.09691425375263e-20	0	NaN
0	0	0	0	1.90115269643736e-20	0	NaN
0	0	0	0	5.92772047776757e-20	0	NaN
0	0	0	0	0.00821878681934035	0	NaN
0	0	0	0	1.68278435010645e-20	0	NaN
0	0	0	0	8.1749574722067e-21	0	NaN
0	0	0	0	4.10505926783972e-20	0	NaN
0	0	0	0	5.13469435369314e-20	0	NaN
0	0	0	0	3.4094610360311e-20	0	NaN
0	0	0	0	9.14876032367442e-21	0	NaN
0	0	0	0	5.96370813455787e-21	0	NaN
0	0	0	0	8.27873488087806e-21	0	NaN
0	0	0	0	1.16589822817279e-20	0	NaN
0	0	0	0	2.6670213556858e-20	0	NaN
0	0	0	0	7.41383689470907e-21	0	NaN
0	0	0	0	0.00508655662251205	0	NaN
0	0	0	0	2.1731850657262e-20	0	NaN
0	0	0	0	1.10735961815097e-20	0	NaN
0	0	0	0	8.52567166802052e-21	0	NaN
0	0	0	0	4.65571464846159e-20	0	NaN
0	0	0	0	1.24259616142998e-20	0	NaN
0	0	0	0	8.55353738804604e-21	0	NaN
0	0	0	0	0.0181618928609826	0	NaN
0	0	0	0	1.14232335967055e-20	0	NaN
0	0	0	0	2.10899249773907e-20	0	NaN
0	0	0	0	1.00487459062834e-20	0	NaN
0	0	0	0	1.76163807331405e-20	0	NaN
0	0	0	0	7.59878372774156e-21	0	NaN
0	0	0	0	1.09509368015893e-20	0	NaN
0	0	0	0	7.39399980565745e-21	0	NaN
0	0	0	0	3.90329928910545e-20	0	NaN
0	0	0	0	7.59404298742921e-21	0	NaN
0	0	0	0	2.3822606943722e-20	0	NaN
0	0	0	0	7.11173130597984e-21	0	NaN
0	0	0	0	1.46159451699808e-20	0	NaN
0	0	0	0	2.15100437135695e-20	0	NaN
0	0	0	0	8.07059010037911e-21	0	NaN
0	0	0	0	2.2654904873653e-20	0	NaN
0	0	0	0	8.67300012339877e-21	0	NaN
0	0	0	0	7.76987730448152e-21	0	NaN
0	0	0	0	6.29590668051726e-21	0	NaN
0	0	0	0	1.24472936259229e-20	0	NaN
0	0	0	0	3.33591160543781e-20	0	NaN
0	0	0	0	1.38730741644488e-20	0	NaN
0	0	0	0	1.62153872121293e-20	0	NaN
0	0	0	0	1.05661217976047e-20	0	NaN
0	0	0	0	1.69766910486324e-20	0	NaN
0	0	0	0	1.00133667784353e-19	0	NaN
0	0	0	0	7.75962476578511e-21	0	NaN
0	0	0	0	2.61772896913728e-20	0	NaN
0	0	0	0	3.84537142592412e-20	0	NaN
0	0	0	0	2.19378907711754e-20	0	NaN
0	0	0	0	8.45109402648136e-21	0	NaN
0	0	0	0	7.70836179598989e-21	0	NaN
0	0	0	0	0.000462208202057982	0	NaN
0	0	0	0	9.55998334886611e-21	0	NaN
0	0	0	0	2.98595493041241e-20	0	NaN
0	0	0	0	2.61502478720025e-20	0	NaN
0	0	0	0	3.44253416839561e-16	0	NaN
0	0	0	0	6.0019584723404e-21	0	NaN
0	0	0	0	6.41063805295404e-21	0	NaN
0	0	0	0	0.0114935145328912	0	NaN
0	0	0	0	8.77864214360637e-21	0	NaN
0	0	0	0	7.66734416576618e-21	0	NaN
0	0	0	0	9.36238222645295e-21	0	NaN
0	0	0	0	0.0397865752533178	0	NaN
0	0	0	0	7.9453959337667e-21	0	NaN
0	0	0	0	2.7514705154765e-19	0	NaN
0	0	0	0	1.12777245732983e-20	0	NaN
0	0	0	0	1.25821984995309e-19	0	NaN
0	0	0	0	1.68756765253794e-20	0	NaN
0	0	0	0	1.59862522241592e-20	0	NaN
0	0.06875	0.0657040986282192	0.0657040986282192	0.0514468877690156	0	NaN
0	0	0	0	8.13234517620882e-21	0	NaN
0	0	0	0	1.10186702117738e-20	0	NaN
0	0	0	0	6.53962849326001e-21	0	NaN
0	0	0	0	1.38891808654493e-20	0	NaN
0	0	0	0	3.51874267310708e-20	0	NaN
0	0	0	0	8.45753938394031e-21	0	NaN
0	0	0	0	1.15030630599242e-20	0	NaN
0.0545454545454546	0.11689672516363	0.116162739947494	0.116162739947494	0.0625691634336562	0	NaN
0	0	0	0	7.35467293686067e-20	0	NaN
0	0	0	0	7.4878267996098e-21	0	NaN
0	0	0	0	7.20551989974032e-21	0	NaN
0	0	0	0	3.71008904188291e-20	0	NaN
0	0	0	0	0.0266267022644016	0	NaN
0	0	0	0	1.18100319588137e-20	0	NaN
0	0	0	0	8.4490266594396e-21	0	NaN
0	0	0	0	6.82535680163057e-21	0	NaN
0	0	0	0	3.89789441641764e-20	0	NaN
0.181818181818182	0.089669189453125	0.0846733314012763	0.0846733314012763	0.0558120373327319	0	NaN
0	0	0	0	7.70587598101802e-21	0	NaN
0	0	0	0	1.06521072658615e-20	0	NaN
0	0	0	0	2.6924358992357e-20	0	NaN
0	0	0	0	1.2926724146866e-20	0	NaN
0	0	0	0	1.12791140399802e-20	0	NaN
0	0	0	0	9.71616521544417e-20	0	NaN
0	0	0	0	1.16448342563048e-20	0	NaN
0	0	0	0	1.4265502025811e-20	0	NaN
0	0	0	0	6.26462513168837e-21	0	NaN
0	0	0	0	4.46146052418966e-20	0	NaN
0	0	0	0	1.76562731726027e-20	0	NaN
0	0	0	0	6.58806922785391e-21	0	NaN
0	0	0	0	7.11191474264637e-21	0	NaN
0	0	0	0	7.0043413372851e-21	0	NaN
0	0	0	0	8.77600916820336e-21	0	NaN
0	0	0	0	6.34296482491373e-21	0	NaN
0	0	0	0	2.4706542479674e-20	0	NaN
0	0	0	0	1.34303097365689e-20	0	NaN
0	0	0	0	5.87005452524571e-21	0	NaN
0	0	0	0	0.0276807725163411	0	NaN
0	0	0	0	1.62446681535403e-20	0	NaN
0	0	0	0	7.56359183580586e-21	0	NaN
0	0	0	0	1.32835091349533e-20	0	NaN
0	0	0	0	2.06581419181747e-20	0	NaN
0	0	0	0	1.16549069569641e-20	0	NaN
0	0	0	0	6.30360370284362e-21	0	NaN
0	0	0	0	1.16426372378437e-20	0	NaN
0	0	0	0	6.18216847836515e-21	0	NaN
0	0	0	0	8.92042218453651e-21	0	NaN
0	0	0	0	6.57929050729497e-21	0	NaN
0	0	0	0	9.27962317993452e-18	0	NaN
0	0	0	0	2.72294136332785e-20	0	NaN
0	0	0	0	1.68436838902358e-20	0	NaN
0	0	0	0	7.32396140389881e-21	0	NaN
0	0	0	0	9.24401044421894e-21	0	NaN
0	0	0	0	3.7349018293235e-20	0	NaN
0	0	0	0	7.83307985208831e-21	0	NaN
0	0	0	0	7.81635260378162e-21	0	NaN
0	0	0	0	8.61915750805715e-21	0	NaN
0	0	0	0	6.57447204367575e-21	0	NaN
0	0	0	0	8.1601855569255e-20	0	NaN
0	0	0	0	6.44526856257908e-21	0	NaN
0	0	0	0	9.25120993236045e-21	0	NaN
0	0	0	0	7.84809272625851e-21	0	NaN
0.218181818181818	0.356908544152378	0.288737358456249	0.288737358456249	0.353255197292637	0	NaN
0	0	0	0	9.63397309572841e-21	0	NaN
0	0	0	0	1.05888973090168e-20	0	NaN
0	0	0	0	2.64580545721702e-20	0	NaN
0	0	0	0	7.85474650516674e-21	0	NaN
0	0	0	0	1.7258146121658e-20	0	NaN
0	0	0	0	0.0196914174674476	0	NaN
0	0	0	0	5.96445731375485e-21	0	NaN
0	0	0	0	7.09633963337243e-21	0	NaN
0	0	0	0	6.03474667697618e-21	0	NaN
0	0	0	0	7.52822604747993e-21	0	NaN
0	0	0	0	1.20287532362917e-20	0	NaN
0	0	0	0	7.00057401486923e-21	0	NaN
0	0	0	0	1.57947450331874e-20	0	NaN
0	0	0	0	1.11561120443559e-20	0	NaN
0	0	0	0	1.30395150802688e-19	0	NaN
0	0	0	0	1.30387709716708e-20	0	NaN
0	0	0	0	6.21972073714569e-21	0	NaN
0	0	0	0	6.30808321637596e-21	0	NaN
0	0	0	0	1.42670049710058e-20	0	NaN
0.0363636363636364	0.13405847652375	0.13381480947678	0.13381480947678	0.0763823076139644	0	NaN
0	0	0	0	1.81249023396251e-20	0	NaN
0	0	0	0	7.14254237618806e-21	0	NaN
0	0	0	0	9.73371350746717e-18	0	NaN
0	0	0	0	1.02241981710141e-20	0	NaN
0	0	0	0	1.09950530814844e-20	0	NaN
0.127272727272727	0.0844992685401533	0.0856508500509685	0.0856508500509684	0.0435104892575449	0	NaN
0	0	0	0	6.23079899707069e-21	0	NaN
0	0	0	0	1.80757517276824e-20	0	NaN
0	0	0	0	1.78471348136957e-20	0	NaN
0	0	0	0	6.06505223520931e-21	0	NaN
0	0	0	0	3.1628130179377e-20	0	NaN
0	0	0	0	8.10387985686653e-21	0	NaN
0	0	0	0	2.44984229887864e-19	0	NaN
0	0	0	0	6.94757551861657e-21	0	NaN
0	0	0	0	1.39464647022411e-20	0	NaN
0	0	0	0	2.69924184156272e-20	0	NaN
0	0	0	0	9.68039173085849e-21	0	NaN
0	0	0	0	8.41793965541267e-21	0	NaN
0	0	0	0	2.36519318461829e-20	0	NaN
0	0	0	0	9.00566314096717e-21	0	NaN
0	0	0	0	6.31072359036918e-21	0	NaN
0	0	0	0	8.99931188581834e-21	0	NaN
0	0	0	0	8.12794946692899e-21	0	NaN
0	0	0	0	3.53306354975986e-20	0	NaN
0	0	0	0	6.94115570364249e-21	0	NaN
0.145454545454545	0.0858036313861501	0.0872725327176873	0.0872725327176874	0.107808170564998	0	NaN
0	0	0	0	1.48541976528216e-20	0	NaN
0	0	0	0	7.84218869555081e-21	0	NaN
0	0	0	0	7.38713696994742e-21	0	NaN
0	0	0	0	1.56446177497027e-20	0	NaN
0	0	0	0	6.64395977209886e-21	0	NaN
0	0	0	0	1.59646576469134e-20	0	NaN
0	0	0	0	9.02702672650662e-21	0	NaN
0	0	0	0	5.55346931882312e-21	0	NaN
0	0	0	0	6.33676277629425e-21	0	NaN
0	0	0	0	1.93662100175423e-20	0	NaN
0	0	0	0	0.0107085596926667	0	NaN
0	0	0	0	9.53668005446599e-21	0	NaN
0	0	0	0	3.6642510248752e-20	0	NaN
0	0	0	0	4.90372175192037e-20	0	NaN
0	0	0	0	5.64907303311454e-20	0	NaN
0	0	0	0	7.02918229077904e-20	0	NaN
0	0	0	0	1.72635698638724e-20	0	NaN
0	0	0	0	7.20189807826668e-21	0	NaN
0	0	0	0	6.03369592157737e-21	0	NaN
0	0	0	0	6.17013814802767e-21	0	NaN
0	0	0	0	5.32268462778594e-20	0	NaN
0	0	0	0	3.02122414369691e-20	0	NaN
0.236363636363636	0.11689672516363	0.181866838575714	0.181866838575714	0.180640482307546	0	NaN
0	0	0	0	2.5626154079671e-20	0	NaN
0	0	0	0	3.98541120560515e-20	0	NaN
0	0	0	0	1.19494076422407e-20	0	NaN
0	0	0	0	9.18728506424523e-21	0	NaN
0.0727272727272728	0.0844992685401533	0.0856508500509685	0.0856508500509684	0.0956403672536275	0	NaN
0	0	0	0	7.75203097495125e-20	0	NaN
0	0	0	0	1.46984298014308e-20	0	NaN
0	0	0	0	9.11903667201179e-21	0	NaN
0	0	0	0	1.66498324225565e-19	0	NaN
0	0	0	0	9.32963342473211e-21	0	NaN
0	0	0	0	9.79771823658101e-21	0	NaN
0	0	0	0	8.21198075420953e-21	0	NaN
0	0	0	0	1.05259029753141e-20	0	NaN
0	0	0	0	1.37443096773106e-20	0	NaN
0	0	0	0	4.09658957362793e-20	0	NaN
0	0	0	0	1.71365950158331e-20	0	NaN
0	0	0	0	1.02729437105685e-20	0	NaN
0	0	0	0	1.2569280707418e-20	0	NaN
0	0	0	0	7.58915757439393e-21	0	NaN
0	0	0	0	5.13100548627956e-20	0	NaN
0	0	0	0	2.23144205230171e-20	0	NaN
0	0	0	0	1.00613143286373e-20	0	NaN
0	0	0	0	1.49459954745344e-20	0	NaN
0	0	0	0	2.52427061490058e-20	0	NaN
0	0	0	0	3.04540448906409e-20	0	NaN
0	0	0	0	1.07303354478459e-20	0	NaN
0	0	0	0	7.04816530103372e-21	0	NaN
0	0	0	0	6.21347338357054e-21	0	NaN
0	0	0	0	5.65854832785333e-21	0	NaN
0	0	0	0	1.69970642751419e-20	0	NaN
0	0	0	0	6.36653981747571e-21	0	NaN
0	0	0	0	2.44274991869608e-19	0	NaN
0	0	0	0	9.90310908056371e-21	0	NaN
0	0	0	0	9.1162608327138e-21	0	NaN
0	0	0	0	1.1848925935608e-20	0	NaN
0	0	0	0	1.51077283330774e-20	0	NaN
0	0	0	0	6.36803976476892e-21	0	NaN
0	0	0	0	3.65315591725466e-20	0	NaN
0	0	0	0	7.95146897418091e-21	0	NaN
0	0	0	0	1.0428820771268e-20	0	NaN
0	0	0	0	1.2904576516819e-20	0	NaN
0	0	0	0	1.07473643113457e-20	0	NaN
0	0	0	0	1.76710346911801e-20	0	NaN
0	0	0	0	7.99860397247718e-20	0	NaN
0	0	0	0	1.51204807074523e-20	0	NaN
0	0	0	0	1.3604923017463e-20	0	NaN
0	0	0	0	8.59544539271887e-21	0	NaN
0	0	0	0	6.64727144252963e-21	0	NaN
0	0	0	0	2.65592560779382e-20	0	NaN
0	0	0	0	3.03155270579874e-20	0	NaN
0	0	0	0	6.00094900581524e-21	0	NaN
0	0	0	0	4.50100237516774e-20	0	NaN
0	0	0	0	1.88168067643695e-20	0	NaN
0	0	0	0	6.80391913301351e-21	0	NaN
0	0	0	0	8.25385548208291e-21	0	NaN
0	0	0	0	1.04845560876916e-19	0	NaN
0	0	0	0	8.36469632939185e-21	0	NaN
0	0	0	0	3.44680441517581e-20	0	NaN
0	0	0	0	1.03032288387704e-20	0	NaN
0	0	0	0	6.76794110567335e-21	0	NaN
0	0	0	0	9.12592046148786e-21	0	NaN
0	0	0	0	2.3476019070359e-20	0	NaN
0	0	0	0	3.5125813718343e-20	0	NaN
0	0	0	0	9.56093019206462e-21	0	NaN
0	0	0	0	4.71409085905876e-20	0	NaN
0	0	0	0	6.45146007427838e-21	0	NaN
0	0	0	0	1.2274839415904e-20	0	NaN
0	0	0	0	6.83895805945734e-21	0	NaN
0	0	0	0	4.48204626275403e-20	0	NaN
0	0	0	0	7.59566676979966e-21	0	NaN
0	0	0	0	2.75528833267811e-20	0	NaN
0.290909090909091	0.29693809588372	0.303077838431839	0.303077838431839	0.316581751132542	0	NaN
0	0	0	0	1.11211630811579e-20	0	NaN
0	0	0	0	6.30461352088637e-21	0	NaN
0	0	0	0	6.50511903582132e-21	0	NaN
0	0	0	0	1.11504086816743e-20	0	NaN
0	0	0	0	1.3137648316005e-20	0	NaN
0	0	0	0	6.28691649724066e-21	0	NaN
0.109090909090909	0.117855644226074	0.115813975687593	0.115813975687593	0.0467875233694643	0	NaN
0	0	0	0	3.1573251253028e-20	0	NaN
0	0	0	0	5.87489409093562e-21	0	NaN
0	0	0	0	1.1307346364341e-20	0	NaN
0	0	0	0	9.13466920587093e-19	0	NaN
0	0	0	0	7.05954672097432e-21	0	NaN
0	0	0	0	6.02479443695046e-21	0	NaN
0	0	0	0	2.89110999010407e-19	0	NaN
0	0	0	0	1.55366060617161e-20	0	NaN
0	0	0	0	1.79841707984596e-20	0	NaN
0	0	0	0	8.61159786411454e-21	0	NaN
0	0	0	0	9.23866262948827e-21	0	NaN
0	0	0	0	1.15196051077881e-20	0	NaN
0	0	0	0	5.76149478283616e-21	0	NaN
0	0	0	0	8.98607168573304e-21	0	NaN
0	0	0	0	1.57582997215151e-20	0	NaN
0	0	0	0	9.55874694095435e-21	0	NaN
0	0	0	0	1.0395176545426e-20	0	NaN
0	0	0	0	2.69437731447306e-20	0	NaN
0	0	0	0	7.1821681957297e-21	0	NaN
0	0	0	0	9.5388568155542e-21	0	NaN
0	0	0	0	2.36461493103753e-20	0	NaN
0.163636363636364	0.0755749318599701	0.0770456374808516	0.0770456374808516	0.0662768469102322	0	NaN
0	0	0	0	1.81264735781153e-20	0	NaN
0	0	0	0	1.95715872972579e-20	0	NaN
0	0	0	0	1.61335482570708e-20	0	NaN
0	0	0	0	6.59425592591735e-19	0	NaN
0	0	0	0	1.28434538307713e-20	0	NaN
0	0	0	0	6.87983098975918e-21	0	NaN
0	0	0	0	1.42910068781749e-20	0	NaN
0	0	0	0	1.5354578239101e-20	0	NaN
0	0	0	0	3.49751270804436e-20	0	NaN
0	0	0	0	1.43693788838205e-20	0	NaN
0	0	0	0	1.16639261696143e-19	0	NaN
