FW_Default	FW_LBM	FW_QBM	FW_NM	Direct	interior-point-convex	active-set
0	0.00015801085462764	0.0142031495360583	0.0142031495360586	3.47159556348686e-15	-6.25425979506298e-19	1.56842271430798e-10
0	0	0	0	3.47159556357198e-15	1.74452171234423e-17	3.94569794234921e-10
0	0	0	0	3.47159556311083e-15	1.15080943534459e-15	-3.95095170522414e-10
1.998001998002e-06	0.000113835776989805	0.0103347184848085	0.0103347184848087	5.39639855494455e-15	2.62501737107711e-17	7.77065907019817e-10
0	0	0	0	3.71804441842771e-15	8.92151948449336e-18	1.61259311107769e-09
0	0	0	0	2.93861510043743e-15	-2.59262291942451e-18	-7.73973275673679e-10
0.00465534465534466	0.00356350398712855	0.00854601613326347	0.00854601613326357	0.00399174075577841	0.00398251840757174	1.46066412388832e-09
0	0	0	0	7.09817956087265e-15	1.38749446967738e-19	3.00892978205785e-09
0	0	0	0	2.0197807228939e-15	-4.34230109646926e-19	-4.42257844647606e-10
0.0184095904095904	0.0169139968421575	0.0180258032085923	0.0180258032085922	0.0180889419121882	0.0181496159957005	1.27378709253567e-09
0	0	0	0	0.00197881791943127	0.000920206295038439	3.1774659244309e-09
0	0.00015801085462764	0.0142031495360583	0.0142031495360586	2.11853462322987e-15	2.36129463091145e-19	1.00994951838277e-09
0.0452127872127872	0.043744406452961	0.0430880759660068	0.0430880759660068	0.0460458252921637	0.0463479076637427	-7.17635862407878e-10
0.0752847152847154	0.0723762258542951	0.0723338562079551	0.0723338562079553	0.0747370749013946	0.0783849061580547	5.80175060481398e-10
0	0	0	0	1.24019885958016e-15	5.73403223450418e-18	2.86840200597393e-09
0.0825294705294706	0.0810095064323469	0.0811516206591265	0.0811516206591265	0.0831413209824408	0.0834253095089041	-3.2207830766408e-09
0.147754245754246	0.143503891002245	0.145283884826501	0.145283884826501	0.147665545529915	0.15130064055102	-3.06478364110487e-09
0	0	0	0	1.65507794609392e-15	2.58778433920323e-18	1.0373037436126e-09
0.0364755244755245	0.0382525940666981	0.0349487750796475	0.0349487750796475	0.0362072448297313	0.0362164604718416	6.44312380379032e-10
0.0245774225774226	0.0153502391640974	0.0256293762284415	0.0256293762284415	0.0290626865586228	0.0278282017104017	2.04839058500935e-09
0	0	0	0	8.60959707696073e-16	2.84966707987134e-19	-1.00579271124315e-08
0	0	0	0	1.19572676831508e-15	6.40386931851659e-19	1.42181652332868e-08
0	0	0	0	4.4148982197409e-15	3.88249965547236e-19	2.64031897345634e-08
0	0	0	0	1.64984169193744e-15	6.52258853985847e-19	-1.90743163861067e-08
0	0	0	0	3.4712283844916e-15	-2.6802229441689e-19	2.72324773845483e-08
0	0	0	0	3.46287426868844e-15	-2.65897182270935e-19	4.98167733376767e-08
0	0	0	0	3.46303375822811e-15	-8.19203664851897e-19	-8.91954708385034e-09
0	0	0	0	3.3756050145876e-15	3.49180793069485e-19	2.93508930354696e-08
0	0	0	0	3.42445748600014e-15	-3.13625166395268e-20	5.19864092217544e-08
0	0	0	0	3.44957480877311e-15	4.77651291760734e-19	3.39957107582854e-09
0	0	0	0	3.43234981249537e-15	5.24395699945769e-20	2.40448067784878e-08
0.00174225774225774	0	0.00107738787316463	0.00107738787316463	0.000830785782868732	3.49468084005482e-19	4.36509237822597e-08
0	0	0	0	3.46303375826047e-15	-4.77274203180255e-19	5.96959694918475e-09
0	0	0	0	3.47159556323599e-15	3.62162776285652e-20	1.93955667871289e-08
0	0	0.000700581888156064	0.000700581888156006	0.000904302537130013	-7.69866481833441e-18	3.67314061145132e-08
0	0	0	0	3.47159556333722e-15	-6.44226756275769e-19	2.73511667732774e-09
0	0	0	0	3.5083244213344e-15	1.24431226276155e-19	2.0241095678351e-08
0	0	0	0	3.4510229208178e-15	4.88936386251363e-19	3.86333827326422e-08
0	0	0	0	3.45458085882078e-15	-5.5040765739093e-19	-5.34526203557746e-09
0.00182417582417582	0	0.000646784957550824	0.000646784957550807	0.000170854312074479	-1.49202634939896e-18	3.2535766154876e-08
0	0	0	0	3.47159556342855e-15	7.32188281854505e-19	5.85661342234183e-08
0	0	0	0	3.46220073766348e-15	1.67366518027266e-18	-2.05673975703804e-08
0	0	0	0	3.50832442133223e-15	-3.08468901479663e-19	6.35856806706354e-08
0	0	0	0	3.47159556342617e-15	7.56509477646466e-19	1.05971632914532e-07
0	0	0	0	3.4643857112008e-15	-9.62528401573346e-19	-4.26884333021026e-08
0	0	0	0	3.45014690343462e-15	1.88136851119422e-20	1.13779134134515e-07
0	0	0	0	3.4715955634241e-15	6.58966792617793e-19	1.80741366140297e-07
0	0	0	0	3.46220073766403e-15	-1.19566606562667e-18	-5.12032922953354e-08
0	0	0	0	3.47159556323503e-15	-8.82230906967917e-19	1.4209292777594e-07
0	0	0	0	3.47159556342617e-15	8.665084317732e-19	2.35453879193504e-07
0	0	0	0	3.4715955633358e-15	-9.45861860348853e-19	7.54053376189621e-09
0	0	0	0	3.58267187726258e-15	-2.08117681400572e-19	9.74332747189208e-08
0	0	0	0	3.47159556342764e-15	-9.80976930425137e-19	1.54508715893318e-07
0	0	0	0	3.43792074427368e-15	7.07934632210625e-19	6.97627160825271e-08
0	0	0	0	3.47159556303096e-15	4.35858297089103e-19	2.98301605120344e-08
0	0	0	0	3.47159556343274e-15	1.80928660927454e-18	5.12695631557029e-08
0.00193006993006993	0	0.00109067804392019	0.00109067804392022	0.000894087225035704	4.0327678372161e-18	5.77392455165568e-08
0	9.04157615710307e-05	0.00828337787167054	0.00828337787167077	3.54252811616153e-15	-4.70171143042888e-18	8.28874038909256e-10
0	0	0	0	3.51320701148058e-15	3.15646549218989e-18	9.20921329468772e-10
0	0	0	0	3.43095829222827e-15	-2.87015243775718e-19	-1.7034836842185e-09
2.7972027972028e-05	0.00382889386336332	0.00627876742797835	0.00627876742797851	4.58770855414788e-14	1.32618544589753e-19	3.27844742992485e-09
0	0	0	0	3.75021549401853e-15	4.73620684248263e-18	3.36215541422749e-09
0	0	0	0	1.00079388799375e-14	-5.53335733604147e-18	-3.01770990323349e-09
0.0115084915084915	0.0155301947683391	0.0148564649590215	0.0148564649590216	0.0113310433206137	0.0118271585129354	6.33770734767418e-09
0	0	0	0	3.9781139507799e-15	1.63473925355861e-18	6.86048886668534e-09
0	0	0	0	1.56787809416516e-15	1.59241140755773e-18	-2.70767749032627e-09
0.0346433566433566	0.0360663203261058	0.0332025169268509	0.0332025169268509	0.0337266330580906	0.0340574350505751	7.80340732517575e-09
0	0	0	0	3.83635152450414e-15	1.67959488064322e-17	1.04967548691077e-08
0	0	0	0	8.98150740311761e-16	-1.97686456384683e-18	3.33299691565248e-10
0.0912527472527473	0.0932828055829019	0.0888128392571132	0.0888128392571131	0.0914541534526149	0.0928865490783769	4.97629628942453e-09
0	0	0	0	2.34124353282021e-15	9.59766116291545e-18	1.25168294379473e-08
0	0	0	0	5.27962602341414e-16	1.88620972152287e-18	5.41764520228912e-09
0.199784215784216	0.201648007806059	0.196355982049321	0.196355982049321	0.198901925979696	0.200301752554976	-1.2667268826736e-09
0	0	0	0	1.82307640222734e-15	-1.05917724781782e-17	9.8995026213319e-09
0	0	0	0	4.02471533320693e-16	8.38050616694342e-19	4.57427067496689e-09
0.0693506493506494	0.0706800179725255	0.0674001905652723	0.0674001905652723	0.0692806015142369	0.0694665414473059	4.25104452169675e-09
0	0	0	0	2.77963979806189e-15	9.6695246957421e-19	3.99067568824172e-09
1	1	1	1	1	1	-2.38807644009577e-08
0	0	0	0	1.41144726939753e-16	2.85062868958296e-19	4.89438636177009e-08
0	0	0	0	3.41072294972117e-15	2.05977572754252e-17	4.11600404200345e-08
0	0	0	0	5.01058370610611e-16	2.72675666147796e-18	-3.45631325837761e-08
0	0	0	0	3.57128891758556e-15	-3.1403460788555e-18	9.21360348844077e-08
0	0	0	0	3.44916622907169e-15	3.73278144151856e-19	7.76327076460011e-08
0	0	0	0	3.41853782760362e-15	4.40183059370483e-18	-2.07849210137934e-08
0	0	0	0	3.46573001022286e-15	-3.78742562779927e-19	9.27265759306411e-08
0	0	0.000474064966658919	0.000474064966658896	0.000986447030859923	7.03505438274825e-17	6.8755344490705e-08
0	0	0.00072380233308252	0.000723802333082459	0.00096836433829873	-1.1660771449998e-17	1.1358306435203e-08
0	0	0	0	3.47619623603436e-15	2.54037774348518e-19	7.83103312386308e-08
0	0	0	0	3.4176239602118e-15	2.0164425218008e-18	6.04457453324184e-08
0	0	0	0	3.44357692784905e-15	-3.40700487599779e-19	1.44395837758007e-08
0	0	0	0	3.58239170452375e-15	-1.27475950403297e-18	6.75661017230681e-08
0	0	0	0	3.43817877440867e-15	2.62511166348709e-19	5.62660062440975e-08
0	0	0	0	3.47159556331435e-15	5.1929157090314e-19	5.70411529203003e-09
0	0	0	0	3.49599375064158e-15	3.2048201744486e-18	7.0252595071525e-08
0	0	0	0	3.46014887121825e-15	-1.86151599229336e-18	5.74687446990473e-08
0	0	0	0	3.46812964873683e-15	-2.79300385287552e-18	-1.35761878126802e-08
0	0	0	0	3.62266915792905e-15	-1.47090698991549e-18	1.00527315774847e-07
0	0	0	0	3.45579041839312e-15	-1.55702788695609e-18	6.87360010998923e-08
0	0	0	0	3.4396685149766e-15	1.95970644234247e-18	-5.03203077341455e-08
0	0	0	0	3.49035315183295e-15	-1.92409535308355e-18	1.73016153906382e-07
0	0	0	0	3.47414601740778e-15	-1.62815584152134e-18	9.82753291600499e-08
0.00182617382617383	0	0.00103110631719977	0.00103110631719978	0.0010628354005919	5.31609443527168e-18	-9.41745339965026e-08
0	0	0	0	3.37534176899722e-15	-6.13333137053309e-19	2.81681916103995e-07
0	0	0	0	3.4759583859434e-15	6.00692567061182e-19	1.23568427424364e-07
0	0	0	0	3.43898724030669e-15	-1.05029602647079e-18	-1.19652841571521e-07
0	0	0	0	3.50480187900496e-15	-9.10573620231664e-19	3.61353128527693e-07
0	0	0	0	3.48712150606591e-15	-1.25506173099978e-18	1.26349037425704e-07
0	0	0	0	3.47159556331066e-15	-9.81210325551424e-20	2.01372893844299e-08
0	0	0	0	3.58832746267004e-15	-1.43044165743772e-18	2.39167101820857e-07
0	0	0	0	3.47473466965966e-15	-1.76175082962821e-20	1.01042837373602e-07
0	0	0	0	3.44099921967935e-15	-8.21057764707664e-19	1.67893294832292e-07
0	0	0	0	3.4715955632369e-15	9.87590371702507e-19	8.03999624980447e-08
0	0	0	0	3.47159556333823e-15	1.16052742073134e-18	4.1151714560805e-08
0	0	0.00164450600678572	0.00164450600678563	0.000894087225035385	1.17437405089949e-17	1.2654557944651e-07
0	2.91237790304075e-05	0.00346626072614719	0.00346626072614728	3.96336083242356e-15	-5.61819002540036e-18	1.92034765515342e-09
0	0	0	0	3.47159556311947e-15	-2.81549303604992e-18	1.21899834118729e-09
0	0	0	0	3.26490358335775e-15	8.23201869820666e-18	-3.7880325339323e-09
0.00215784215784215	0.00505235796023129	0.00512806965787025	0.0051280696578704	0.0020246907278413	0.00247859278964149	7.31653381392381e-09
0	0	0	0	3.2829200732237e-15	1.65466610496771e-18	4.55498768186233e-09
0	0	0	0	2.73233618183081e-15	-4.76292722509074e-19	-6.79755558129918e-09
0.00678921078921079	0.00782647383474372	0.00841583147688407	0.00841583147688413	0.00671327986718681	0.00681387959105602	1.49524558176832e-08
0	0	0	0	2.46048150174561e-15	1.32006917977248e-19	9.9809240208559e-09
0	0	0	0	1.79191052456101e-15	1.56383191382085e-18	-8.06829115591065e-09
0.024989010989011	0.0261167894222833	0.0247700442471565	0.0247700442471565	0.0252810412147437	0.0254703467221004	2.24399764940553e-08
0	0	0	0	1.70124562568151e-15	-6.03167341021473e-19	1.81632996983725e-08
0	0	0	0	1.09663664523538e-15	-1.0480150028493e-18	-6.18406920963153e-09
0.0593506493506493	0.0641533233970655	0.0577320038406306	0.0577320038406306	0.0595971760934406	0.0602018992668872	2.57682282266816e-08
0	0	0	0	9.155543150608e-16	2.72287175596444e-18	2.87934571821977e-08
0	0	0	0	8.12299505951979e-16	5.42434883488272e-19	3.3367008702317e-10
0.0993906093906094	0.104295782237098	0.0968256323881781	0.096825632388178	0.0993044908746607	0.0999148931063052	2.1959864777458e-08
0	0	0	0	5.62817875188867e-16	-1.47215513592488e-18	3.73554961515603e-08
0	0	0	0	1.14875185271166e-15	-1.00210757507344e-18	6.84382449258415e-09
0.0471748251748252	0.0486348938931735	0.0441024786428758	0.0441024786428757	0.0458420050522658	0.0460392025376219	1.90143846381569e-08
0	0	0	0	1.05670493870687e-15	1.94235931887436e-19	4.17924816637687e-08
0	0	0	0	1.43771597835275e-15	-2.40765309728824e-17	-5.37772700065549e-09
0	0	0	0	1.10205104587796e-15	-5.11665553165741e-18	9.26486356431305e-08
0	0	0	0	2.78873544727463e-15	1.36490863149939e-18	4.4128666973471e-08
0	0	0	0	1.97458304863809e-15	-2.4084481967991e-18	-2.36995169881248e-07
0	0	0	0	3.55901492477386e-15	-4.92159249403843e-18	1.64914199124916e-07
0	0	0	0	3.48990892843058e-15	2.83913855928083e-19	4.79828966682188e-08
0.00121078921078921	0	0.00286830958075357	0.00286830958075361	0.00112010886387355	-2.01956174861364e-17	-1.94631199769129e-09
0	0	0	0	3.50052356990795e-15	-5.19263190936986e-18	1.55189722144174e-07
0	0	0	0	3.4634237118558e-15	-8.03828273229226e-19	5.22435879528912e-08
0	0	0	0	3.41386778287662e-15	-1.25774001617689e-18	1.73496642539186e-08
0	0	0	0	3.51886144522256e-15	1.23380595717514e-18	1.37619461291819e-07
0	0	0	0	3.4853660286222e-15	-1.16416753918281e-18	5.53989681157985e-08
0	0	0	0	3.46641170045348e-15	-2.27222262846407e-18	1.6412604435362e-08
0	0	0	0	3.46260278581365e-15	-7.18457584008061e-19	1.2582730641233e-07
0	0	0	0	3.46959677918968e-15	2.6328642289106e-18	5.76316294560532e-08
0	0	0	0	3.47194896686242e-15	-4.18260138572728e-19	5.70290888368637e-09
0	0	0	0	3.4100409197768e-15	7.99368131529591e-19	1.29537996428197e-07
0	0	0	0	3.46188968860055e-15	3.07414496905836e-19	5.93761626537737e-08
0	0	0	0	3.46777467699648e-15	1.18502153498375e-19	-1.47223532803786e-08
0	0	0	0	3.5106909909473e-15	-1.46791513897298e-19	1.6264790920724e-07
0	0	0	0	3.47575588524826e-15	2.34691843431572e-18	5.8259648277205e-08
0	0	0	0	3.45971371461053e-15	-1.42935762535581e-19	-5.86304068490443e-08
0.00195204795204795	0	0.000610695979196175	0.000610695979196144	6.01333967714042e-05	-4.33899387638281e-18	2.45281961225924e-07
0	0	0	0	3.44968618351411e-15	1.60047378695093e-18	4.5399502620788e-08
0	0	0	0	3.44808040056296e-15	3.25183057245151e-19	-9.77978588034538e-08
0	0	0	0	3.50912204675781e-15	2.08202417907404e-18	3.40304557304407e-07
0	0	0	0	3.47844052213214e-15	-3.56504052128103e-18	3.9245237212281e-09
0	0	0	0	3.45283828621081e-15	8.27588439830081e-19	-7.92455902833173e-08
0.00199400599400599	0	0.000656021024151261	0.000656021024151241	0.000154449955179062	2.15774316405068e-18	3.71630108200474e-07
0	0	0	0	3.47477573806227e-15	-4.88930694046725e-19	-5.18009791212759e-08
0	0	0	0	3.47477573806873e-15	9.00806832197493e-19	3.2030013799292e-08
0	0	0	0	3.5233664398513e-15	1.33072190895108e-18	2.76494336049497e-07
0	0	0	0	3.47159556328779e-15	-6.02988931759679e-19	-2.42042323527836e-08
0	0	0	0	3.47914411771739e-15	-4.04552330691596e-19	1.41231374824188e-07
0	0	0	0	3.47159556316253e-15	-8.45943280627069e-19	1.00256505833708e-07
0	0	0	0	3.47159556329874e-15	1.57330164663458e-18	-3.93190461353587e-09
0	0	0	0	3.45126330925352e-15	3.49832230406573e-19	2.40031053530738e-07
0	0	0	0	3.54252811456709e-15	-6.57144618471866e-18	3.21643106692197e-09
0	0	0	0	3.43095829280094e-15	-1.81652547187991e-18	1.38155817260894e-09
0	0	0	0	0.000748460069180407	1.12892327877855e-17	-6.28332013954847e-09
2.5974025974026e-05	1.68034414930497e-05	0	0	4.69905402075848e-15	-2.34092987993101e-17	1.20837758375062e-08
0	0	0	0	6.28584407505228e-14	-5.3558706822988e-18	4.92634551419778e-09
0	0	0	0	3.18789339390123e-15	2.61134921331204e-19	-1.11869229726196e-08
0.00203196803196803	0.0027775677721649	0.00251705355967404	0.0025170535596741	0.00150624413192257	0.00142262826550387	2.51341969598467e-08
0	0	0	0	2.58606183594349e-15	2.69882768961072e-18	9.71518283162602e-09
0	0	0	0	7.75805044948223e-15	8.40502028300121e-18	-1.48289790924005e-08
0.01200999000999	0.0151448837481041	0.0114168945433781	0.0114168945433781	0.0118969797752278	0.0119667617177379	4.15099834792809e-08
0	0	0	0	1.72103289057644e-15	7.12373325165162e-19	1.793674013167e-08
0	0	0	0	1.57449555808528e-15	1.66104558133784e-19	-1.75747553613922e-08
0.031982017982018	0.036072536832418	0.0295033971996035	0.0295033971996035	0.0309710613316091	0.0317692385038088	5.90957691728361e-08
0	0	0	0	1.6534889443234e-15	-1.22423185875287e-18	3.4236044197089e-08
0	0	0	0	1.48085124392603e-15	1.07709719126502e-18	-1.57716666045201e-08
0.0423336663336663	0.0477587623689951	0.0396206118956175	0.0396206118956175	0.0415590705215596	0.0424355052711451	7.02832507218653e-08
0	0	0	0	8.58005043423229e-16	2.96801192793438e-18	5.59641908222204e-08
0	0	0	0	4.20587032385145e-15	-2.7891887238973e-18	-7.82763979716511e-09
0.0219480519480519	0.0260208222382559	0.020224273324986	0.020224273324986	0.0217012294346185	0.0221049835736978	8.33102677337116e-08
0	0	0	0	1.35938608536551e-15	-4.29932133516786e-18	6.55413807105138e-08
0.0143916083916084	0.00781239993212151	0.0148831695860431	0.0148831695860428	0.0192841931608463	0.0188163029377249	-2.7822459578936e-08
0.00147252747252747	0.00233197505442657	0.0011272442762061	0.00112724427620616	0.00116053612191629	0.00117086648069956	1.32722629265877e-07
0	0	0	0	2.05920803513961e-14	-3.00922150768945e-17	3.35903027851247e-08
0	0	0	0	1.24939232605477e-14	-5.24205464362097e-19	-4.14412604103601e-08
0	0	0	0	3.58102666610741e-15	-1.63985741947415e-18	1.84535826138782e-07
0	0	0	0	3.47159556328415e-15	6.34946470239326e-18	7.73180807048701e-09
0	0	0	0	3.45063673088729e-15	-1.2181786061898e-18	-3.03593981275782e-08
0	0	0.000880441043095629	0.000880441043095623	0.000167012495939858	-9.12484126753949e-18	1.9407416895727e-07
0	0	0	0	3.47159556331127e-15	-1.15437034506717e-18	2.64107098630836e-08
0	0	0	0	3.42023167893826e-15	1.09051836547573e-18	3.68190672173869e-09
0	0	0.000560038440895727	0.000560038440895694	0.000190533535473093	-1.7530167723622e-17	1.85766769005646e-07
0	0	0	0	3.47449506213287e-15	-4.920342648262e-19	4.03551616649805e-08
0	0	0	0	3.46723072907246e-15	3.2930331132854e-19	9.70716569572686e-09
0	0	0	0	3.58275274571673e-15	-6.65229518714651e-19	1.79065640136546e-07
0	0	0	0	3.46167099261879e-15	-2.24943349611373e-18	4.76742689168987e-08
0	0	0	0	3.44965611999007e-15	1.76620128683293e-18	1.9992876186065e-09
0.00195604395604396	0	0.000598973384669954	0.00059897338466994	0.000173131352458307	2.08862881889321e-17	1.85200607002934e-07
0	0	0.000908653082472743	0.000908653082472792	0.00105879840411289	-3.22838892717283e-18	4.96773284782788e-08
0	0	0	0	3.4465967658777e-15	3.29560979289174e-19	-1.62647382544603e-08
0.00195404595404595	0	0.000581238998354302	0.00058123899835428	0.000188372048056136	-1.8770626147207e-17	2.14950180504615e-07
0	0	0	0	3.42401239994673e-15	2.34667409283422e-18	4.0922353937809e-08
0	0	0	0	3.48777597261198e-15	-2.46600217190699e-19	-4.40587885791585e-08
0	0	0	0	3.55993433836803e-15	-1.12749704754875e-18	2.68798690763654e-07
0	0	0	0	0.000995935735971203	9.53954535073621e-18	5.74009544655955e-09
0	0	0	0	3.47479128215236e-15	1.50147706385689e-18	-5.77268197973578e-08
0.00199200799200799	0	0.000605769645203703	0.00060576964520371	0.000156468742851431	-5.28871328583065e-18	3.15067977244397e-07
0	0	0	0	3.44465655599351e-15	4.07262217204876e-19	-4.2382165586659e-08
0	0	0	0	3.4696814250629e-15	-1.59723055854598e-18	-2.55594858231647e-08
0	0	0	0	3.5390190954415e-15	3.32227580828547e-18	3.05575635182769e-07
0	0	0	0	3.45620726207497e-15	1.11509408336947e-18	-7.51986194355885e-08
0	0	0	0	3.48732536301596e-15	-2.4213521772607e-19	4.87408252022538e-08
0	0	0	0	2.1820731416807e-15	-5.98213785003436e-19	2.17555617511764e-07
0	0	0	0	2.75628715197053e-15	4.51197186508307e-19	-7.21956618821763e-08
0	0	0	0	3.47473466968864e-15	-8.77116783424884e-19	1.24283788515106e-07
0	0	0	0	8.8560477365296e-16	-5.23525911043468e-18	7.9510805957657e-08
0	0	0	0	1.87541825216351e-15	1.09419827905512e-18	-2.99067049006552e-08
0	0	0	0	3.47159556340063e-15	1.32188227365257e-18	1.20777265622548e-07
0	0	0	0	3.50358622316896e-15	-2.25422611205605e-17	4.87917408149951e-09
0	0	0	0	3.48657275831389e-15	-9.87671953313135e-18	2.12283673916514e-09
0	0	0	0	3.45455170285035e-15	1.35809094791933e-18	-9.39933509483561e-09
0	0	0	0	3.49774170198981e-15	3.41114110904065e-17	1.74842249312638e-08
0	0	0	0	3.4375178176568e-15	1.39032194606399e-18	6.32456735918089e-09
0	0	0	0	3.43772746835949e-15	-1.03693716725974e-19	-1.50598231494202e-08
0	0	0	0	4.96977257396469e-15	-3.58077795957418e-17	3.39476752638325e-08
0	0	0	0	3.1009689383082e-15	1.19215186412807e-18	8.49942622509579e-09
0	0	0	0	3.09104805481632e-15	6.44827846833962e-19	-1.77632314257494e-08
0.00214785214785215	0.00281055843390776	0.00118375000912662	0.00118375000912665	0.00185605196241127	0.00179654898249719	5.39801864005693e-08
0	0	0	0	2.26169238594524e-15	-1.35395356458075e-18	5.69070563316344e-09
0	0	0	0	2.48066786104417e-15	3.02547873503109e-18	-2.38545805529899e-08
0.0091988011988012	0.0132412908495206	0.00681747048052836	0.00681747048052833	0.00787702054014574	0.00799476769756976	8.38586591979838e-08
0	0	0	0	1.57399304232272e-15	9.60783745570593e-20	6.47646932771779e-09
0	0	0	0	2.39364742544865e-15	-8.91941602906139e-19	-3.76246749054642e-08
0.0121558441558442	0.0143965857135474	0.0102745618588507	0.0102745618588507	0.0114581017001983	0.0117667410038415	1.20363982554793e-07
0	0	0	0	1.38516968703049e-15	-6.24322809637494e-19	3.77297965760816e-08
0	0	0	0	3.30753142485671e-15	-4.08723667254442e-18	-2.04381255505057e-08
0.0106233766233766	0.014475290386657	0.00892805330247031	0.00892805330247032	0.00977068445768307	0.0107140040251638	1.28639931825839e-07
0	0	0	0	4.16695115278299e-15	-1.05697048811986e-17	1.80976838991058e-08
0	0	0	0	5.38923026712616e-15	1.97936087481434e-17	-1.40469748157617e-08
0	0	0	0	1.52042871796085e-14	3.82302580669208e-18	1.55598386379187e-07
0	0	0	0	2.99170668240089e-15	1.41695362066681e-18	1.12396468367782e-08
0.0106453546453546	0.00902380572402866	0.0086269275671805	0.00862692756718054	0.00969464373891786	0.0133932429690519	-3.96260860532362e-08
0	0	0	0	2.79433743113187e-15	-1.87247497767665e-18	1.91923806617359e-07
0	0	0	0	3.44475121621364e-15	-1.32866022820337e-18	7.07036163098513e-09
0	0	0	0	7.90235425730852e-14	6.74697720822305e-18	-3.20322625006263e-08
0	0	0	0	3.47243938025568e-15	2.41998080086369e-18	2.13575733171338e-07
0	0	0	0	3.43340951758426e-15	-2.49117406371833e-18	1.5521848463591e-08
0	0	0.000796035399937745	0.000796035399937712	0.0010110890586538	-5.05715060917148e-17	-1.18076941930084e-08
0	0	0	0	3.35658828199794e-15	-3.29644143453619e-19	2.19163883449583e-07
0	0	0	0	3.39303898805257e-15	9.93149896848935e-19	2.77335569851785e-08
0	0	0	0	3.40217800569016e-15	3.74527937747248e-20	-1.46071040372466e-09
0	0	0.00039304447081123	0.000393044470811222	0.000142660599942188	1.54837015304458e-17	2.20212870663048e-07
0	0	0	0	3.43759272602013e-15	-4.99762972664734e-18	3.47615576602422e-08
0	0	0.000458995191638646	0.000458995191638651	0.00104086292311954	6.36845165488871e-18	-2.33720830767866e-09
0	0	0	0	3.54871069601727e-15	3.671249241142e-18	2.26500365654814e-07
0	0	0	0	3.42032789744196e-15	1.11703509813305e-18	3.2839608539225e-08
0	0	0	0	3.45180057478418e-15	-6.16177433752998e-18	-1.12281137849608e-08
0	0	0	0	3.61807794730363e-15	2.91491872229363e-18	2.43012655865196e-07
0	0	0	0	3.46228266821027e-15	-2.37392903861815e-19	1.74264111653961e-08
0	0	0	0	3.44408964230511e-15	2.79727761691567e-18	-2.08402204009272e-08
0	0	0	0	4.00248827000524e-15	-1.48656279627588e-18	2.63781251779067e-07
0	0	0	0	3.60746018722575e-15	2.51340924974139e-17	-1.26224807122991e-08
0	0	0	0	3.45945450388227e-15	-1.41385108319445e-18	-1.70975964858042e-08
0	0	0	0	2.27963752274033e-15	-5.47290992205567e-18	2.68666674595678e-07
0	0	0	0	2.82026681189945e-15	5.56553378539122e-18	-4.66833347108275e-08
0	0	0	0	3.40621867483544e-15	-3.8976219426659e-18	1.1904338948977e-08
0	0	0	0	1.24485066274776e-15	1.54150143729563e-17	2.33545687930627e-07
0	0	0	0	1.96573149801358e-15	-1.1966913813239e-17	-6.5633153853349e-08
0	0	0	0	3.44820262767863e-15	9.68545292681432e-18	5.98228834720383e-08
0	0	0	0	2.47454893596342e-15	2.93227242048219e-17	1.51514995429948e-07
0	0	0	0	1.90607363194113e-15	1.72190820209159e-17	-5.71045485558858e-08
0	0	0	0	3.42647536599531e-15	1.31203787836334e-17	9.97865590351019e-08
0	0	0	0	6.34136561293614e-15	1.17673755141056e-17	5.13883864913162e-08
0.100867132867133	0.0964219261386984	0.101275727657527	0.101275727657527	0.101285765468685	0.100912029157489	-2.39843380795356e-08
0	0	0	0	3.51161196920018e-15	-1.90809482046297e-18	9.09205265967814e-08
0	0	0.00044859402481202	0.000448594024812001	0.000149014537576859	-8.20913386482964e-18	8.19215592052415e-09
0	0	0	0	3.47159556333888e-15	6.96400581622481e-18	5.03341564445472e-09
0	0	0	0	3.47159556325745e-15	-5.3113531003054e-19	-1.52074873146677e-08
0	0	0	0	3.52375285288087e-15	2.00649276609564e-18	2.64718426448986e-08
0	0	0	0	3.45400512502063e-15	4.76613493504251e-18	1.28105268692202e-08
0	0	0	0	3.47792689902848e-15	1.59048572899478e-17	-1.91178677301438e-08
0	0	0	0	3.53651622939641e-15	1.16774234923851e-18	4.36800943301821e-08
0	0	0.000396780491599668	0.000396780491599644	0.000772607088162334	-1.58241836796491e-17	1.32217287838293e-08
0	0	0	0	3.41272616047981e-15	-2.45968020064343e-18	-1.4812975588453e-08
0	0	0	0	4.3025851316498e-15	2.37912351381464e-17	5.66232972199838e-08
0	0	0	0	5.64051107032997e-14	-4.88810902670248e-18	-1.18384735174959e-09
0	0	0	0	3.66990464410256e-13	1.48694766664563e-17	-1.18742354003804e-08
0	0	0	0	9.18365534308507e-15	-2.85937546247672e-17	6.94348068646677e-08
0	0	0	0	2.66755300371255e-15	1.05531057420624e-18	-5.20598104521622e-09
0	0	0	0	3.26630411973404e-15	-7.52871246675219e-18	-1.49490992921967e-08
0	0	0	0	2.71190541588515e-14	-4.95423207118653e-19	8.88002049444693e-08
0	0	0	0	2.42284873908534e-15	-1.24260305808409e-18	-1.90205629332836e-07
0	0	0	0	3.42724811338898e-15	3.35946917675581e-18	-2.48166651327599e-08
0	0	0	0	1.68872104503443e-14	3.09698309052818e-19	1.19794153761899e-07
0	0	0	0	2.57454716292538e-15	-1.30884010425004e-18	-3.56303426259055e-09
0	0	0	0	3.59621558568978e-15	2.07858671162951e-18	-3.65818130116789e-08
0	0	0	0	3.85572491222445e-15	-1.57474445215463e-17	1.60117145761574e-07
0	0	0	0	3.28829326809793e-15	-6.66856999788354e-19	-2.19932132092392e-09
0	0	0.000754369888883852	0.000754369888883808	0.00087293470896666	-4.25753353658059e-17	-4.14669614326712e-08
0	0	0	0	3.44008934502164e-15	4.68747729496759e-18	1.99830526472669e-07
0	0	0	0	3.61504398453923e-15	2.88217158739364e-18	1.01000961312717e-08
0	0	0	0	3.23346628709705e-15	-9.98148715933213e-18	-3.53126408324983e-08
0	0	0	0	8.51479483790288e-06	-2.10093644426216e-19	2.28733166848273e-07
0	0	0	0	4.2392574362071e-15	9.12021934768439e-19	1.61466396240559e-08
0	0	0	0	2.74659144887413e-15	4.7317433493581e-19	-2.18016411951186e-08
0	0	0	0	3.72450009239071e-15	-2.84075130531701e-18	2.43969557821285e-07
0.00113086913086913	0	0.00136307931785395	0.00136307931785399	0.00198280041769097	0.00479108567099065	2.32608753056934e-08
0	0	0	0	2.12829651263167e-15	-1.25233879748667e-18	-9.61182507493155e-09
0	0	0	0	2.19619349956131e-15	-1.07336234385644e-18	2.50044326344309e-07
0	0	0	0	3.41295903503854e-15	2.27773717765389e-18	2.60229585272126e-08
0	0	0	0	2.74616501122383e-15	-3.46545117115736e-18	-3.58272296742382e-09
0	0	0	0	3.4554329403185e-15	-1.20202969558132e-18	2.52651560595784e-07
0	0	0	0	3.46870089976994e-15	2.96532802544407e-18	2.08773023794096e-08
0	0	0	0	3.46527858960508e-15	2.24914384754025e-18	-2.01752862111726e-09
0	0	0	0	4.02131942538557e-15	1.48379736848604e-17	2.53737964882682e-07
0	0	0	0	3.56097120978663e-15	-2.59712090956917e-18	6.06576955897949e-09
0	0	0	0	3.24615081392867e-15	2.96208797552502e-18	6.67778900836521e-10
0.00399600399600399	0.00297190688672853	0.00202071762227074	0.0020207176222708	0.00153831484620412	0.00225607791067076	2.48530832898565e-07
0	0	0	0	4.22967023001916e-15	-5.64898464597361e-18	-1.59065053823212e-08
0	0	0	0	3.23315833824637e-15	1.99422215576128e-18	1.16869958749982e-08
0.00216183816183817	0.000829790058050878	0.00136404765404459	0.00136404765404463	0.000631630240085878	0.00107938175211425	2.26373706750901e-07
0	0	0	0	2.62180807015745e-15	-1.6103085903443e-17	-3.68273855708022e-08
0	0	0	0	2.97289917667614e-15	-1.69479746306085e-19	3.44569818623752e-08
0.00569230769230769	0.00556865197774046	0.00515966384879468	0.00515966384879476	0.00481933464963343	0.00576860965313325	1.77752025654271e-07
0.110699300699301	0.112895723970259	0.109724008846068	0.109724008846068	0.109386726057342	0.110311072040385	-4.56914995230735e-08
0	0	0	0	3.45366577352062e-15	-4.36666071803505e-18	6.25353601044318e-08
0.00241558441558441	0.00143330745631441	0.0017586766987758	0.00175867669877578	0.00194784281348611	0.00205910390548229	1.0544928423554e-07
0	0	0	0	1.87670828717554e-15	-6.51121839359654e-18	-3.59251884797974e-08
0	0	0	0	3.44112066785695e-15	1.91826972865101e-18	7.79610088736941e-08
0.0073986013986014	0.00462271707567947	0.0066345667483102	0.00663456674831017	0.00707043831440613	0.00684147587576748	3.29484926855822e-08
0	0	0	0	4.32727963189001e-15	-4.20374524500305e-18	-1.3623070123518e-08
0	0	0	0	3.63991341420585e-15	-6.63091661954722e-19	5.94664717730731e-08
0	0	0	0	3.50358622296418e-15	2.89039667950751e-18	1.6939177055296e-08
0	0	0	0	3.4567464923179e-15	3.39845970919917e-18	1.43033322376471e-08
0	0	0	0	3.47159556325704e-15	3.84087882907138e-18	-2.87310603262705e-08
0	0	0	0	3.59356206258551e-15	-1.66707539967094e-17	4.58091491085296e-08
0	0	0	0	3.46175027928909e-15	7.07259680390908e-18	2.7067365922657e-08
0	0	0	0	3.44652407639162e-15	1.40044073113454e-18	-2.41494616666511e-08
0	0	0	0	3.57224067234396e-15	2.2859382831318e-19	6.2061425115198e-08
0	0	0	0	3.45230033223768e-15	3.3824952468565e-18	2.49331187281199e-08
0	0	0.000908329958109481	0.000908329958109433	0.000969499618109646	-2.26028585225876e-18	-8.85009831804376e-09
0	0	0	0	3.55271314394226e-15	5.86698922545926e-18	6.48521968839628e-08
0	0	0	0	3.48020380275493e-15	-2.84777780248721e-18	1.65556916838147e-08
0	0	0	0	3.38636358268705e-15	4.54105047801296e-18	3.1021520114856e-09
0	0	0.000588015819501585	0.000588015819501564	0.000123875928833261	0.000551552084118914	5.73259136999802e-08
0	0	0	0	3.46821170805111e-15	-2.50484944876325e-18	1.15008038179695e-08
0	0	0.00084899928956587	0.000848999289565861	0.00101366599084507	3.71444705480915e-18	1.14620649955899e-08
0	0	0	0	3.31984884758998e-15	6.76110463808726e-18	5.54537627068548e-08
0	0	0	0	3.44667579853413e-15	-3.40448348178637e-18	3.49426625020276e-08
0	0	0	0	3.45182082582685e-15	-4.85298075492543e-18	-2.51851749711324e-08
0	0	0	0	3.42405130137575e-15	-1.40641803485747e-17	1.07848479935423e-07
0	0	0	0	3.44979318727432e-15	-4.22495995948806e-18	1.11585756447942e-08
0	0	0	0	3.45900182301872e-15	-4.80826699998298e-19	-6.22846747319973e-08
0	0	0.000511430517781873	0.000511430517781893	4.89862519536923e-05	2.42744948643613e-17	1.6629266448057e-07
0	0	0	0	3.44229749942624e-15	-1.33602443425537e-18	1.46401532516343e-08
0	0	0	0	3.45442045558597e-15	1.59579543089859e-19	-5.41073847340651e-08
0	0	0	0	5.8389938103831e-15	-9.12791614655644e-18	2.14050893589086e-07
0	0	0	0	3.46404792797429e-15	1.72075295131585e-18	2.06222956831535e-08
0	0	0	0	2.90509292976765e-15	3.84436214256347e-18	-4.15239549034277e-08
0.00608591408591408	0.00773273688481838	0.006855935812404	0.00685593581240399	0.00673839761828542	0.00661879342384378	2.48391354186436e-07
0	0	0	0	3.45561586753745e-15	1.68512237098712e-19	2.3948483896865e-08
0	0	0	0	4.31598536496337e-15	1.90054596199774e-17	-2.69751418849914e-08
0	0	0	0	6.54883423972521e-15	3.23389897019177e-18	2.68044407422158e-07
0	0	0	0	3.4150177183003e-15	-5.32747690197643e-18	2.5974271269685e-08
0.10020979020979	0.101682708686274	0.101030428219394	0.101030428219393	0.100775715752253	0.100460046239672	-1.26530874383534e-08
0	0	0	0	8.90068920477157e-16	8.92835141392986e-18	2.74637353151944e-07
0	0	0	0	3.44395972290194e-15	-4.13443946900392e-18	2.43188135664626e-08
0	0	0	0	1.87981523070713e-15	-1.06577112604562e-18	-1.06855650271136e-09
0	0	0	0	3.3591990194009e-15	-3.01382578188129e-19	2.71007855565053e-07
0	0	0	0	3.43806603784641e-15	-1.92684968599716e-17	1.71457242797908e-08
0	0	0	0	3.47159556318995e-15	6.74103515649032e-18	8.10573024277657e-09
0	0	0	0	5.1609020365672e-15	-9.51832697354693e-18	2.58316709284678e-07
0	0	0	0	3.5466031042677e-15	-1.19884689874274e-17	4.38369804166526e-09
0	0	0	0	2.97784726299665e-15	6.20965321521477e-19	1.76329274831188e-08
0.0067932067932068	0.00784197171903386	0.00484916257640976	0.00484916257640982	0.00429047215483814	0.00519622560536391	2.34603600482353e-07
0	0	0	0	4.36023102164456e-15	1.92793376789708e-17	-1.11081107886198e-08
0	0	0	0	2.54135331863431e-15	6.78780924361735e-18	3.05133058519778e-08
0.0116503496503496	0.0144869149961547	0.00983252499715167	0.00983252499715172	0.0094927317508915	0.010179799513173	1.96098046256158e-07
0	0	0	0	4.14376794918852e-15	-9.16777395410941e-18	-2.37368274279269e-08
0	0	0	0	2.10120546772021e-15	-4.17095926439816e-18	4.68155198042665e-08
0.0184995004995005	0.0205701502701914	0.017289294041019	0.0172892940410191	0.0167960992826714	0.0182385321038368	1.41575061965063e-07
0	0	0	0	1.87420481319621e-15	1.39975018078238e-18	-2.75223695710627e-08
0	0	0	0	2.39328876953325e-15	-3.39154666936512e-18	6.11308322470665e-08
0.00107092907092907	0.00144489352351889	0.00109422413285418	0.00109422413285421	0.00109886236478026	0.00135133138354296	7.79371887220868e-08
0	0	0	0	1.03393942604886e-14	7.04556770928167e-18	-2.02511407425075e-08
0.0074945054945055	0.011613577220239	0.00622169366130314	0.00622169366130322	0.00640263832157642	0.0104547268179071	6.31164053559913e-08
0	0	0	0	5.22287133665365e-15	-5.55556788824471e-19	2.28873242799288e-08
0	0	0	0	2.00879311329016e-14	-1.29680995137454e-17	-7.09697342299605e-09
0	0	0	0	3.43477023541432e-15	-7.01947642339455e-18	4.28387968977676e-08
0	0	0	0	3.34545820647292e-15	-2.25410776097643e-19	4.09229645175836e-08
0	0	0	0	3.43125617613731e-15	-3.85789497731516e-18	3.8452019842283e-08
0	0	0	0	3.44799363139455e-15	-1.08652285910647e-18	-5.44904616092322e-08
0	0	0	0	3.36056391575841e-15	1.64753470122195e-18	7.98555035358986e-08
0	0	0	0	3.43563636379532e-15	-3.82076759227164e-18	3.72031164234281e-08
0	0	0	0	3.45388979814218e-15	-6.90947883088081e-18	-2.25761769031769e-08
0	0	0	0	3.58306480951621e-15	-5.41491875947416e-18	9.15444729080038e-08
0	0	0	0	3.46360168587646e-15	-7.11972721984981e-18	3.17100824950249e-08
0	0	0	0	3.40529538298957e-15	8.77315629831174e-18	-4.51617224159298e-09
0	0	0.000619889166694277	0.000619889166694276	0.00015422530158834	2.9058776852965e-18	9.23300324653674e-08
0	0	0	0	3.4690819520745e-15	-3.11593557028291e-18	3.62778000956142e-08
0	0	0	0	0.000748613404592894	-1.444608949391e-17	1.67321786479292e-09
0	0	0	0	3.42123117329289e-15	-1.22961559423788e-17	9.13705499334719e-08
0	0	0	0	3.43545186198899e-15	-1.07389977892233e-18	4.88933296903214e-08
0	0	0	0	3.4342681547756e-15	6.82826041521222e-18	-2.75008577827449e-09
0	0	0	0	3.40275101062249e-15	4.40158101745735e-18	1.04523011994567e-07
0	0	0	0	0.000735482864400992	2.1918862418233e-17	5.98561690615174e-08
0	0	0	0	3.45184885961238e-15	1.15896425485757e-17	-2.55344051536049e-08
0	0	0.000385574486814454	0.000385574486814447	0.00013380346890305	1.09635176243613e-17	1.4257049140418e-07
0	0	0.000417195294065281	0.000417195294065263	0.000717933810420268	3.8058048342839e-18	5.12290025346167e-08
0	0	0	0	3.47060112585358e-15	1.68441058444016e-18	-4.86151582209406e-08
0	0	0	0	3.51091931462102e-15	2.68145392279616e-17	1.94686623318333e-07
0	0	0	0	0.000887945095740299	-9.1200733521546e-18	4.15069014895113e-08
0	0	0	0	3.48503800137796e-15	2.07860538451961e-18	-5.21308834892699e-08
0	0	0	0	3.72381092886316e-15	1.1147002147598e-17	2.42846703445376e-07
0	0	0	0	7.47490517505583e-12	7.74327733152839e-18	3.76266362771436e-08
0	0	0	0	3.3399589096749e-15	3.42056357824207e-18	-4.26959569486506e-08
0	0	0	0	1.36571249717395e-05	1.13075333700138e-19	2.78271466282115e-07
0	0	0	0	2.90929232021006e-15	1.07032076296989e-18	3.62710948335915e-08
0	0	0	0	2.75923430265092e-15	-6.3292271310656e-18	-2.76249110469254e-08
0	0	0	0	3.75876292538563e-15	-2.66183122651625e-18	2.9755434221099e-07
0	0	0	0	3.35391293485337e-15	1.02849996158678e-18	3.36672941483889e-08
0	0	0	0	2.1368249545229e-15	2.12169025970732e-19	-1.09597876642511e-08
0	0	0	0	2.18850805399139e-15	-1.49360711206863e-18	3.00566602974023e-07
0	0	0	0	3.45170046797463e-15	-1.79368693915202e-18	2.82587802485269e-08
0	0	0	0	1.61452658345189e-14	-4.55274989617472e-19	4.62078730293247e-09
0	0	0	0	3.5088612194452e-15	-6.57834689558848e-18	2.88948703154908e-07
0	0	0.000542132971447468	0.000542132971447476	0.00116069038876416	-1.62412483010596e-17	1.94829997275845e-08
0	0	0	0	3.47159556308867e-15	3.14233837287977e-18	1.83358705513242e-08
0	0	0	0	5.96816617560449e-15	4.61568128402061e-18	2.64269320681746e-07
0	0	0	0	3.41831637455043e-15	9.25990306785456e-19	8.09017031845735e-09
0	0	0	0	2.156206621666e-14	-1.06820338410996e-17	3.09265054000866e-08
0.00745654345654346	0.0099536625992945	0.00656882579388465	0.00656882579388462	0.00566023504036298	0.00644108422617864	2.2720604897619e-07
0	0	0	0	3.36357704967378e-15	1.77775803143369e-17	-3.5580734470495e-09
0	0	0	0	2.22534269190528e-15	9.63135193764309e-18	4.31295870627753e-08
0.0168431568431569	0.0212699999956353	0.0153481754651373	0.0153481754651374	0.015156814302612	0.0156510313562427	1.78450960199898e-07
0	0	0	0	3.34002942302705e-15	-2.39990821558555e-18	-1.2012887051591e-08
0	0	0	0	1.77836556641216e-15	-1.64803902236537e-18	5.39118935183559e-08
0.00499300699300699	0.00597705427052365	0.00468925612959057	0.00468925612959057	0.00458684544577527	0.00501769810935378	1.21093742661463e-07
0	0	0	0	8.82783409496537e-15	2.12914635155458e-17	-1.43323818879628e-08
0.109342657342657	0.111026682931392	0.109386217791334	0.109386217791334	0.109167767777741	0.109187044104392	5.94732230715207e-08
0	0	0	0	9.59543061828346e-16	7.90426672944241e-18	6.31224224840524e-08
0	0	0	0	4.40575061389567e-14	-4.45409196926264e-18	-1.02516183366197e-08
0	0	0	0	2.01798676821519e-15	-7.9260622674152e-18	5.41744490957938e-08
0	0	0	0	3.38169192150706e-15	-1.36075186172169e-17	1.77912416782557e-08
0	0	0	0	3.44941853334771e-15	7.58428729386449e-18	-3.42175943638327e-09
0	0	0	0	3.43749849324604e-15	1.5673249883004e-18	3.38388196941729e-08
0	0	0	0	3.54299509874193e-15	-2.96799060776029e-18	7.56871920327831e-08
0	0	0.000901569593557208	0.000901569593557165	0.00112450912959974	-5.58820781886863e-20	2.75656108828017e-09
0	0	0.000386368815604294	0.00038636881560429	0.00103837114228217	-1.05427810606004e-17	-7.56282942811223e-08
0	0	0	0	3.3813728259447e-15	-6.97495796804518e-18	1.07432859233605e-07
0	0	0.000834755397358915	0.000834755397358921	0.000903980519025875	-1.46868337094891e-17	1.00016710065396e-08
0	0	0	0	3.44814266582793e-15	-2.12694420228974e-18	-1.29750418738371e-08
0	0	0	0	3.58767339109176e-15	-2.64238288386635e-17	1.19614418958163e-07
0	0	0	0	3.4479382621017e-15	-7.29520429893991e-19	2.18433014439552e-08
0	0	0	0	3.43544421974133e-15	-4.93980038959986e-18	-1.11052488505044e-08
0	0	0	0	3.50471555014084e-15	-2.4979800014548e-18	1.31314318761041e-07
0	0	0	0	3.4562295461327e-15	-7.60259071152807e-18	3.8620477971884e-08
0	0	0.000437706806622561	0.000437706806622547	0.000917563159024295	1.31564732160468e-19	-1.25924717458854e-08
0	0	0	0	3.38691391091192e-15	8.18820581725148e-18	1.46080740928861e-07
0	0	0	0	3.44334078889318e-15	-1.27516813162952e-17	5.71902069537169e-08
0	0	0	0	3.44158883903996e-15	-4.89831527434001e-17	-1.76824408285343e-08
0	0	0	0	3.56691922147073e-15	-3.64494325645742e-19	1.68446680954934e-07
0	0	0.000727449965646802	0.000727449965646778	0.000823061375819294	6.16639993835776e-18	6.65701575164824e-08
0	0	0	0	3.46888066625146e-15	1.76883410689298e-18	-2.79443352045148e-08
0	0	0	0	3.61019293924419e-15	1.76759337370392e-17	2.02482429267601e-07
0	0	0	0	3.40532774790642e-15	-1.25312841543721e-19	6.58038547107444e-08
0	0	0	0	3.47159556331435e-15	2.94503452108508e-18	-3.97830627229584e-08
0	0	0	0	3.58309984284527e-15	4.04287858028586e-18	2.45907581202608e-07
0	0	0	0	3.43696306793971e-15	1.30105603164492e-18	5.89566915034657e-08
0	0	0	0	3.47431471329692e-15	-3.28950954360187e-18	-4.52173747526389e-08
0	0	0	0	3.49009332198166e-15	3.12231033845921e-18	2.89107343115861e-07
0	0	0	0	3.46352772380431e-15	-8.74046327827871e-19	5.43650925257983e-08
0	0	0	0	3.47138083529759e-15	1.07753931283039e-17	-3.93388968888375e-08
0	0	0	0	3.50596157728391e-15	4.48352720767071e-18	3.21361345387189e-07
0	0	0	0	3.47053727372409e-15	2.84005023227221e-18	4.98565901153263e-08
0	0	0	0	3.45671004032583e-15	-1.26305240140392e-17	-2.40097162497222e-08
0	0	0.000514922187916665	0.000514922187916664	0.000149488959344718	-3.33733053922005e-19	3.36046527388326e-07
0	0	0	0	3.47138083531374e-15	2.88545475616442e-18	4.33787476793683e-08
0	0	0	0	3.4718103433109e-15	-3.01730196225827e-18	-5.20228553484872e-09
0	0	0	0	3.56632743051761e-15	-1.93676329274007e-19	3.31992916712267e-07
0	0	0	0	3.46133836700002e-15	3.07855960089807e-19	3.47302652693298e-08
0	0	0	0	3.46920109125169e-15	1.95136754513156e-18	1.29982571772027e-08
0	0	0.000365219149398503	0.000365219149398507	0.000173333365223647	1.49721377604573e-17	3.10809521165037e-07
0	0	0	0	3.39907099111706e-15	-6.45907973201612e-19	2.43763354432105e-08
0	0	0	0	3.47159556321892e-15	9.3377578266682e-19	2.89348602199181e-08
0	0	0	0	4.22239945700104e-15	4.32870101909537e-18	2.75000559078774e-07
0	0	0	0	3.35377107591898e-15	2.0420519381115e-19	1.33620388486711e-08
0	0	0	0	3.02726853610785e-15	-2.88719598550901e-18	4.22311988650794e-08
0.00432767232767232	0.00674997262823732	0.00482024810087223	0.00482024810087235	0.00276056011432057	0.00290614510795599	2.27301019261803e-07
0	0	0	0	3.64241329039238e-15	7.85790077105802e-18	3.45669436295918e-09
0	0	0	0	2.25541065601694e-15	-9.58112641320401e-20	5.26264590746144e-08
0.0135724275724276	0.0211264259370284	0.0122184912015194	0.0122184912015194	0.0115423042970226	0.012168273588101	1.71066104834262e-07
0	0	0	0	3.99501318536728e-15	-1.67760892339613e-18	-3.34939154225456e-09
0	0	0	0	2.13369134239602e-14	-1.290766501329e-17	5.90088213515063e-08
0.00239160839160839	0.00489476678258888	0.00133168712752679	0.00133168712752682	0.00149123068517946	0.00156968202252587	1.11390831247499e-07
0	0	0	0	3.26855921834356e-15	3.08712708365332e-18	-5.8040537736359e-09
0	0	0	0	2.94082685020508e-15	-7.14796336317467e-18	5.90274868305666e-08
0	1.64903420159523e-05	0	0	7.79510200923294e-15	-3.08445931006348e-17	5.60992355743846e-08
0	0	0	0	3.40848652751178e-15	-7.09208936858805e-19	-4.36939119149333e-09
0	0	0	0	2.89157463664527e-15	-1.54892319551783e-18	4.9796892659003e-08
0	0	0	0	3.47159556351321e-15	1.09426499933668e-18	1.54633660555439e-08
0	0	0	0	3.47159556329127e-15	-4.11283154913768e-19	-1.41603259691023e-09
0	0	0	0	3.47159556349595e-15	2.67537161189057e-18	2.96515922082922e-08
0	0	0.000586069776280314	0.000586069776280316	0.000328783395945324	-1.62843727656615e-17	4.60261919448409e-08
0	0	0	0	3.45287911375336e-15	-2.29026934078551e-18	-3.40917666570386e-08
0	0	0	0	3.44799362993497e-15	7.18374288543965e-19	-6.40670943827942e-08
0	0	0	0	4.34695246621596e-15	-7.30366933054668e-18	9.86110224736231e-08
0	0	0	0	3.77766774856835e-15	1.74937877835513e-18	-2.08925695110955e-08
0	0	0	0	3.20823187437539e-15	1.35825231085063e-18	-4.04460563810568e-08
0	0	0	0	6.71937534634222e-14	-9.45282592498658e-19	1.32636884031225e-07
0	0	0	0	6.25698560304291e-15	5.5818607526607e-19	4.31084255511767e-09
0	0	0	0	3.38505145876337e-15	1.31914314594672e-18	-3.15432282123137e-08
0	0	0	0	4.1651389877593e-15	-1.15698597293129e-17	1.64960931472999e-07
0	0	0	0	4.0266007725365e-15	-1.00235830345519e-18	2.71722702307954e-08
0	0	0	0	3.79058742101987e-15	9.78347936024793e-19	-3.395131705604e-08
0	0	0	0	3.44468901297767e-15	2.16739059355438e-19	2.00036431892405e-07
0	0	0	0	3.47443527039138e-15	1.88744391351154e-18	4.74511323431664e-08
0	0	0	0	3.5456328661774e-15	2.29187412008541e-18	-3.44737768163011e-08
0	0	0	0	3.55596651312286e-15	3.25032566392754e-18	2.34075155872711e-07
0	0	0	0	3.43467672924802e-15	-1.93927609844955e-18	6.31264502350137e-08
0	0	0	0	3.45833895231602e-15	-4.24839533660815e-19	-3.5286121518793e-08
0	0	0	0	3.34300108714315e-15	-1.0989974884312e-19	2.71180323752584e-07
0	0	0	0	3.42124660581775e-15	4.77904450187674e-19	7.13694545140948e-08
0	0	0	0	3.43757238926425e-15	2.92709582844365e-18	-3.8015227139875e-08
0	0	0	0	3.41167326323595e-15	-3.26800835531259e-18	3.09984027979544e-07
0	0	0	0	3.45833895230774e-15	4.72292524137348e-18	6.81508892549952e-08
0	0	0	0	3.45833895229193e-15	-3.62644771172075e-18	-4.11478127503094e-08
0	0	0	0	3.66584383715547e-15	-1.85482516511261e-17	3.50629200627416e-07
0	0	0	0	3.58393177025558e-15	-3.03132792953657e-18	6.87056634612129e-08
0	0	0	0	3.36608755363262e-15	3.93347354801785e-18	-3.57917833911867e-08
0	0	0	0	5.31609051504555e-15	6.61329181647089e-19	3.77335417950848e-07
0	0	0	0	4.15132454164419e-15	-3.40535518604734e-18	6.14081758618219e-08
0	0	0	0	3.43379830345614e-15	-8.36044387014826e-18	-1.69357025000455e-08
0	0	0	0	4.17409429298224e-15	1.73622228671208e-18	3.8375351169141e-07
0	0	0	0	3.7611308221456e-15	3.43942471880227e-18	5.14009649732998e-08
0	0	0	0	3.58393177025593e-15	-2.82288078581045e-18	4.03019098788829e-09
0	0	0	0	3.5436097482785e-15	-3.19105585615645e-17	3.69697392026198e-07
0	0	0	0	3.50046063455555e-15	5.96004391983846e-18	4.0248059212644e-08
0	0	0	0	3.50663954408727e-15	2.83265360082436e-18	2.36868104165932e-08
0	0	0	0	3.56334143818942e-15	-1.16136773780786e-17	3.37410853337369e-07
0	0	0	0	3.38375671968998e-15	-2.0937402079164e-17	2.8429684898228e-08
0	0	0	0	3.44080755912459e-15	1.9158717682547e-18	4.02650764636168e-08
0	0	0	0	1.27676300792819e-14	5.96411599728042e-19	2.90507986419208e-07
0.00503096903096903	0.00108232307425864	0.00304519130093846	0.00304519130093855	0.00453687518065421	0.00762046569697479	1.72042060203403e-08
0	0	0	0	2.62271354003441e-15	-4.43223688485695e-18	5.28210606034667e-08
0.0082997002997003	0.00996270591320635	0.00684056701982073	0.00684056701982075	0.006678139766049	0.00679492269849905	2.33272106687257e-07
0	0	0	0	6.1852828863241e-15	5.87096028105234e-18	7.92898985364127e-09
0	0	0	0	2.02381238945146e-15	-1.3834924725909e-17	6.08445529143157e-08
0.0215324675324675	0.027307395987517	0.0202933843136929	0.0202933843136929	0.0201371972789278	0.0202631745173919	1.7056252207904e-07
0	0	0	0	3.24920462880456e-15	1.67592044467487e-17	1.70628885768345e-09
0	0	0	0	4.17674900842146e-15	-2.17503510525205e-17	6.3603907571217e-08
0.0023976023976024	0.0050836295010761	0.00130396516448042	0.00130396516448044	0.00142177259609856	0.00128232738168059	1.08222993111838e-07
0	0	0	0	1.05331814227324e-13	1.86663091648403e-17	-1.12627538221256e-09
0	0	0	0	9.7002863550425e-15	-8.99453617477491e-18	5.98653088208094e-08
0	0	0	0	3.84357488275049e-15	6.36905053578269e-18	5.34615427804624e-08
0	0	0	0	3.43397670332759e-15	-3.46844553200555e-18	-1.3017027779655e-09
0	0	0	0	3.65323476345287e-15	1.10378257650449e-17	4.82452102074602e-08
0	0	0	0	3.38632983630103e-15	1.6741653632809e-18	1.46045504629167e-08
0	0	0	0	3.44630289455365e-15	-1.77999148741396e-18	-4.13669502572666e-10
0	0	0	0	3.47159556344647e-15	-8.16811260804064e-19	2.8044844230411e-08
0	0	0.000873270699660593	0.000873270699660583	0.000219789095479474	-7.80475010254897e-18	2.48775040519476e-08
0	0	0	0	3.43900099186737e-15	-4.12175916161125e-18	-1.33976250692875e-08
0	0	0	0	3.44965623792203e-15	1.94774847442538e-18	-4.4121904445678e-08
0	0	0	0	1.5304583842603e-13	6.21135640689866e-18	7.66965022235139e-08
0	0	0	0	3.50879917547402e-15	-7.16986552565371e-19	-1.96783834293436e-08
0	0	0	0	2.39208510828811e-15	-1.21386781451764e-18	-5.49058999689502e-08
0.0150569430569431	0.0187659514260898	0.0155065116443783	0.0155065116443783	0.0154200128454766	0.0153523024467985	1.31092631431949e-07
0	0	0	0	3.70927698513172e-15	-4.48602523000467e-19	-5.33334044587019e-09
0	0	0	0	2.73759496055781e-14	9.26180841299366e-18	-5.3982973358592e-08
0.00387412587412587	0.0038742380774679	0.0036294455705473	0.00362944557054724	0.00396998047247401	0.00384434371408821	1.85200256745884e-07
0.00633566433566432	0.00581655792043268	0.00689548112995762	0.00689548112995769	0.00795242170923596	0.0108400156846977	1.41705011305272e-08
0	0	0	0	4.33635307813215e-15	-3.24852082377094e-18	-5.43867062966979e-08
0	0	0	0	5.49179327723703e-15	2.39419904936586e-17	2.39383795011634e-07
0	0	0	0	3.5469990748043e-15	1.51399529716081e-18	3.26389968560412e-08
0	0	0	0	2.2915346044593e-15	-3.67755938505467e-19	-5.35437686505387e-08
0	0	0	0	2.57369436481706e-15	-3.93871030278809e-18	2.92008185373915e-07
0	0	0	0	3.78714150296487e-15	-2.44554324010001e-18	5.26584158192593e-08
0	0	0	0	2.73294820711461e-15	3.51857665524621e-20	-5.18654956581316e-08
0	0	0	0	3.58626777082798e-15	-1.08804839066398e-17	3.42900232077327e-07
0.0011008991008991	0	0.00158825263636143	0.00158825263636145	0.00150136094851407	-1.72105385891035e-17	6.57551793247179e-08
0.00111688311688312	0	0.00174215316335488	0.00174215316335495	0.00150136094851303	-4.46170207892263e-18	-4.9440590947394e-08
0	0	0	0	3.32757470949806e-15	-5.76526173729364e-19	3.89117051434165e-07
0	0	0	0	3.4375753574692e-15	-6.79938396879268e-19	1.04614374990868e-07
0	0	0	0	3.42834634842232e-15	6.8809554352607e-18	-4.18359949660029e-08
0	0	0	0	6.32047632593487e-15	-2.07827651816475e-17	4.24178705436503e-07
0	0	0	0	3.74252726368848e-15	-7.88353669835435e-18	7.17989842173965e-08
0	0	0	0	2.82963447238531e-15	-9.08278947817981e-18	-2.71256990798991e-08
0.00607792207792208	0.00760985761209359	0.00577549453958756	0.00577549453958757	0.00535833202020501	0.00602718506418139	4.41492874456811e-07
0	0	0	0	5.39721931901167e-15	8.27550390050015e-18	6.59592961508088e-08
0	0	0	0	2.63022804680169e-15	1.18964390114816e-17	-6.82609480460089e-09
0.00307492507492508	0.00555982002784477	0.00260203175716874	0.0026020317571688	0.00173236060862378	0.00230097334388042	4.37161963071381e-07
0	0	0	0	3.74252726415912e-15	6.06856662586871e-19	5.41700159504082e-08
0	0	0	0	2.36143672395312e-15	7.26729332335932e-18	1.54946776572602e-08
0	0	0	0	2.29832999313303e-15	7.18453711567182e-19	4.11094699340068e-07
0	0	0	0	3.47528090172925e-15	-1.60317244954791e-18	4.16669275086772e-08
0	0	0	0	2.84310276707772e-15	-1.7485545311358e-18	3.60878858231337e-08
0	0	0	0	3.99669889426374e-15	4.25367079820655e-20	3.66438267291604e-07
0	0	0	0	3.44966311220711e-15	2.42455867814651e-18	2.87992011760062e-08
0	0	0	0	3.32496815467459e-15	-7.68605985159732e-18	5.23685574782807e-08
0.00242557442557443	0.000630659597816438	0.00106310726934052	0.00106310726934052	0.00152949200866477	0.00182369202070155	3.08172757009211e-07
0	0	0	0	3.2649371563062e-15	2.22967765999224e-18	1.73472311920411e-08
0	0	0	0	2.13965248327458e-15	-3.6614171627642e-18	6.32198465617868e-08
0.0216723276723277	0.0212537207856383	0.0194223564462405	0.0194223564462405	0.0198289056406162	0.0202969626112552	2.41874240595644e-07
0	0	0	0	2.79343369116033e-15	-8.0379100434633e-18	8.53816078594113e-09
0	0	0	0	9.76104146382793e-15	1.01773933413102e-17	6.84315165000513e-08
0.00740859140859141	0.00621501078831628	0.00553461098293148	0.00553461098293151	0.00600759105498267	0.0060298856521334	1.73209675464946e-07
0	0	0	0	6.97840861304743e-15	-6.44611181213069e-18	2.92898601413272e-09
0.0183016983016983	0.016021967919006	0.0149230438412445	0.0149230438412446	0.0160981369268459	0.0192808856775889	6.79195173514393e-08
0	0	0	0	4.24223067296101e-15	7.41561584057799e-19	1.08061886068448e-07
0	0	0	0	3.01025552607045e-15	-3.44470136301829e-18	2.91216464407011e-10
0	0	0	0	4.19086316465714e-15	-3.96674178049729e-18	6.1310778382209e-08
0	0	0	0	3.47910436175784e-15	-5.05205469798379e-18	5.28145585062901e-08
0	0	0	0	3.40595583227543e-15	4.18164744272434e-18	-2.93084466912911e-10
0	0	0	0	3.50071504997492e-15	9.61851174161218e-19	4.80224474716058e-08
0	0	0	0	3.39317052687393e-15	1.95214964106886e-18	1.43965482110444e-08
0	0	0.00049917905075498	0.000499179050755001	0.000873458288988131	-3.51544324133558e-18	-8.15220972752778e-11
0	0	0	0	3.47159556343637e-15	-1.72788075552171e-18	2.76078752998373e-08
0	0	0	0	3.4325253899565e-15	-3.28201366166601e-17	1.42982906922626e-08
0	0	0	0	3.43024874600566e-15	-3.35028267219178e-18	-1.04112020076111e-08
0	0	0.000749923524616714	0.000749923524616669	0.000964765354717876	2.23640606141224e-17	-3.08072343065087e-08
0	0	0	0	4.84520931513425e-15	4.02313844051551e-18	6.037918920814e-08
0	0	0	0	3.21646809307768e-15	1.04733744304222e-18	-1.33053629996685e-08
0	0	0	0	2.9840272324708e-14	1.19811266000994e-17	-5.81693731341372e-08
0.00172827172827173	0.00088605636167978	0.00175679690530603	0.00175679690530602	0.00214118886948648	0.0020835596463547	1.24820703790406e-07
0	0	0	0	2.3376548116657e-15	1.27926804325006e-17	-6.31614262993779e-09
0	0	0	0	2.69083165765301e-15	-1.55434758485627e-17	-6.85068413527797e-08
0.00831368631368631	0.0116682945875095	0.00855233013748295	0.00855233013748286	0.00936314626721599	0.00949190280558642	1.95027731048797e-07
0	0	0	0	2.73034964194467e-15	1.58044224018419e-18	6.2213051113954e-09
0	0	0	0	2.04690286564609e-15	1.16764783892256e-17	-7.12977766200172e-08
0	0	0	0	2.07914160037264e-14	8.94813783763315e-20	2.66407988301901e-07
0	0	0	0	3.29279655009798e-15	3.56102224809404e-18	2.10592924199648e-08
0.0997422577422577	0.0981415273756344	0.0987918842205309	0.0987918842205306	0.10091144511997	0.101096059586695	-7.11695420400936e-08
0.00341258741258741	0.00594413806774863	0.00519423430504697	0.00519423430504711	0.00323344382012539	0.00275187998474236	3.36706494303761e-07
0	0	0	0	3.34038407000596e-15	-1.0823328510391e-18	3.66486144653052e-08
0	0	0	0	1.86980736919795e-15	3.47265191423016e-18	-6.92124976606625e-08
0	0	0	0	4.43227987085527e-15	4.19536147161626e-19	4.03849944000668e-07
0	0	0	0	3.39226376072518e-15	-5.32027303065965e-18	4.99857717671366e-08
0	0	0	0	3.73592943393977e-15	-4.97509892334118e-18	-6.44308296205841e-08
0	0	0	0	3.43331546691461e-15	4.31095391409112e-18	4.61487229799987e-07
0	0	0	0	3.45833895243153e-15	-9.60228567854045e-18	5.47274354528056e-08
0	0	0	0	3.44165346839868e-15	4.37045451511162e-18	-4.66528822104889e-08
0	0	0	0	1.98862077034941e-14	1.93356573967445e-17	4.94649384127862e-07
0	0	0	0	3.39347298673032e-15	-3.9538589229717e-19	6.25842721178786e-08
0	0	0	0	2.48601832644606e-15	1.96634437547929e-18	-2.14593190830273e-08
0.0131028971028971	0.0126073987108817	0.0124367116644497	0.0124367116644497	0.0123755114301989	0.0130116029161725	5.0462400713978e-07
0	0	0	0	3.08972808490369e-15	-2.04306085038676e-18	5.92769776119238e-08
0	0	0	0	1.82858837547513e-15	-1.78244789924866e-18	2.21305929310492e-09
8.99100899100898e-05	0	0	0	4.66910327104238e-14	4.583215860406e-19	4.89756205294931e-07
0	0	0	0	3.22772238853146e-15	1.29176614446273e-17	4.95514593028241e-08
0.104855144855145	0.100161129351221	0.106129594977413	0.106129594977413	0.105721548331522	0.106061644896901	2.74584979947875e-08
0	0	0	0	8.57411022483862e-16	2.7697849039893e-18	4.50838058292838e-07
0	0	0	0	3.40799329497027e-15	-7.23212577535192e-18	3.66090226712875e-08
0	0	0	0	1.84319111475789e-15	3.53712960308234e-18	4.94647603174237e-08
0.000819180819180818	0	0.000430144139915205	0.000430144139915208	0.00018128765449184	0.000614903572309288	3.93040622876352e-07
0	0	0	0	3.4319920370326e-15	-4.69242377490781e-19	2.32431113442025e-08
0	0	0	0	3.44080755920002e-15	2.26476834868327e-18	6.49124755429092e-08
0	0	0	0	6.1484891403486e-15	-3.84594994991666e-19	3.23407315447248e-07
0	0	0	0	2.99251541399267e-15	2.3867415520427e-18	1.21031199995162e-08
0	0	0	0	2.95702803320918e-15	2.93423758597851e-19	7.31986727743512e-08
0.00306493506493507	0.00309578083388931	0.00167548695987606	0.00167548695987606	0.0021936261227455	0.00226887017994862	2.48773083409854e-07
0	0	0	0	2.21075479804148e-15	2.16001465137876e-18	4.41390030918231e-09
0	0	0	0	2.90378023104751e-15	1.77805728396705e-18	7.50755826558114e-08
0.002999000999001	0.00307643220367751	0.00229501930416937	0.00229501930416936	0.00271778384079593	0.002754116437307	1.75117568242924e-07
0	0	0	0	3.25628812341676e-15	-1.36726885613948e-18	2.31670252344475e-10
0	0	0	0	2.35274082509397e-14	-1.2887475569028e-17	7.13416828916361e-08
0	0	0	0	4.34282468371527e-15	-8.55881381195654e-18	1.07851451976787e-07
0.00164835164835165	0	0.00109344747106647	0.00109344747106648	0.00123333625060742	-1.40885334515074e-17	-1.16310286640537e-09
0	0	0	0	2.22966961473687e-15	1.30087514179958e-18	6.23051435264376e-08
0	0	0	0	5.97042749939697e-15	-3.40748431469308e-17	5.23309676945643e-08
0	0	0	0	3.39254284536552e-15	4.07619350448798e-18	-9.16881084479051e-10
0	0	0	0	2.74850920358086e-15	-2.96098701994264e-18	4.77913420300026e-08
0	0	0	0	3.54190138706924e-15	4.26362353836357e-19	1.42613139726558e-08
0	0	0.000758026683488578	0.000758026683488523	0.000801762810969474	-5.90775501735915e-19	-2.50551221536876e-10
0	0	0	0	3.47159556346571e-15	-8.92403087906683e-19	2.72980641327017e-08
0	0	0	0	3.58450722685925e-15	-1.16635106279687e-17	5.57830043952834e-09
0	0	0.00216353772656884	0.00216353772656879	0.00103837114229629	-3.92651634051069e-18	-2.18111217240904e-09
0	0	0	0	3.38268516892331e-15	9.50069208906664e-18	-2.32769194976112e-08
0.000495504495504496	7.1978846486529e-05	0.000871750953255844	0.000871750953255875	0.000514050580903353	0.000940889612983276	5.06363266678944e-08
0	0	0	0	3.59971724797349e-15	2.35156960479295e-19	-5.72949987910126e-09
0	0	0	0	3.23864208610057e-15	-1.6928303037466e-17	-6.01800892561139e-08
0	0	0	0	1.23032634892141e-15	8.27087327932926e-18	1.19023455088841e-07
0	0	0	0	1.7588284033728e-15	3.23543896863414e-18	-5.50515958475298e-09
0	0	0	0	3.12903376029147e-14	-3.76128437302094e-18	-7.50638614844739e-08
0	0	0	0	2.78784136143134e-16	-1.96884957618263e-19	1.98069245873849e-07
0	0	0	0	7.39344733769595e-16	-9.36368997033888e-18	-2.37874213153977e-10
0	0	0	0	1.67774229884159e-14	-9.49758553314197e-19	-8.18101468648871e-08
0	0	0	0	1.20523274942039e-15	-6.19982152891557e-18	2.81091796013485e-07
0	0	0	0	1.80666693744752e-15	7.5019271031924e-19	7.94583216569804e-09
0	0	0	0	2.26524909890846e-15	8.65224537765246e-18	-8.3365371563649e-08
0	0	0	0	3.7488631914815e-15	-6.01304679537063e-18	3.63592394995233e-07
0.00484515484515484	0.00568503963934827	0.00279139786044469	0.00279139786044451	0.00421826766169786	0.00746957285193446	1.66127906680244e-08
0	0	0	0	2.67151574768223e-15	1.38251409254733e-18	-8.09116791977861e-08
0	0	0	0	4.44371143066942e-14	3.62513834184659e-19	4.41142244579975e-07
0	0	0	0	5.60275487151479e-15	1.27515248002774e-17	2.47550566159087e-08
0.00105894105894106	0.000419110049694162	0.0014345630373528	0.00143456303735283	0.00190608128340122	-1.53009010905611e-17	-7.2847673661138e-08
0	0	0	0	3.77863074415328e-15	-1.04243605298147e-17	5.0581194127928e-07
0	0	0	0	3.78258132878339e-15	-7.38129722558367e-18	3.3137973075925e-08
0	0	0	0	3.72125243881115e-15	-2.31256103551216e-18	-5.46329884458217e-08
0	0	0	0	4.39413322839096e-15	1.22754695943064e-18	5.4699576706853e-07
0	0	0	0	3.25261583347749e-15	8.21070170477135e-18	4.21011888745861e-08
0	0	0	0	3.1099934434251e-15	-9.0659723091542e-19	-2.6328402609976e-08
0.00193806193806194	0.00021834879919301	0.00126638566646835	0.00126638566646834	0.00142272406842447	0.0015870848731097	5.56883304429276e-07
0	0	0	0	2.58505441103161e-15	-2.57385700780546e-18	4.41701170550486e-08
0	0	0	0	2.73770048087217e-15	1.56005010147814e-18	6.85930007064858e-09
0	0	0	0	4.41906699490794e-15	4.54965291605043e-19	5.33575838176475e-07
0	0	0	0	3.22571535899679e-15	1.20266668648772e-18	3.66592338287546e-08
0	0	0	0	6.4491544526423e-15	1.66267534501689e-17	3.89707337074331e-08
0	0	0	0	6.04763111299549e-15	-1.69182510373722e-18	4.81536887426842e-07
0	0	0.000783303096353265	0.000783303096353237	0.00101507859217807	2.62603757625238e-18	2.32351865942668e-08
0	0	0	0	2.73115162308779e-15	-2.18828525132229e-19	6.33995477840739e-08
0	0	0	0	3.51465232921445e-15	5.12603705929762e-18	4.10359972454706e-07
0	0	0	0	3.43253076203974e-15	2.72507864005785e-18	9.950308979066e-09
0	0	0	0	3.47159556335181e-15	-9.44622340907312e-18	7.71916114258568e-08
0	0	0	0	3.55576757839481e-15	-1.49770005599427e-17	3.30215041891754e-07
0	0	0	0	3.42439130408091e-15	-3.3264906495444e-18	3.63384700280062e-10
0	0	0	0	3.43157031482782e-15	-4.53564032640703e-18	8.17764316217058e-08
0	0	0	0	1.26748638603344e-14	-1.24304443150944e-17	2.49011284291901e-07
0	0	0	0	3.25770778135796e-15	-5.39347883433718e-19	-4.77859927415901e-09
0	0	0	0	2.69801861645385e-15	-6.66917609821688e-18	7.96992793187307e-08
0.0083116883116883	0.00864479884237076	0.00805033263216126	0.00805033263216126	0.00852738389875185	0.00838464379295079	1.72435898709612e-07
0.00205594405594405	0.000159291757050794	0.00222171205264177	0.0022217120526418	0.00174223955306552	7.29233042748666e-18	-6.17263984992678e-09
0	0	0	0	1.87352565014868e-15	-4.46531167503135e-18	7.27308304208866e-08
0	0	0	0	9.31272632549983e-15	3.34869705044794e-17	1.04919957149587e-07
0	0	0	0	3.40760708126867e-15	1.49344808480591e-17	-5.0601018205268e-09
0.102505494505494	0.0996488287318418	0.102563298158828	0.102563298158827	0.103035505995984	0.102740249376647	6.16358076962015e-08
0	0	0	0	8.7698245953087e-16	-5.8636284776014e-18	5.05479164122746e-08
0	0	0.000455101942851919	0.000455101942851861	0.000911177450931958	-1.05989549614076e-17	-2.83111899371869e-09
0	0	0	0	1.86063931226772e-15	4.20691713894409e-19	4.63841254789773e-08
0	0	0	0	3.55373158513805e-15	4.37164761276236e-18	1.37570845390059e-08
0	0	0	0	3.4279126642287e-15	1.66936960145106e-17	-8.03513570936283e-10
0	0	0	0	3.47159556339598e-15	-9.20625962130896e-19	2.63098167746377e-08
0	0	0	0	3.75246263753056e-15	1.00809244939432e-18	9.38668597072103e-09
0	0	0	0	3.50171053518671e-15	6.28960533307641e-19	4.45011372535779e-09
0	0	0	0	0.000774320070372271	6.22634740002318e-18	-2.24976763404188e-08
0	0	0	0	7.91415836177172e-14	-8.81798608690215e-19	4.77905169391508e-08
0	0	0	0	4.27864671263065e-15	-9.44982403876536e-18	-1.6829095205439e-09
0	0	0	0	2.41076407046765e-15	1.19467879127552e-18	-5.32654808200038e-08
0.00907492507492508	0.00628352419247561	0.00846786362192049	0.00846786362192041	0.00939578311807929	0.00912425511903694	1.12772929052982e-07
0	0	0	0	1.17665393663692e-15	-5.65280231503818e-18	-7.8710451105406e-09
0	0	0	0	1.74922889321555e-15	-1.42526996632806e-17	-7.49165217399986e-08
0.0192147852147852	0.0144928446252632	0.0179956112735622	0.0179956112735621	0.0193876593498152	0.0190866100279493	1.93970486929428e-07
0.486685314685315	0.480585900028383	0.485268638558681	0.485268638558681	0.486270164762528	0.485879863932459	-8.34690121520367e-09
0	0	0	0	3.14139790053238e-15	-4.27688331855945e-17	-8.66798034087821e-08
0.011038961038961	0.00730466980697288	0.00912190314263807	0.00912190314263801	0.0101144561181951	0.00992026954166212	2.81671001756122e-07
0	0	0	0	1.17568266279587e-15	1.21311270169473e-17	-6.94383170975454e-09
0	0	0	0	1.12968108056574e-14	1.93762823246441e-17	-8.83916085062663e-08
0.0032007992007992	0.00484572102609773	0.00209323035781392	0.00209323035781392	0.00282649952159939	0.00292238475456072	3.68856313255218e-07
0	0	0	0	4.12287733155818e-15	1.87793092821937e-17	-6.82257734137565e-09
0.00137862137862138	0	0	0	5.27498360487677e-13	1.19212799450439e-18	-8.56309097576002e-08
0.0153946053946054	0.0149118334330044	0.0144536539549334	0.0144536539549334	0.0145267071149594	0.0145643161602063	4.52007092497953e-07
0.000745254745254746	0.00166478022526077	0.0013138469005899	0.00131384690058991	0.000979880804210568	9.27408164662663e-18	-4.19786755246255e-09
0	0	0	0	3.75563318814736e-15	-1.65483063053501e-18	-7.97674722441881e-08
0.000519480519480519	0	0	0	3.60218618666143e-14	-3.87954347254424e-19	5.25518542249706e-07
0	0	0	0	3.43171641759745e-15	1.49875759041376e-18	4.31448750181428e-09
0	0	0	0	5.81637567836908e-15	-1.95722942686335e-17	-6.51301424298658e-08
0.00195804195804196	0.000221103961842532	0.000786376371025114	0.00078637637102511	0.000319889580467826	0.00083777493879001	5.77073737745688e-07
0	0	0	0	0.000834654369279669	2.41568022582325e-17	1.66302402009266e-08
0	0	0	0	3.37248383516856e-15	3.35584790036605e-19	-3.49436458917137e-08
0.00195404595404595	0.000219722062081016	0.000762750874749817	0.000762750874749825	0.000488784098831846	0.00107353215752276	5.90718651686115e-07
0	0	0	0	3.30945413031399e-15	-2.13816330045841e-18	2.23495660831701e-08
0	0	0	0	3.47887973174357e-15	-5.99563443953086e-17	8.83350838108102e-09
0	0	0	0	3.53315557235085e-15	1.45990859389346e-17	5.59891833376928e-07
0	0	0	0	3.40669394862633e-15	2.64367181566109e-19	1.41293358168828e-08
0	0	0	0	3.54388146497075e-15	2.08720282043023e-17	5.11659532271587e-08
0	0	0	0	3.81878661551535e-15	-4.44276569947241e-18	4.93777258819981e-07
0	0	0	0	3.57213098008348e-15	3.42107761760052e-18	-8.79379063056813e-10
0	0	0	0	3.33909083414345e-15	1.31287931202661e-17	7.77794579965416e-08
0	0	0	0	1.86163576900732e-05	2.49877861085808e-19	4.09911906262918e-07
0	0	0	0	4.28769209855113e-15	5.13541471666671e-18	-1.24596360130621e-08
0	0	0	0	2.76130989769502e-15	-2.10754070077367e-18	8.76452074613681e-08
0	0	0	0	3.71222731279468e-15	-9.47193132847412e-18	3.21918501453633e-07
0	0	0	0	3.60893599149087e-15	6.4031962794739e-18	-1.80011375996119e-08
0	0	0	0	2.13704772373223e-15	-1.18241470208832e-17	8.70604449722189e-08
0	0	0	0	2.78739143310905e-15	7.18305518956293e-18	2.37716629588168e-07
0	0	0	0	3.28153351288604e-15	-4.53286496404951e-18	-1.84429342814682e-08
0	0	0	0	2.42734988994505e-15	-1.37458094028375e-17	8.06312168857484e-08
0.00505894105894106	0.00350896546930193	0.00422911705808171	0.00422911705808172	0.00426953582620535	0.00446761473715919	1.61810639510535e-07
0	0	0	0	1.58407725997883e-14	-9.00052806814722e-18	-1.54424844353512e-08
0	0	0	0	2.74850920353699e-15	6.44347344499401e-19	7.07156040442695e-08
0	0	0	0	5.40296447056096e-15	5.10464589657121e-17	9.71615356502007e-08
0	0	0	0	2.19579944010552e-13	-5.96533328690953e-17	-1.06527770603435e-08
0	0	0	0	2.30362187931561e-15	3.15369216956518e-18	5.81674371788524e-08
0	0	0	0	2.17110785756669e-15	-5.3356820865842e-19	4.63868392528136e-08
0	0	0	0	3.42529079850848e-15	9.53890475505806e-18	-5.58092728244189e-09
0	0	0	0	2.74850920359303e-15	4.1615235670425e-17	4.28881612160893e-08
0	0	0	0	3.40491688358067e-15	-1.03967177667236e-17	1.25664182753767e-08
0	0	0	0	3.43727144470571e-15	-3.43867891009071e-18	-1.60028180817324e-09
0	0	0	0	3.47404457968962e-15	-6.40005737516173e-18	2.40622349330474e-08
0.000831168831168833	0	0.000577886008134836	0.00057788600813484	0.000435321165626604	0.000809000406690133	1.11627356861637e-08
0	0	0	0	3.47159556306903e-15	3.03834575202538e-18	1.07633381137823e-10
0	0	0	0	2.07233349415147e-15	-1.37713767328176e-17	-2.22919734790203e-08
0.000829170829170829	0	0.00112147417122328	0.00112147417122326	0.00133003819827355	0.00119597686358591	4.49101129535653e-08
0	0	0	0	3.47295697818564e-15	-1.43134059158156e-17	-4.3680978631657e-09
0	0	0	0	1.60827144094247e-15	1.57010959870549e-17	-4.54011245439567e-08
0.0284195804195804	0.0283647989702125	0.0269795097273166	0.0269795097273165	0.0282404734377054	0.0278975844559504	1.01840797002526e-07
0	0	0	0	1.5507588986732e-15	2.62363717055923e-18	-1.4656979900115e-08
0	0	0	0	1.51052458675842e-15	-1.47094918275575e-17	-6.88990852773936e-08
0.0744955044955045	0.0728167444245673	0.0727572318154054	0.0727572318154053	0.0746172756315524	0.0745449114379662	1.8070845278432e-07
0	0	0	0	6.8281526074609e-16	-9.6904715288204e-18	-1.83789592052927e-08
0	0	0	0	2.70309014473062e-15	-6.53422113947006e-18	-8.10728963210373e-08
0.0291188811188811	0.0245209434774518	0.0271722774443623	0.0271722774443622	0.0284626012863146	0.0281412367286291	2.66656717313771e-07
0	0	0	0	1.52617416737757e-15	-1.58693324137761e-17	-2.3170216130927e-08
0.0268711288711289	0.0175223772520624	0.0284659168389254	0.0284659168389252	0.0325420020556224	0.0314919422690901	-8.37037698630833e-08
0.00174825174825175	0.002077516989224	0.000820656850870165	0.000820656850870192	0.00114571966569744	0.00101411635788609	3.4820948892121e-07
0	0	0	0	2.66790844733356e-14	7.08806320880524e-18	-3.56259055603924e-08
0	0	0	0	8.17270913937904e-15	3.40324982874409e-17	-8.10867425235096e-08
0.000177822177822178	0.00165437534885289	0	0	5.82386085117068e-05	-7.01045903949614e-19	4.29873843653087e-07
0	0	0	0	2.40486732517928e-15	1.21038319573974e-18	-4.16044697775022e-08
0	0	0	0	3.65266048051892e-15	-1.78370769888947e-19	-8.21679914920385e-08
0	0	0	0	4.21970685419368e-15	2.91578746448388e-17	5.1003076274628e-07
0	0	0	0	3.17377970180697e-15	2.86305244557413e-19	-3.78401063633428e-08
0	0	0	0	3.76721491234629e-15	-1.37166189622399e-17	-7.61147097258541e-08
0	0	0	0	3.6532837055831e-15	7.25365947550079e-18	5.75394190508888e-07
0	0	0	0	3.38083636571209e-15	4.98839242053998e-18	-2.40296402329772e-08
0	0	0	0	0.000751873871910129	1.49234610238614e-18	-4.94938342928761e-08
0	0	0	0	3.50995293889166e-15	-7.57802582334979e-19	5.97822857659188e-07
0	0	0	0	3.38087748494733e-15	1.33061183759087e-18	-9.76743300936955e-09
0.00154445554445554	0	0.000652260291086576	0.000652260291086563	0.000790115968132411	5.90483835705254e-18	9.72137315358032e-09
0	0	0	0	3.39511112675424e-15	-7.37921504108307e-18	5.56535534843788e-07
0	0	0.000439641966834851	0.000439641966834835	0.000968383207504448	8.04184103004006e-18	-2.50543687633183e-08
0	0	0	0	3.45023994803162e-15	9.9657706195846e-18	6.72675772469116e-08
0	0	0	0	5.8867116082152e-15	3.63304109558281e-18	4.75124130055379e-07
0	0	0	0	3.44920117645737e-15	6.35860872300176e-18	-3.89960375819594e-08
0	0	0	0	2.29684928579733e-14	2.10309526362315e-17	9.03006075596035e-08
0.005998001998002	0.00718685229682246	0.00652034382737914	0.00652034382737909	0.00669186377915921	0.00651276595252193	3.82555207902681e-07
0	0	0	0	3.46973290878064e-15	-5.37311647970402e-18	-4.34338011770454e-08
0	0	0	0	4.31615907984372e-15	-6.45032942681907e-18	9.2717258291002e-08
0	0	0	0	5.88671160753847e-15	-2.04871719893464e-18	2.92626663641451e-07
0	0	0	0	3.46147548677338e-15	8.29750927552582e-18	-4.10548918938199e-08
0.0990469530469531	0.0970127087788016	0.10059377973907	0.10059377973907	0.100742368275141	0.100385223943441	8.62445498717175e-08
0	0	0	0	8.98879027910058e-16	-1.12360811853665e-17	2.11323396632064e-07
0	0	0	0	0.000427025569407576	-1.6325315409443e-18	-3.44675683933419e-08
0	0	0	0	1.8549669688813e-15	8.7750120234724e-18	7.59956402235812e-08
0	0	0	0	4.7415966825918e-15	3.87854166054486e-18	1.41183759315886e-07
0	0	0	0	3.08575765564221e-15	1.17531541802828e-18	-2.57859021447646e-08
0	0	0	0	3.46143295849565e-15	-5.42763837582403e-18	6.41090392501413e-08
0	0	0	0	3.71046840646363e-15	1.62417964729848e-17	8.34659251368457e-08
0	0	0	0	3.38169312785961e-15	-4.62250663428262e-18	-1.66753363133155e-08
0	0	0	0	3.51968383100832e-15	-4.71394814796454e-18	5.11549575034395e-08
0	0	0.000470494863523986	0.00047049486352398	0.00012052061649103	4.53551378496738e-19	3.93346348500053e-08
0	0	0.00198451283586029	0.00198451283586029	0.00089099017989155	-3.51644110297198e-17	-8.47788568428271e-09
0	0	0	0	3.44527688484149e-15	3.3738524899403e-18	3.68331029467581e-08
0	0	0	0	3.39645017660461e-15	-2.40517437251706e-18	1.0542850268114e-08
0	0	0	0	0.000724761253479679	-2.09877151359158e-17	-2.43503990922357e-09
0	0	0	0	3.47501019895484e-15	1.23148555022554e-19	2.02884798968382e-08
0	0	0	0	3.65032528831352e-15	-1.14072916158643e-17	1.04760818653893e-08
0	0	0	0	3.41680314229453e-15	2.19299649028862e-17	-1.18767839911554e-09
0.0956623376623376	0.0948257243358793	0.0956349197255446	0.0956349197255447	0.0958268905212567	0.0956179949339832	-2.03690115465135e-08
0	0	0	0	1.95717926340682e-15	1.37049210837529e-17	3.98872217929672e-08
0	0	0	0	2.88046053137421e-15	6.86991478140367e-18	-5.30355777750815e-09
0	0	0	0	1.54993936870205e-15	1.75084791830423e-18	-3.79158470012611e-08
0.00907492507492507	0.00592905462987724	0.00873101353440596	0.0087310135344059	0.00946278517113512	0.0091492572890697	8.57355108240112e-08
0	0	0	0	1.54259188231894e-15	-1.70480780998228e-17	-1.36259606593569e-08
0	0	0	0	1.73524075226445e-15	7.0279543366872e-19	-5.33820374560003e-08
0.0192787212787213	0.0170652880329703	0.0181122442368997	0.0181122442368997	0.0195628609429984	0.0191752215270012	1.57287761087894e-07
0	0	0	0	1.00808486820353e-15	-1.85286565583774e-17	-2.81014935612238e-08
0	0	0	0	3.19789892542713e-15	-3.88015896934212e-17	-1.09422709906816e-07
0.0103596403596404	0.01051077411588	0.00902394572735849	0.00902394572735844	0.00950419798223471	0.00919538887689702	2.32722920910975e-07
0	0	0	0	1.53894952001937e-15	-5.61772049663282e-18	-4.81417667217104e-08
0	0	0	0	1.63120909939297e-14	-1.58642707904816e-19	-6.22206636319533e-08
0	0	0	0	1.35784743808177e-14	-2.33161227514928e-17	2.95820257784895e-07
0	0	0	0	2.89329717852448e-15	1.2913861598089e-17	-6.93167899016398e-08
0	0	0	0	5.3996709177345e-15	3.52388008435462e-17	-6.57536708651531e-08
0	0	0	0	3.52944975544007e-15	5.24382743757194e-18	3.66919717651945e-07
0	0	0	0	3.44571980404131e-15	7.44536035014862e-18	-8.46044870578325e-08
0	0	0	0	3.49194061837673e-15	2.16863367133496e-17	-7.60428354607418e-08
0	0	0	0	3.50756395076489e-15	2.58559172794091e-18	4.46396711082963e-07
0	0	0	0	3.45843133525183e-15	7.38776341494018e-19	-8.98810876753854e-08
0	0	0	0	3.46612580400216e-15	-5.759414520789e-18	-8.01530443781211e-08
0	0	0	0	3.51290264067228e-15	3.72255804439886e-17	5.20371635270476e-07
0	0	0.000812693607503582	0.000812693607503604	0.000922494965589292	-7.41959895113928e-19	-8.95235403745354e-08
0	0	0	0	3.42584186617884e-15	1.35797895921148e-17	-6.41467072494646e-08
0	0	0	0	3.46246840186902e-15	-2.22332472136569e-17	5.56175446806366e-07
0	0	0	0	3.43634430922861e-15	7.09669516793307e-19	-9.01242532319383e-08
0	0	0.000699651852909773	0.000699651852909699	0.000863873538386826	-3.28739844821605e-18	1.05657212003036e-08
0	0	0	0	3.44907235653743e-15	1.07807567300768e-18	5.00588776740867e-07
0	0	0	0	3.43283079181634e-15	-1.63009399831617e-17	-9.09707652285705e-08
0	0	0	0	3.4373978635506e-15	2.48830360350489e-18	8.14195795689077e-08
0	0	0	0	3.6020259453165e-15	5.97601209947237e-18	4.12398493711154e-07
0	0	0	0	3.29998395717952e-15	1.71948638688669e-18	-8.6851658569019e-08
0	0	0	0	8.01776850672476e-05	1.12138757829521e-17	9.1908946840394e-08
0	0	0	0	6.97981167411067e-13	3.53453393285963e-19	3.22103974313733e-07
0	0	0	0	2.90247272865754e-15	8.96248352893781e-18	-7.70819653362004e-08
0	0	0	0	2.75983273928067e-15	8.47481412540755e-18	8.72385669301275e-08
0	0	0	0	3.72758846993157e-15	-3.47085958626093e-18	2.39922555865091e-07
0	0	0	0	3.33731566861084e-15	-1.19352023806579e-17	-6.36849259787414e-08
0	0	0	0	2.13634172093105e-15	-7.92704051840327e-19	7.66646817096525e-08
0	0	0	0	2.15293544194525e-15	2.63845705253583e-18	1.69298783948114e-07
0	0	0	0	3.40659889071151e-15	-5.92963740142434e-18	-4.88965045763557e-08
0	0	0	0	2.7613098973922e-15	-9.35159577500322e-18	6.45542360833922e-08
0	0	0	0	3.55836875864002e-14	-1.51944358422475e-17	1.1080952271236e-07
0	0	0	0	3.29976204404144e-15	3.85479027323091e-18	-3.43955013381413e-08
0	0	0	0	3.43355568861225e-15	-6.58642319072439e-18	5.24934274139639e-08
0	0	0.000513186033699104	0.000513186033699108	0.000147923661883198	2.73060411795325e-17	6.42604507310505e-08
0	0	0	0	3.40990342659864e-15	1.77065932608003e-17	-2.13408393502804e-08
0	0	0	0	0.000811081788058338	-1.81579007273127e-17	4.06173971469164e-08
0	0	0	0	3.56781545992466e-15	8.79117260259012e-18	2.96908058447155e-08
0	0	0	0	3.4156393894282e-15	-8.92926302183534e-18	-1.05959355014768e-08
0	0	0.000766654022497304	0.000766654022497273	0.000975929416854412	6.24502374691639e-18	2.8417825514434e-08
0	0	0	0	3.47091887348095e-15	-1.8401718752672e-18	7.78242394818138e-09
0	0	0.000751068215029768	0.000751068215029749	0.000825648064429803	1.82729507313467e-17	-3.03031368115609e-09
0	0	0	0	3.44706860772016e-15	-2.23146988836553e-18	1.51638846656506e-08
0	0	0.000476513597646165	0.000476513597646146	0.000149014537576415	3.10568239376514e-18	8.81699937712431e-09
0	0	0	0	3.47159556333868e-15	7.54847560628517e-18	-2.30661940005619e-09
0	0	0	0	5.89064284375493e-15	1.94623911635416e-17	-1.72320592857223e-08
0	0	0	0	2.38132007465058e-15	2.37654755418884e-17	3.40563183959219e-08
0	0	0	0	3.28950393842373e-15	-1.72434767514977e-17	-7.05015265977571e-09
0	0	0	0	2.67924515526113e-15	-1.52527430774598e-17	-3.31413111168969e-08
0	0	0	0	2.51118524690311e-14	2.43652015585638e-17	7.46462297476233e-08
0	0	0	0	2.50249913588933e-15	-4.81403673796306e-17	-1.26878574895316e-08
0	0	0	0	3.0034972178822e-15	-7.80678979671831e-18	-4.77244813455615e-08
0.00112287712287712	0	0.000943559897574431	0.000943559897574405	0.00135715554752142	0.00111152344799861	1.25766415200357e-07
0	0	0	0	2.07265742641918e-15	4.40702255645075e-18	-3.37358214661512e-08
0	0	0	0	3.45042280586671e-15	3.62304543120649e-19	-4.70499576623211e-08
0	0	0	0	2.40240419347274e-14	-6.06190026027609e-18	1.71994992046647e-07
0	0	0	0	1.00612732259511e-14	9.44912011798124e-18	-6.8390352815415e-08
0	0	0	0	4.0856855298167e-15	-5.18780412307362e-18	-4.04230431756261e-08
0	0	0	0	3.87578515077926e-15	2.00992013429079e-18	2.11487355010325e-07
0	0	0	0	3.30391012492554e-15	7.6270916739314e-18	-9.70593624263866e-08
0	0	0	0	3.67597082910477e-15	7.83487343014352e-20	-4.2560684500793e-08
0	0	0	0	3.50966298176269e-15	5.01509555596734e-18	2.62369045191439e-07
0	0	0	0	3.47501105801275e-15	1.38269166978273e-17	-1.22701402258697e-07
0	0	0	0	3.46004512535457e-15	-7.25929946709858e-19	-6.35570655337326e-08
0	0	0.000503187033466421	0.000503187033466417	0.000149896621871093	-2.46580339694029e-17	3.32924689664072e-07
0	0	0	0	3.44062128222436e-15	1.34588074209279e-17	-1.34300382360236e-07
0	0	0	0	3.47159556331404e-15	1.23979107251144e-17	-7.62155863519105e-08
0	0	0	0	3.52616404868662e-15	4.1535666356427e-18	4.00677909257084e-07
0	0	0	0	0.000667708674644817	-1.12856114948064e-17	-1.41187328842021e-07
0	0	0	0	3.47895542535167e-15	3.59707722225348e-18	-5.05300731037621e-08
0	0	0	0	3.47846808563935e-15	-1.87266788574015e-18	4.20675463277354e-07
0	0	0	0	3.44410353693148e-15	4.49464810930886e-17	-1.61528842200087e-07
0	0	0	0	3.44843935958735e-15	4.78388503380617e-18	1.45493485485627e-08
0	0	0	0	3.49291147075658e-15	-1.29512680836539e-17	3.77076491618507e-07
0	0	0	0	3.46079669847668e-15	1.8351521728658e-17	-1.49555164921063e-07
0	0	0	0	3.46324899975297e-15	-3.29950984396982e-18	6.48370294070207e-08
0	0	0	0	3.51964191633851e-15	-3.16741464037287e-18	3.04255677814952e-07
0.00137662337662338	0	0.00121056877007657	0.00121056877007662	0.00123602997234123	7.73400801507115e-18	-1.26160019846305e-07
0	0	0	0	3.44896170159507e-15	-5.38209740159582e-18	7.55833473415179e-08
0	0	0	0	3.92650194337988e-15	4.10926739816754e-18	2.31438832782342e-07
0	0	0	0	3.66091098066463e-15	-2.02958684264663e-17	-1.01513371361343e-07
0	0	0	0	3.38594079041722e-15	-1.31568891451812e-18	6.8785351254152e-08
0	0	0	0	5.62764909993076e-15	-1.99324045702028e-17	1.68066657782125e-07
0	0	0	0	4.3114711005155e-15	4.89932179934773e-18	-7.78525909382918e-08
0	0	0	0	3.28431184797006e-15	-2.96589640373777e-18	5.78154274078469e-08
0	0	0	0	7.52128743468937e-15	-6.52922573668273e-18	1.15831605307974e-07
0	0	0	0	4.68976426969013e-15	1.42672917890606e-17	-5.64118451829822e-08
0	0	0	0	3.12815825690153e-15	1.28287986785126e-18	4.68255075860723e-08
0	0	0	0	2.5451729458073e-15	6.56641354046804e-18	7.40970698696927e-08
0.00612387612387613	0.00953403735392054	0.00508766289164526	0.00508766289164522	0.00606734435355113	0.0086533775918461	-3.78951236947118e-08
0	0	0	0	3.48673830043467e-15	2.74859264439178e-17	3.68349409563738e-08
0	0	0	0	5.91664829829796e-15	-1.76804886950666e-17	4.19044538049995e-08
0	0	0	0	4.25177697081549e-15	-5.81718920654422e-17	-2.26549858422885e-08
0	0	0	0	3.96831672801568e-15	3.14720391047113e-17	2.76482446002804e-08
0	0	0.000315832467491454	0.000315832467491442	6.49179748280178e-05	0.000241037084643523	1.87410906590689e-08
0	0	0	0	3.52864621701151e-15	1.24755454315484e-17	-1.09296664301485e-08
0	0	0	0	3.64084268663141e-15	-8.17028545307813e-18	1.86640849269827e-08
0	0	0	0	3.40783417204671e-15	-5.86827721606431e-18	4.67892476536205e-09
0	0	0	0	3.39524713568877e-15	3.70827398804323e-18	-3.07638969107977e-09
0	0	0	0	3.4456616755545e-15	5.60587881036274e-19	9.39702340443646e-09
0	0	0	0	3.5035862228721e-15	3.76310307439938e-18	5.67363553660331e-09
0	0	0	0	3.45674649234214e-15	-2.1772348343329e-17	-3.8793266410515e-09
0	0	0	0	3.4715955632885e-15	-1.15971673562219e-17	-1.15739679157582e-08
0	0	0	0	1.41981589690678e-15	-5.80591181761406e-18	2.37900089387117e-08
0	0	0	0	1.66320601181386e-15	-2.67633228206078e-17	-1.401466938018e-08
0	0	0	0	3.47462410154547e-15	-6.21158820895729e-18	-2.52408069215249e-08
0	0	0	0	2.62555211333086e-16	-3.83631613432638e-18	5.5919521016021e-08
0	0	0	0	7.57435786036432e-16	-9.42643012365429e-19	-2.72770418182608e-08
0	0	0	0	3.41109992532783e-15	-3.62969503104668e-18	-3.83820653985156e-08
0	0	0	0	1.01754073669027e-15	2.19632347914908e-18	9.08692530713201e-08
0	0	0	0	3.19749751956585e-15	7.54514425525249e-18	-3.53491968709914e-08
0.0017042957042957	0	0.000984167563742496	0.000984167563742501	0.000894089952681063	3.28185883330955e-17	-2.11265083511417e-08
0	0	0	0	3.37500301843393e-15	6.191732700893e-17	1.01395977473071e-07
0	0	0	0	3.41901396984591e-15	1.0337042117934e-17	-7.21317705445184e-08
0	0	0	0	3.4357483303264e-15	1.38522746828984e-18	-6.1436050838312e-09
0	0	0.000756862545481747	0.000756862545481705	0.000168035419260588	2.63632007797424e-17	1.09027293120724e-07
0	0	0	0	3.48116443067405e-15	6.87955904394162e-17	-1.02373515085867e-07
0	0	0	0	3.44799363149719e-15	-4.39639803679291e-19	-1.23564910031897e-08
0	0	0	0	3.49795642977331e-15	-4.05814679945789e-17	1.29017436433225e-07
0	0	0	0	3.47231230299779e-15	-1.16394704487227e-17	-1.38724000617408e-07
0	0	0	0	3.47994718442863e-15	2.24560672449123e-17	-2.18819836026925e-08
0	0	0	0	3.51764307538274e-15	4.92288844784941e-18	1.87962421295813e-07
0	0	0	0	3.43102673188967e-15	1.79703992967388e-18	-1.49031538967197e-07
0	0	0	0	3.47159556331303e-15	3.97765682615876e-18	-7.80493259317259e-08
0	0	0	0	3.54508668374713e-15	3.1601533258042e-17	2.54340659127382e-07
0	0	0.000772501978559248	0.000772501978559214	0.000879568221368683	3.49734159860847e-17	-1.43212331936165e-07
0	0	0	0	3.47464204457707e-15	-7.41248893900507e-18	-3.48589583409754e-08
0	0	0	0	3.52300575894021e-15	-3.64998278667069e-18	2.52045615046597e-07
0	0	0	0	3.44574215360348e-15	5.96462610279923e-18	-1.74791221386286e-07
0	0	0	0	3.45422819033002e-15	-1.18775853922864e-18	2.55823604034428e-08
0.00139060939060939	0	0.000742461322126254	0.000742461322126269	0.00017441321723628	-9.20106004239e-17	2.16298203218898e-07
0	0	0	0	3.46067451288453e-15	-6.43632525860836e-18	-1.6401458467447e-07
0	0	0	0	3.47159556330778e-15	3.10188317374219e-17	4.33393438961506e-08
0	0	0	0	3.94599066520778e-15	9.83019845237915e-18	1.70676872955723e-07
0	0	0	0	3.43591150733282e-15	1.34855057576061e-17	-1.33851341920784e-07
0	0	0	0	3.37133035213884e-15	-1.16556779695647e-17	4.61008539417428e-08
0.00184215784215784	0.00636449221020001	0.00205071728733983	0.0020507172873399	0.0012060031856141	0.00173054437789919	1.2688149140386e-07
0	0	0	0	3.52470081418968e-15	3.62260882274614e-18	-1.02623055667956e-07
0	0	0	0	3.4900175176716e-14	-5.01211235268325e-17	4.07335874333892e-08
0.0044975024975025	0.00858799669577805	0.00438195097939445	0.00438195097939442	0.00428956576897015	0.00494348542904437	8.99539746409338e-08
0	0	0	0	4.52824209689714e-15	2.66672812747868e-17	-7.48476495247365e-08
0	0	0	0	2.43693409229276e-15	3.51614612663825e-18	3.31091862474042e-08
0.0115164835164835	0.0135488147389795	0.0105051404975844	0.0105051404975844	0.01095409750698	0.01128543235357	6.05145532284399e-08
0	0	0	0	1.52121304290088e-14	9.96808016965938e-17	-5.18580336777611e-08
0	0	0	0	1.70258951969921e-15	-2.95425119151404e-17	2.59598574136173e-08
0.02397002997003	0.025993394238051	0.0226187532260955	0.0226187532260954	0.0230578985879634	0.0234674188936055	3.77004697530813e-08
0.0680959040959041	0.0649150394943566	0.0682206883875	0.0682206883875002	0.0689410783760402	0.0718711449433983	-3.33922225708137e-08
0	0	0	0	3.26523001038561e-15	-1.54754827916828e-17	1.98441855146155e-08
0.00947252747252748	0.00962501808751353	0.00946069125420231	0.00946069125420231	0.00970978494069554	0.00989213937145297	2.05836690065923e-08
0	0	0	0	1.1416955400964e-14	4.57512634749962e-17	-1.91051808026362e-08
0	0	0	0	3.841262670938e-14	9.70817569180683e-19	1.44765624635005e-08
0	0	0	0	9.24536065339151e-15	5.27803413691358e-18	8.67278219289576e-09
0.0047992007992008	0.0020778825058925	0.00352013294398586	0.00352013294398595	0.00431804059476289	0.00724617393734352	-8.76278011068534e-09
0	0	0	0	4.975051885929e-15	-2.33603324936203e-17	9.34252289123344e-09
0	0	0	0	3.53721591338509e-15	-1.08651269744451e-17	1.91173205772344e-09
0.00120479520479521	0	0	0	0.000538507340726742	-2.95145892624741e-17	-2.32882432695189e-09
0	0	0.00075405847682346	0.000754058476823428	0.00104766660628026	0.00387786857612537	4.18561459352662e-09
0	0	0	0	3.4715955632937e-15	3.18070697623085e-17	1.64383967014253e-09
0	0	0	0	3.47159556330869e-15	-1.52591872584109e-17	-3.1358742263405e-09
0	0	0	0	3.47159556329657e-15	2.5562761163315e-17	-3.88380411811821e-09
0	0	0	0	3.47159556326936e-15	3.48076928499537e-18	8.59182939975315e-09
0	0	0	0	9.12341961505179e-16	1.13293139015326e-17	-1.61147843474043e-08
0	0	0	0	3.47159556334782e-15	-1.17775539461279e-17	-1.04064393975852e-08
0	0	0	0	3.58267188923009e-15	1.11835930111693e-17	2.1895102415884e-08
0.425532467532467	0.426043137484267	0.426563958120409	0.426563958120409	0.425494471127253	0.425250349851314	-2.57594741397509e-08
0	0	0	0	3.4379207331793e-15	4.58320337517879e-17	-1.49978458812566e-08
0	0	0	0	3.47159556328188e-15	3.25836007386677e-17	3.40971796904728e-08
0	0	0	0	9.10741039896879e-16	-6.38378017721484e-18	-1.16645415995782e-07
0	0	0.00068606885633469	0.000686068856334666	0.00089408678485573	9.73243812954595e-18	-6.67776282730566e-09
0	0	0	0	3.51354172376382e-15	-3.04762684183204e-17	3.37177965614317e-08
0	0	0.00068365269631228	0.000683652696312281	0.00101431051512286	-3.88422750443064e-18	-4.86798334693835e-08
0	0	0	0	3.38744757698971e-15	2.95913811241304e-17	5.34785815422317e-09
0	0	0.000546459596392053	0.000546459596391997	0.000185186171091096	-1.04160623689297e-17	2.45327127044165e-08
0	0	0	0	3.43202260390189e-15	2.26777305788137e-17	-5.71882933868736e-08
0	0	0.000441926284480129	0.000441926284480139	0.00103837114228556	-5.55016876609714e-18	1.58459048005396e-08
0	0	0	0	3.4138049500519e-15	-6.89328666723292e-19	1.43913886509883e-08
0	0	0	0	3.46818677593115e-15	-5.0924255752314e-17	-6.6008251379335e-08
0	0	0	0	3.46327178540533e-15	-3.96380244790344e-17	-1.70982592707058e-08
0	0	0	0	3.48954849306419e-15	-3.34809145347241e-17	5.47179475937556e-08
0	0	0	0	3.46381707951082e-15	-5.23430792391696e-17	-8.72971982520271e-08
0	0	0	0	3.47159556333585e-15	3.42149686865132e-17	-4.65918184986986e-08
0	0	0	0	3.561909653284e-15	1.98318152054125e-17	8.71553166104712e-08
0	0	0	0	3.44611356266675e-15	-9.36489230223255e-18	-2.55990828167168e-07
0	0	0	0	3.47159556333838e-15	2.64139177415757e-17	-1.47946819992982e-08
0	0	0	0	3.49560835396203e-15	8.45084665942218e-18	8.49513068767824e-08
0	0	0	0	3.46029486727305e-15	-3.29678553105659e-17	-1.28751245224179e-07
0	0	0	0	3.46805752218225e-15	7.34818934483706e-17	1.34737074328325e-08
0	0	0	0	3.5090978035648e-15	5.01745795676384e-17	6.83902814396608e-08
0	0	0	0	3.45422819027196e-15	2.65119757925528e-17	-1.24177568156096e-07
0	0	0	0	3.47159556333686e-15	-3.83701596964037e-17	1.75044769175663e-08
0	0	0	0	3.51964158515415e-15	-4.2594070020081e-17	5.19502427468845e-08
0	0	0	0	3.44378740971549e-15	-3.5038456581184e-17	-9.41088382543549e-08
0	0	0	0	3.4507718254824e-15	4.93758967682057e-18	1.55064704566879e-08
0	0	0	0	5.01108008649819e-15	8.91066872750767e-17	3.76822384209784e-08
0	0	0	0	1.99014755159121e-13	5.03967486623274e-17	-6.96463643819296e-08
0	0	0	0	3.11381818491408e-15	2.85448981032129e-17	1.2993646252732e-08
0.00313686313686314	0.00305046642070877	0.00280444066519205	0.0028044406651921	0.00311501842532155	0.00330611435577392	2.60828157535591e-08
0	0	0	0	2.27820436616462e-14	-2.8446609461429e-17	-4.87846120849348e-08
0	0	0	0	1.96753310554701e-15	7.98288246838208e-17	1.02373071037266e-08
0.0248651348651349	0.0310834886175119	0.024476301534605	0.024476301534605	0.0245379169823687	0.025286631520075	1.71016571494666e-08
0	0	0	0	5.69683727383604e-15	-4.62735410079221e-18	-3.24590421221331e-08
0	0	0	0	9.74137657113688e-16	5.36692944564701e-17	7.80359493198713e-09
0.0877822177822177	0.0933709624873506	0.08816740332091	0.08816740332091	0.0882353641102193	0.0888697862162259	1.0318349163363e-08
0	0	0	0	1.46794283652512e-15	-1.19558923139621e-17	-1.99515659092363e-08
0	0	0	0	2.65167330908905e-15	-4.46203424337201e-17	5.82775811289322e-09
0.0235264735264735	0.0254276753291201	0.0233573638465134	0.0233573638465134	0.0235392374102726	0.0242521995865221	5.34051570334742e-09
0	0	0	0	2.16721927996679e-15	-6.8764214303541e-17	-1.06819156554978e-08
0.0367052947052947	0.0318444413253511	0.0384949761770416	0.0384949761770416	0.0410897321068063	0.0406165517270491	4.15582997604022e-09
0	0	0	0	7.02122121974432e-15	-1.09479457965977e-17	1.98388992963178e-09
0	0	0	0	3.17197651889445e-15	-4.92456915106936e-17	-4.33600959161669e-09
0	0	0	0	5.5907213496048e-15	-3.74576689829319e-18	2.54305298021201e-09
0.0011988011988012	0	0.000553163199989682	0.000553163199989691	0.000292279829992087	0.000700450779775191	2.74432209875072e-10
0	0	0	0	3.41844054809533e-15	7.13589458388307e-18	-8.64511920541114e-10
0	0	0	0	3.44778378595161e-15	4.36021745961452e-17	8.59404794175162e-10
