FW_Default	FW_LBM	FW_QBM	FW_NM	Direct	interior-point-convex	active-set
0	0.00363175120896205	0.0203475729521547	0.0203475729521549	3.47159556348686e-15	1	1.56842271430798e-10
0	0	0	0	3.47159556357198e-15	0	3.94569794234921e-10
0	0	0	0	3.47159556311083e-15	0	-3.95095170522414e-10
7.98403193612775e-06	0.00261642291398342	0.014805620244704	0.0148056202447041	5.39639855494455e-15	0	7.77065907019817e-10
0	0	0	0	3.71804441842771e-15	0	1.61259311107769e-09
0	0	0	0	2.93861510043743e-15	0	-7.73973275673679e-10
0.00585229540918164	0.00739989382058472	0.0105663790548785	0.0105663790548785	0.00399174075577841	0	1.46066412388832e-09
0	0	0	0	7.09817956087265e-15	0	3.00892978205785e-09
0	0	0	0	2.0197807228939e-15	0	-4.42257844647606e-10
0.0192095808383234	0.0205250861801324	0.0184580174623529	0.0184580174623529	0.0180889419121882	0	1.27378709253567e-09
0	0	0	0	0.00197881791943127	0	3.1774659244309e-09
0	0.00363175120896205	0.0203475729521547	0.0203475729521549	2.11853462322987e-15	1	1.00994951838277e-09
0.0482315369261477	0.0452675250630409	0.04285142470865	0.04285142470865	0.0460458252921637	0	-7.17635862407878e-10
0.0729101796407186	0.0718472137658172	0.0721740711521332	0.0721740711521332	0.0747370749013946	0	5.80175060481398e-10
0	0	0	0	1.24019885958016e-15	0	2.86840200597393e-09
0.0837045908183633	0.0830334258629697	0.0809852250078406	0.0809852250078406	0.0831413209824408	0	-3.2207830766408e-09
0.14686626746507	0.144916440242789	0.145566305691789	0.145566305691789	0.147665545529915	0	-3.06478364110487e-09
0	0	0	0	1.65507794609392e-15	0	1.0373037436126e-09
0.0365988023952096	0.0375232983882563	0.0349305671143737	0.0349305671143737	0.0362072448297313	0	6.44312380379032e-10
0.0187624750499002	0.0124134010677939	0.0221123755066804	0.0221123755066804	0.0290626865586228	0	2.04839058500935e-09
0	0	0	0	8.60959707696073e-16	0	-1.00579271124315e-08
0	0	0	0	1.19572676831508e-15	0	1.42181652332868e-08
0	0	0	0	4.4148982197409e-15	0	2.64031897345634e-08
0	0	0	0	1.64984169193744e-15	0	-1.90743163861067e-08
0	0	0	0	3.4712283844916e-15	0	2.72324773845483e-08
0	0	0	0	3.46287426868844e-15	0	4.98167733376767e-08
0	0	0	0	3.46303375822811e-15	0	-8.91954708385034e-09
0	0	0	0	3.3756050145876e-15	0	2.93508930354696e-08
0	0	0	0	3.42445748600014e-15	0	5.19864092217544e-08
0	0	0	0	3.44957480877311e-15	0	3.39957107582854e-09
0	0	0	0	3.43234981249537e-15	0	2.40448067784878e-08
0	0	0.00154347655717691	0.00154347655717688	0.000830785782868732	0	4.36509237822597e-08
0	0	0	0	3.46303375826047e-15	0	5.96959694918475e-09
0	0	0	0	3.47159556323599e-15	0	1.93955667871289e-08
0	0	0	0	0.000904302537130013	0	3.67314061145132e-08
0	0	0	0	3.47159556333722e-15	0	2.73511667732774e-09
0	0	0	0	3.5083244213344e-15	0	2.0241095678351e-08
0	0	0	0	3.4510229208178e-15	0	3.86333827326422e-08
0	0	0	0	3.45458085882078e-15	0	-5.34526203557746e-09
0	0	0.000926590547731009	0.000926590547730967	0.000170854312074479	0	3.2535766154876e-08
0	0	0	0	3.47159556342855e-15	0	5.85661342234183e-08
0	0	0	0	3.46220073766348e-15	0	-2.05673975703804e-08
0	0	0	0	3.50832442133223e-15	0	6.35856806706354e-08
0	0	0	0	3.47159556342617e-15	0	1.05971632914532e-07
0	0	0	0	3.4643857112008e-15	0	-4.26884333021026e-08
0	0	0	0	3.45014690343462e-15	0	1.13779134134515e-07
0	0	0	0	3.4715955634241e-15	0	1.80741366140297e-07
0	0	0	0	3.46220073766403e-15	0	-5.12032922953354e-08
0	0	0	0	3.47159556323503e-15	0	1.4209292777594e-07
0	0	0	0	3.47159556342617e-15	0	2.35453879193504e-07
0	0	0	0	3.4715955633358e-15	0	7.54053376189621e-09
0	0	0	0	3.58267187726258e-15	0	9.74332747189208e-08
0	0	0	0	3.47159556342764e-15	0	1.54508715893318e-07
0	0	0	0	3.43792074427368e-15	0	6.97627160825271e-08
0	0	0	0	3.47159556303096e-15	0	2.98301605120344e-08
0	0	0	0	3.47159556343274e-15	0	5.12695631557029e-08
0	0	0.00156251618766935	0.00156251618766937	0.000894087225035704	0	5.77392455165568e-08
0	0.00207813287364738	0.0118668493284664	0.0118668493284665	3.54252811616153e-15	0	8.28874038909256e-10
0	0	0	0	3.51320701148058e-15	0	9.20921329468772e-10
0	0	0	0	3.43095829222827e-15	0	-1.7034836842185e-09
0.000111776447105788	0.00316627802645759	0.00899502451664379	0.00899502451664387	4.58770855414788e-14	0	3.27844742992485e-09
0	0	0	0	3.75021549401853e-15	0	3.36215541422749e-09
0	0	0	0	1.00079388799375e-14	0	-3.01770990323349e-09
0.0155688622754491	0.0176598887995702	0.0166587482616617	0.0166587482616618	0.0113310433206137	0	6.33770734767418e-09
0	0	0	0	3.9781139507799e-15	0	6.86048886668534e-09
0	0	0	0	1.56787809416516e-15	0	-2.70767749032627e-09
0.0352095808383234	0.0397674784984722	0.0337097021948296	0.0337097021948296	0.0337266330580906	0	7.80340732517575e-09
0	0	0	0	3.83635152450414e-15	0	1.04967548691077e-08
0	0	0	0	8.98150740311761e-16	0	3.33299691565248e-10
0.0944590818363273	0.0915618335123402	0.0892012272957681	0.089201227295768	0.0914541534526149	0	4.97629628942453e-09
0	0	0	0	2.34124353282021e-15	0	1.25168294379473e-08
0	0	0	0	5.27962602341414e-16	0	5.41764520228912e-09
0.198331337325349	0.199378798384661	0.195781785414503	0.195781785414503	0.198901925979696	0	-1.2667268826736e-09
0	0	0	0	1.82307640222734e-15	0	9.8995026213319e-09
0	0	0	0	4.02471533320693e-16	0	4.57427067496689e-09
0.0667225548902196	0.0625755303836566	0.066111574397707	0.066111574397707	0.0692806015142369	0	4.25104452169675e-09
0	0	0	0	2.77963979806189e-15	0	3.99067568824172e-09
1	1	1	1	1	1	-2.38807644009577e-08
0	0	0	0	1.41144726939753e-16	0	4.89438636177009e-08
0	0	0	0	3.41072294972117e-15	0	4.11600404200345e-08
0	0	0	0	5.01058370610611e-16	0	-3.45631325837761e-08
0	0	0	0	3.57128891758556e-15	0	9.21360348844077e-08
0	0	0	0	3.44916622907169e-15	0	7.76327076460011e-08
0	0	0	0	3.41853782760362e-15	0	-2.07849210137934e-08
0	0	0	0	3.46573001022286e-15	0	9.27265759306411e-08
0	0	0	0	0.000986447030859923	0	6.8755344490705e-08
0	0	0	0	0.00096836433829873	0	1.1358306435203e-08
0	0	0	0	3.47619623603436e-15	0	7.83103312386308e-08
0	0	0	0	3.4176239602118e-15	0	6.04457453324184e-08
0	0	0	0	3.44357692784905e-15	0	1.44395837758007e-08
0	0	0	0	3.58239170452375e-15	0	6.75661017230681e-08
0	0	0	0	3.43817877440867e-15	0	5.62660062440975e-08
0	0	0	0	3.47159556331435e-15	0	5.70411529203003e-09
0	0	0	0	3.49599375064158e-15	0	7.0252595071525e-08
0	0	0	0	3.46014887121825e-15	0	5.74687446990473e-08
0	0	0	0	3.46812964873683e-15	0	-1.35761878126802e-08
0	0	0	0	3.62266915792905e-15	0	1.00527315774847e-07
0	0	0	0	3.45579041839312e-15	0	6.87360010998923e-08
0	0	0	0	3.4396685149766e-15	0	-5.03203077341455e-08
0	0	0	0	3.49035315183295e-15	0	1.73016153906382e-07
0	0	0	0	3.47414601740778e-15	0	9.82753291600499e-08
0	0	0.00147717314088579	0.00147717314088579	0.0010628354005919	0	-9.41745339965026e-08
0	0	0	0	3.37534176899722e-15	0	2.81681916103995e-07
0	0	0	0	3.4759583859434e-15	0	1.23568427424364e-07
0	0	0	0	3.43898724030669e-15	0	-1.19652841571521e-07
0	0	0	0	3.50480187900496e-15	0	3.61353128527693e-07
0	0	0	0	3.48712150606591e-15	0	1.26349037425704e-07
0	0	0	0	3.47159556331066e-15	0	2.01372893844299e-08
0	0	0	0	3.58832746267004e-15	0	2.39167101820857e-07
0	0	0	0	3.47473466965966e-15	0	1.01042837373602e-07
0	0	0	0	3.44099921967935e-15	0	1.67893294832292e-07
0	0	0	0	3.4715955632369e-15	0	8.03999624980447e-08
0	0	0	0	3.47159556333823e-15	0	4.1151714560805e-08
0	0	0	0	0.000894087225035385	0	1.2654557944651e-07
0	0.000669386416221082	0.00496579950928563	0.00496579950928567	3.96336083242356e-15	0	1.92034765515342e-09
0	0	0	0	3.47159556311947e-15	0	1.21899834118729e-09
0	0	0	0	3.26490358335775e-15	0	-3.7880325339323e-09
0.0035688622754491	0.00895782694108027	0.00734652347370863	0.0073465234737087	0.0020246907278413	0	7.31653381392381e-09
0	0	0	0	3.2829200732237e-15	0	4.55498768186233e-09
0	0	0	0	2.73233618183081e-15	0	-6.79755558129918e-09
0.00882235528942116	0.0111079475623242	0.00887433240323429	0.00887433240323436	0.00671327986718681	0	1.49524558176832e-08
0	0	0	0	2.46048150174561e-15	0	9.9809240208559e-09
0	0	0	0	1.79191052456101e-15	0	-8.06829115591065e-09
0.0276327345309381	0.0294302774300591	0.0249115560533475	0.0249115560533476	0.0252810412147437	0	2.24399764940553e-08
0	0	0	0	1.70124562568151e-15	0	1.81632996983725e-08
0	0	0	0	1.09663664523538e-15	0	-6.18406920963153e-09
0.0625149700598803	0.0598641717246677	0.0571257770122392	0.0571257770122393	0.0595971760934406	0	2.57682282266816e-08
0	0	0	0	9.155543150608e-16	0	2.87934571821977e-08
0	0	0	0	8.12299505951979e-16	0	3.3367008702317e-10
0.0976367265469062	0.0955667366312389	0.0960990034190456	0.0960990034190456	0.0993044908746607	0	2.1959864777458e-08
0	0	0	0	5.62817875188867e-16	0	3.73554961515603e-08
0	0	0	0	1.14875185271166e-15	0	6.84382449258415e-09
0.0439041916167665	0.0412151351209469	0.0439039000754155	0.0439039000754154	0.0458420050522658	0	1.90143846381569e-08
0	0	0	0	1.05670493870687e-15	0	4.17924816637687e-08
0	0	0	0	1.43771597835275e-15	0	-5.37772700065549e-09
0	0	0	0	1.10205104587796e-15	0	9.26486356431305e-08
0	0	0	0	2.78873544727463e-15	0	4.4128666973471e-08
0	0	0	0	1.97458304863809e-15	0	-2.36995169881248e-07
0	0	0	0	3.55901492477386e-15	0	1.64914199124916e-07
0	0	0	0	3.48990892843058e-15	0	4.79828966682188e-08
0	0	0.00410916876539094	0.00410916876539092	0.00112010886387355	0	-1.94631199769129e-09
0	0	0	0	3.50052356990795e-15	0	1.55189722144174e-07
0	0	0	0	3.4634237118558e-15	0	5.22435879528912e-08
0	0	0	0	3.41386778287662e-15	0	1.73496642539186e-08
0	0	0	0	3.51886144522256e-15	0	1.37619461291819e-07
0	0	0	0	3.4853660286222e-15	0	5.53989681157985e-08
0	0	0	0	3.46641170045348e-15	0	1.6412604435362e-08
0	0	0	0	3.46260278581365e-15	0	1.2582730641233e-07
0	0	0	0	3.46959677918968e-15	0	5.76316294560532e-08
0	0	0	0	3.47194896686242e-15	0	5.70290888368637e-09
0	0	0	0	3.4100409197768e-15	0	1.29537996428197e-07
0	0	0	0	3.46188968860055e-15	0	5.93761626537737e-08
0	0	0	0	3.46777467699648e-15	0	-1.47223532803786e-08
0	0	0	0	3.5106909909473e-15	0	1.6264790920724e-07
0	0	0	0	3.47575588524826e-15	0	5.8259648277205e-08
0	0	0	0	3.45971371461053e-15	0	-5.86304068490443e-08
0	0	0.000874889119257297	0.000874889119257235	6.01333967714042e-05	0	2.45281961225924e-07
0	0	0	0	3.44968618351411e-15	0	4.5399502620788e-08
0	0	0	0	3.44808040056296e-15	0	-9.77978588034538e-08
0	0	0	0	3.50912204675781e-15	0	3.40304557304407e-07
0	0	0	0	3.47844052213214e-15	0	3.9245237212281e-09
0	0	0	0	3.45283828621081e-15	0	-7.92455902833173e-08
0	0	0.000939822228385095	0.000939822228385049	0.000154449955179062	0	3.71630108200474e-07
0	0	0	0	3.47477573806227e-15	0	-5.18009791212759e-08
0	0	0	0	3.47477573806873e-15	0	3.2030013799292e-08
0	0	0	0	3.5233664398513e-15	0	2.76494336049497e-07
0	0	0	0	3.47159556328779e-15	0	-2.42042323527836e-08
0	0	0	0	3.47914411771739e-15	0	1.41231374824188e-07
0	0	0	0	3.47159556316253e-15	0	1.00256505833708e-07
0	0	0	0	3.47159556329874e-15	0	-3.93190461353587e-09
0	0	0	0	3.45126330925352e-15	0	2.40031053530738e-07
0	0	0	0	3.54252811456709e-15	0	3.21643106692197e-09
0	0	0	0	3.43095829280094e-15	0	1.38155817260894e-09
0	0	0	0	0.000748460069180407	0	-6.28332013954847e-09
0.000103792415169661	0.000386213460467112	0	0	4.69905402075848e-15	0	1.20837758375062e-08
0	0	0	0	6.28584407505228e-14	0	4.92634551419778e-09
0	0	0	0	3.18789339390123e-15	0	-1.11869229726196e-08
0.00186826347305389	0.00104125370193261	0.00360595590435232	0.00360595590435234	0.00150624413192257	0	2.51341969598467e-08
0	0	0	0	2.58606183594349e-15	0	9.71518283162602e-09
0	0	0	0	7.75805044948223e-15	0	-1.48289790924005e-08
0.0124710578842315	0.0153193402554743	0.0114079616504391	0.0114079616504391	0.0118969797752278	0	4.15099834792809e-08
0	0	0	0	1.72103289057644e-15	0	1.793674013167e-08
0	0	0	0	1.57449555808528e-15	0	-1.75747553613922e-08
0.0320958083832335	0.03631597473647	0.0294489022375235	0.0294489022375235	0.0309710613316091	0	5.90957691728361e-08
0	0	0	0	1.6534889443234e-15	0	3.4236044197089e-08
0	0	0	0	1.48085124392603e-15	0	-1.57716666045201e-08
0.042562874251497	0.0444101022506061	0.0388387691239128	0.0388387691239128	0.0415590705215596	0	7.02832507218653e-08
0	0	0	0	8.58005043423229e-16	0	5.59641908222204e-08
0	0	0	0	4.20587032385145e-15	0	-7.82763979716511e-09
0.0221636726546906	0.0222758876166711	0.0204707811164761	0.0204707811164761	0.0217012294346185	0	8.33102677337116e-08
0	0	0	0	1.35938608536551e-15	0	6.55413807105138e-08
0.00853493013972055	0.00351750605688971	0.0114729584689498	0.0114729584689498	0.0192841931608463	0	-2.7822459578936e-08
0.00129341317365269	0.00504123513589869	0.0011620948644144	0.00116209486441441	0.00116053612191629	0	1.32722629265877e-07
0	0	0	0	2.05920803513961e-14	0	3.35903027851247e-08
0	0	0	0	1.24939232605477e-14	0	-4.14412604103601e-08
0	0	0	0	3.58102666610741e-15	0	1.84535826138782e-07
0	0	0	0	3.47159556328415e-15	0	7.73180807048701e-09
0	0	0	0	3.45063673088729e-15	0	-3.03593981275782e-08
0	0	0.00126132857426996	0.00126132857426993	0.000167012495939858	0	1.9407416895727e-07
0	0	0	0	3.47159556331127e-15	0	2.64107098630836e-08
0	0	0	0	3.42023167893826e-15	0	3.68190672173869e-09
0	0	0.000802316627252753	0.000802316627252694	0.000190533535473093	0	1.85766769005646e-07
0	0	0	0	3.47449506213287e-15	0	4.03551616649805e-08
0	0	0	0	3.46723072907246e-15	0	9.70716569572686e-09
0	0	0	0	3.58275274571673e-15	0	1.79065640136546e-07
0	0	0	0	3.46167099261879e-15	0	4.76742689168987e-08
0	0	0	0	3.44965611999007e-15	0	1.9992876186065e-09
0	0	0.000858095214024853	0.000858095214024816	0.000173131352458307	0	1.85200607002934e-07
0	0	0.00130174542180773	0.00130174542180777	0.00105879840411289	0	4.96773284782788e-08
0	0	0	0	3.4465967658777e-15	0	-1.62647382544603e-08
0	0	0.000832688756224537	0.00083268875622449	0.000188372048056136	0	2.14950180504615e-07
0	0	0	0	3.42401239994673e-15	0	4.0922353937809e-08
0	0	0	0	3.48777597261198e-15	0	-4.40587885791585e-08
0	0	0	0	3.55993433836803e-15	0	2.68798690763654e-07
0	0	0	0	0.000995935735971203	0	5.74009544655955e-09
0	0	0	0	3.47479128215236e-15	0	-5.77268197973578e-08
0	0	0.000867831604299505	0.000867831604299498	0.000156468742851431	0	3.15067977244397e-07
0	0	0	0	3.44465655599351e-15	0	-4.2382165586659e-08
0	0	0	0	3.4696814250629e-15	0	-2.55594858231647e-08
0	0	0	0	3.5390190954415e-15	0	3.05575635182769e-07
0	0	0	0	3.45620726207497e-15	0	-7.51986194355885e-08
0	0	0	0	3.48732536301596e-15	0	4.87408252022538e-08
0	0	0	0	2.1820731416807e-15	0	2.17555617511764e-07
0	0	0	0	2.75628715197053e-15	0	-7.21956618821763e-08
0	0	0	0	3.47473466968864e-15	0	1.24283788515106e-07
0	0	0	0	8.8560477365296e-16	0	7.9510805957657e-08
0	0	0	0	1.87541825216351e-15	0	-2.99067049006552e-08
0	0	0	0	3.47159556340063e-15	0	1.20777265622548e-07
0	0	0	0	3.50358622316896e-15	0	4.87917408149951e-09
0	0	0	0	3.48657275831389e-15	0	2.12283673916514e-09
0	0	0	0	3.45455170285035e-15	0	-9.39933509483561e-09
0	0	0	0	3.49774170198981e-15	0	1.74842249312638e-08
0	0	0	0	3.4375178176568e-15	0	6.32456735918089e-09
0	0	0	0	3.43772746835949e-15	0	-1.50598231494202e-08
0	0	0	0	4.96977257396469e-15	0	3.39476752638325e-08
0	0	0	0	3.1009689383082e-15	0	8.49942622509579e-09
0	0	0	0	3.09104805481632e-15	0	-1.77632314257494e-08
0.00249900199600798	0.00084573918536914	0.00169585200850475	0.00169585200850477	0.00185605196241127	0	5.39801864005693e-08
0	0	0	0	2.26169238594524e-15	0	5.69070563316344e-09
0	0	0	0	2.48066786104417e-15	0	-2.38545805529899e-08
0.0107385229540918	0.0103667843149196	0.00624569630764758	0.00624569630764756	0.00787702054014574	0	8.38586591979838e-08
0	0	0	0	1.57399304232272e-15	0	6.47646932771779e-09
0	0	0	0	2.39364742544865e-15	0	-3.76246749054642e-08
0.0122315369261477	0.0137191607766802	0.00941547773789015	0.00941547773789013	0.0114581017001983	0	1.20363982554793e-07
0	0	0	0	1.38516968703049e-15	0	3.77297965760816e-08
0	0	0	0	3.30753142485671e-15	0	-2.04381255505057e-08
0.0123033932135729	0.0137047060355148	0.0089089466939531	0.00890894669395315	0.00977068445768307	0	1.28639931825839e-07
0	0	0	0	4.16695115278299e-15	0	1.80976838991058e-08
0	0	0	0	5.38923026712616e-15	0	-1.40469748157617e-08
0	0	0	0	1.52042871796085e-14	0	1.55598386379187e-07
0	0	0	0	2.99170668240089e-15	0	1.12396468367782e-08
0.0122874251497006	0.014263034825086	0.00906752455670278	0.0090675245567028	0.00969464373891786	0	-3.96260860532362e-08
0	0	0	0	2.79433743113187e-15	0	1.91923806617359e-07
0	0	0	0	3.44475121621364e-15	0	7.07036163098513e-09
0	0	0	0	7.90235425730852e-14	0	-3.20322625006263e-08
0	0	0	0	3.47243938025568e-15	0	2.13575733171338e-07
0	0	0	0	3.43340951758426e-15	0	1.5521848463591e-08
0	0	0	0	0.0010110890586538	0	-1.18076941930084e-08
0	0	0	0	3.35658828199794e-15	0	2.19163883449583e-07
0	0	0	0	3.39303898805257e-15	0	2.77335569851785e-08
0	0	0	0	3.40217800569016e-15	0	-1.46071040372466e-09
0	0	0.000563079408758521	0.000563079408758499	0.000142660599942188	0	2.20212870663048e-07
0	0	0	0	3.43759272602013e-15	0	3.47615576602422e-08
0	0	0	0	0.00104086292311954	0	-2.33720830767866e-09
0	0	0	0	3.54871069601727e-15	0	2.26500365654814e-07
0	0	0	0	3.42032789744196e-15	0	3.2839608539225e-08
0	0	0	0	3.45180057478418e-15	0	-1.12281137849608e-08
0	0	0	0	3.61807794730363e-15	0	2.43012655865196e-07
0	0	0	0	3.46228266821027e-15	0	1.74264111653961e-08
0	0	0	0	3.44408964230511e-15	0	-2.08402204009272e-08
0	0	0	0	4.00248827000524e-15	0	2.63781251779067e-07
0	0	0	0	3.60746018722575e-15	0	-1.26224807122991e-08
0	0	0	0	3.45945450388227e-15	0	-1.70975964858042e-08
0	0	0	0	2.27963752274033e-15	0	2.68666674595678e-07
0	0	0	0	2.82026681189945e-15	0	-4.66833347108275e-08
0	0	0	0	3.40621867483544e-15	0	1.1904338948977e-08
0	0	0	0	1.24485066274776e-15	0	2.33545687930627e-07
0	0	0	0	1.96573149801358e-15	0	-6.5633153853349e-08
0	0	0	0	3.44820262767863e-15	0	5.98228834720383e-08
0	0	0	0	2.47454893596342e-15	0	1.51514995429948e-07
0	0	0	0	1.90607363194113e-15	0	-5.71045485558858e-08
0	0	0	0	3.42647536599531e-15	0	9.97865590351019e-08
0	0	0	0	6.34136561293614e-15	0	5.13883864913162e-08
0.097812375249501	0.0984373205975875	0.101555208060912	0.101555208060911	0.101285765468685	1	-2.39843380795356e-08
0	0	0	0	3.51161196920018e-15	0	9.09205265967814e-08
0	0	0.000642660250995038	0.000642660250994998	0.000149014537576859	0	8.19215592052415e-09
0	0	0	0	3.47159556333888e-15	0	5.03341564445472e-09
0	0	0	0	3.47159556325745e-15	0	-1.52074873146677e-08
0	0	0	0	3.52375285288087e-15	0	2.64718426448986e-08
0	0	0	0	3.45400512502063e-15	0	1.28105268692202e-08
0	0	0	0	3.47792689902848e-15	0	-1.91178677301438e-08
0	0	0	0	3.53651622939641e-15	0	4.36800943301821e-08
0	0	0	0	0.000772607088162334	0	1.32217287838293e-08
0	0	0	0	3.41272616047981e-15	0	-1.4812975588453e-08
0	0	0	0	4.3025851316498e-15	0	5.66232972199838e-08
0	0	0	0	5.64051107032997e-14	0	-1.18384735174959e-09
0	0	0	0	3.66990464410256e-13	0	-1.18742354003804e-08
0	0	0	0	9.18365534308507e-15	0	6.94348068646677e-08
0	0	0	0	2.66755300371255e-15	0	-5.20598104521622e-09
0	0	0	0	3.26630411973404e-15	0	-1.49490992921967e-08
0	0	0	0	2.71190541588515e-14	0	8.88002049444693e-08
0	0	0	0	2.42284873908534e-15	0	-1.90205629332836e-07
0	0	0	0	3.42724811338898e-15	0	-2.48166651327599e-08
0	0	0	0	1.68872104503443e-14	0	1.19794153761899e-07
0	0	0	0	2.57454716292538e-15	0	-3.56303426259055e-09
0	0	0	0	3.59621558568978e-15	0	-3.65818130116789e-08
0	0	0	0	3.85572491222445e-15	0	1.60117145761574e-07
0	0	0	0	3.28829326809793e-15	0	-2.19932132092392e-09
0	0	0	0	0.00087293470896666	0	-4.14669614326712e-08
0	0	0	0	3.44008934502164e-15	0	1.99830526472669e-07
0	0	0	0	3.61504398453923e-15	0	1.01000961312717e-08
0	0	0	0	3.23346628709705e-15	0	-3.53126408324983e-08
0	0	0	0	8.51479483790288e-06	0	2.28733166848273e-07
0	0	0	0	4.2392574362071e-15	0	1.61466396240559e-08
0	0	0	0	2.74659144887413e-15	0	-2.18016411951186e-08
0	0	0	0	3.72450009239071e-15	0	2.43969557821285e-07
0	0	0.00195276095553267	0.00195276095553268	0.00198280041769097	0	2.32608753056934e-08
0	0	0	0	2.12829651263167e-15	0	-9.61182507493155e-09
0	0	0	0	2.19619349956131e-15	0	2.50044326344309e-07
0	0	0	0	3.41295903503854e-15	0	2.60229585272126e-08
0	0	0	0	2.74616501122383e-15	0	-3.58272296742382e-09
0	0	0	0	3.4554329403185e-15	0	2.52651560595784e-07
0	0	0	0	3.46870089976994e-15	0	2.08773023794096e-08
0	0	0	0	3.46527858960508e-15	0	-2.01752862111726e-09
0	0	0	0	4.02131942538557e-15	0	2.53737964882682e-07
0	0	0	0	3.56097120978663e-15	0	6.06576955897949e-09
0	0	0	0	3.24615081392867e-15	0	6.67778900836521e-10
0.00306586826347305	0.00375460718477215	0.00289490011567317	0.00289490011567321	0.00153831484620412	0	2.48530832898565e-07
0	0	0	0	4.22967023001916e-15	0	-1.59065053823212e-08
0	0	0	0	3.23315833824637e-15	0	1.16869958749982e-08
0.00308183632734531	0.00336335272112121	0.00195414820356742	0.00195414820356745	0.000631630240085878	0	2.26373706750901e-07
0	0	0	0	2.62180807015745e-15	0	-3.68273855708022e-08
0	0	0	0	2.97289917667614e-15	0	3.44569818623752e-08
0.0066187624750499	0.0132517417142756	0.00574009624379505	0.00574009624379511	0.00481933464963343	0	1.77752025654271e-07
0.111864271457086	0.116343134225557	0.109559249936799	0.109559249936799	0.109386726057342	0	-4.56914995230735e-08
0	0	0	0	3.45366577352062e-15	0	6.25353601044318e-08
0.0040878243512974	0.00566922672495606	0.00207389377951114	0.00207389377951116	0.00194784281348611	0	1.0544928423554e-07
0	0	0	0	1.87670828717554e-15	0	-3.59251884797974e-08
0	0	0	0	3.44112066785695e-15	0	7.79610088736941e-08
0.00593213572854292	0.0076943776542165	0.00688029450123428	0.0068802945012343	0.00707043831440613	0	3.29484926855822e-08
0	0	0	0	4.32727963189001e-15	0	-1.3623070123518e-08
0	0	0	0	3.63991341420585e-15	0	5.94664717730731e-08
0	0	0	0	3.50358622296418e-15	0	1.6939177055296e-08
0	0	0	0	3.4567464923179e-15	0	1.43033322376471e-08
0	0	0	0	3.47159556325704e-15	0	-2.87310603262705e-08
0	0	0	0	3.59356206258551e-15	0	4.58091491085296e-08
0	0	0	0	3.46175027928909e-15	0	2.7067365922657e-08
0	0	0	0	3.44652407639162e-15	0	-2.41494616666511e-08
0	0	0	0	3.57224067234396e-15	0	6.2061425115198e-08
0	0	0	0	3.45230033223768e-15	0	2.49331187281199e-08
0	0	0.00130128251063881	0.00130128251063871	0.000969499618109646	0	-8.85009831804376e-09
0	0	0	0	3.55271314394226e-15	0	6.48521968839628e-08
0	0	0	0	3.48020380275493e-15	0	1.65556916838147e-08
0	0	0	0	3.38636358268705e-15	0	3.1021520114856e-09
0	0	0.000842397297441257	0.000842397297441212	0.000123875928833261	0	5.73259136999802e-08
0	0	0	0	3.46821170805111e-15	0	1.15008038179695e-08
0	0	0.00121628480619119	0.00121628480619115	0.00101366599084507	0	1.14620649955899e-08
0	0	0	0	3.31984884758998e-15	0	5.54537627068548e-08
0	0	0	0	3.44667579853413e-15	0	3.49426625020276e-08
0	0	0	0	3.45182082582685e-15	0	-2.51851749711324e-08
0	0	0	0	3.42405130137575e-15	0	1.07848479935423e-07
0	0	0	0	3.44979318727432e-15	0	1.11585756447942e-08
0	0	0	0	3.45900182301872e-15	0	-6.22846747319973e-08
0	0	0	0	4.89862519536923e-05	0	1.6629266448057e-07
0	0	0	0	3.44229749942624e-15	0	1.46401532516343e-08
0	0	0	0	3.45442045558597e-15	0	-5.41073847340651e-08
0	0	0	0	5.8389938103831e-15	0	2.14050893589086e-07
0	0	0	0	3.46404792797429e-15	0	2.06222956831535e-08
0	0	0	0	2.90509292976765e-15	0	-4.15239549034277e-08
0.0067624750499002	0.00924298480717824	0.00632644915351193	0.00632644915351188	0.00673839761828542	0	2.48391354186436e-07
0	0	0	0	3.45561586753745e-15	0	2.3948483896865e-08
0	0	0	0	4.31598536496337e-15	0	-2.69751418849914e-08
0	0	0	0	6.54883423972521e-15	0	2.68044407422158e-07
0	0	0	0	3.4150177183003e-15	0	2.5974271269685e-08
0.0995928143712575	0.103335057222246	0.099895446808283	0.099895446808283	0.100775715752253	0	-1.26530874383534e-08
0	0	0	0	8.90068920477157e-16	0	2.74637353151944e-07
0	0	0	0	3.44395972290194e-15	0	2.43188135664626e-08
0	0	0	0	1.87981523070713e-15	0	-1.06855650271136e-09
0	0	0	0	3.3591990194009e-15	0	2.71007855565053e-07
0	0	0	0	3.43806603784641e-15	0	1.71457242797908e-08
0	0	0	0	3.47159556318995e-15	0	8.10573024277657e-09
0	0	0	0	5.1609020365672e-15	0	2.58316709284678e-07
0	0	0	0	3.5466031042677e-15	0	4.38369804166526e-09
0	0	0	0	2.97784726299665e-15	0	1.76329274831188e-08
0.00774451097804392	0.00901325623833174	0.00510750285986078	0.00510750285986079	0.00429047215483814	0	2.34603600482353e-07
0	0	0	0	4.36023102164456e-15	0	-1.11081107886198e-08
0	0	0	0	2.54135331863431e-15	0	3.05133058519778e-08
0.0149780439121756	0.0164186040343123	0.0103534647997314	0.0103534647997313	0.0094927317508915	0	1.96098046256158e-07
0	0	0	0	4.14376794918852e-15	0	-2.37368274279269e-08
0	0	0	0	2.10120546772021e-15	0	4.68155198042665e-08
0.0207584830339321	0.0250329263602902	0.0174427714113978	0.0174427714113979	0.0167960992826714	0	1.41575061965063e-07
0	0	0	0	1.87420481319621e-15	0	-2.75223695710627e-08
0	0	0	0	2.39328876953325e-15	0	6.11308322470665e-08
0.00427944111776447	0.00576398734056568	0.00156759634986126	0.00156759634986128	0.00109886236478026	0	7.79371887220868e-08
0	0	0	0	1.03393942604886e-14	0	-2.02511407425075e-08
0.011936127744511	0.0114472985032352	0.00736050458777892	0.00736050458777893	0.00640263832157642	0	6.31164053559913e-08
0	0	0	0	5.22287133665365e-15	0	2.28873242799288e-08
0	0	0	0	2.00879311329016e-14	0	-7.09697342299605e-09
0	0	0	0	3.43477023541432e-15	0	4.28387968977676e-08
0	0	0	0	3.34545820647292e-15	0	4.09229645175836e-08
0	0	0	0	3.43125617613731e-15	0	3.8452019842283e-08
0	0	0	0	3.44799363139455e-15	0	-5.44904616092322e-08
0	0	0	0	3.36056391575841e-15	0	7.98555035358986e-08
0	0	0	0	3.43563636379532e-15	0	3.72031164234281e-08
0	0	0	0	3.45388979814218e-15	0	-2.25761769031769e-08
0	0	0	0	3.58306480951621e-15	0	9.15444729080038e-08
0	0	0	0	3.46360168587646e-15	0	3.17100824950249e-08
0	0	0	0	3.40529538298957e-15	0	-4.51617224159298e-09
0	0	0.000888059370883923	0.000888059370883905	0.00015422530158834	0	9.23300324653674e-08
0	0	0	0	3.4690819520745e-15	0	3.62778000956142e-08
0	0	0	0	0.000748613404592894	0	1.67321786479292e-09
0	0	0	0	3.42123117329289e-15	0	9.13705499334719e-08
0	0	0	0	3.43545186198899e-15	0	4.88933296903214e-08
0	0	0	0	3.4342681547756e-15	0	-2.75008577827449e-09
0	0	0	0	3.40275101062249e-15	0	1.04523011994567e-07
0	0	0	0	0.000735482864400992	0	5.98561690615174e-08
0	0	0	0	3.45184885961238e-15	0	-2.55344051536049e-08
0	0	0	0	0.00013380346890305	0	1.4257049140418e-07
0	0	0	0	0.000717933810420268	0	5.12290025346167e-08
0	0	0	0	3.47060112585358e-15	0	-4.86151582209406e-08
0	0	0	0	3.51091931462102e-15	0	1.94686623318333e-07
0	0	0	0	0.000887945095740299	0	4.15069014895113e-08
0	0	0	0	3.48503800137796e-15	0	-5.21308834892699e-08
0	0	0	0	3.72381092886316e-15	0	2.42846703445376e-07
0	0	0	0	7.47490517505583e-12	0	3.76266362771436e-08
0	0	0	0	3.3399589096749e-15	0	-4.26959569486506e-08
0	0	0	0	1.36571249717395e-05	0	2.78271466282115e-07
0	0	0	0	2.90929232021006e-15	0	3.62710948335915e-08
0	0	0	0	2.75923430265092e-15	0	-2.76249110469254e-08
0	0	0	0	3.75876292538563e-15	0	2.9755434221099e-07
0	0	0	0	3.35391293485337e-15	0	3.36672941483889e-08
0	0	0	0	2.1368249545229e-15	0	-1.09597876642511e-08
0	0	0	0	2.18850805399139e-15	0	3.00566602974023e-07
0	0	0	0	3.45170046797463e-15	0	2.82587802485269e-08
0	0	0	0	1.61452658345189e-14	0	4.62078730293247e-09
0	0	0	0	3.5088612194452e-15	0	2.88948703154908e-07
0	0	0	0	0.00116069038876416	0	1.94829997275845e-08
0	0	0	0	3.47159556308867e-15	0	1.83358705513242e-08
0	0	0	0	5.96816617560449e-15	0	2.64269320681746e-07
0	0	0	0	3.41831637455043e-15	0	8.09017031845735e-09
0	0	0	0	2.156206621666e-14	0	3.09265054000866e-08
0.0109540918163673	0.00944811614979967	0.00736781109472178	0.00736781109472176	0.00566023504036298	0	2.2720604897619e-07
0	0	0	0	3.36357704967378e-15	0	-3.5580734470495e-09
0	0	0	0	2.22534269190528e-15	0	4.31295870627753e-08
0.0189860279441118	0.0223553828668684	0.0155927599294403	0.0155927599294402	0.015156814302612	0	1.78450960199898e-07
0	0	0	0	3.34002942302705e-15	0	-1.2012887051591e-08
0	0	0	0	1.77836556641216e-15	0	5.39118935183559e-08
0.00820758483033932	0.00972544623342629	0.00443603837035662	0.00443603837035666	0.00458684544577527	0	1.21093742661463e-07
0	0	0	0	8.82783409496537e-15	0	-1.43323818879628e-08
0.108215568862275	0.110178886982613	0.109765107573684	0.109765107573684	0.109167767777741	0	5.94732230715207e-08
0	0	0	0	9.59543061828346e-16	0	6.31224224840524e-08
0	0	0	0	4.40575061389567e-14	0	-1.02516183366197e-08
0	0	0	0	2.01798676821519e-15	0	5.41744490957938e-08
0	0	0	0	3.38169192150706e-15	0	1.77912416782557e-08
0	0	0	0	3.44941853334771e-15	0	-3.42175943638327e-09
0	0	0	0	3.43749849324604e-15	0	3.38388196941729e-08
0	0	0	0	3.54299509874193e-15	0	7.56871920327831e-08
0	0	0	0	0.00112450912959974	0	2.75656108828017e-09
0	0	0	0	0.00103837114228217	0	-7.56282942811223e-08
0	0	0	0	3.3813728259447e-15	0	1.07432859233605e-07
0	0	0	0	0.000903980519025875	0	1.00016710065396e-08
0	0	0	0	3.44814266582793e-15	0	-1.29750418738371e-08
0	0	0	0	3.58767339109176e-15	0	1.19614418958163e-07
0	0	0	0	3.4479382621017e-15	0	2.18433014439552e-08
0	0	0	0	3.43544421974133e-15	0	-1.11052488505044e-08
0	0	0	0	3.50471555014084e-15	0	1.31314318761041e-07
0	0	0	0	3.4562295461327e-15	0	3.8620477971884e-08
0	0	0.000627063114191426	0.000627063114191396	0.000917563159024295	0	-1.25924717458854e-08
0	0	0	0	3.38691391091192e-15	0	1.46080740928861e-07
0	0	0	0	3.44334078889318e-15	0	5.71902069537169e-08
0	0	0	0	3.44158883903996e-15	0	-1.76824408285343e-08
0	0	0	0	3.56691922147073e-15	0	1.68446680954934e-07
0	0	0	0	0.000823061375819294	0	6.65701575164824e-08
0	0	0	0	3.46888066625146e-15	0	-2.79443352045148e-08
0	0	0	0	3.61019293924419e-15	0	2.02482429267601e-07
0	0	0	0	3.40532774790642e-15	0	6.58038547107444e-08
0	0	0	0	3.47159556331435e-15	0	-3.97830627229584e-08
0	0	0	0	3.58309984284527e-15	0	2.45907581202608e-07
0	0	0	0	3.43696306793971e-15	0	5.89566915034657e-08
0	0	0	0	3.47431471329692e-15	0	-4.52173747526389e-08
0	0	0	0	3.49009332198166e-15	0	2.89107343115861e-07
0	0	0	0	3.46352772380431e-15	0	5.43650925257983e-08
0	0	0	0	3.47138083529759e-15	0	-3.93388968888375e-08
0	0	0	0	3.50596157728391e-15	0	3.21361345387189e-07
0	0	0	0	3.47053727372409e-15	0	4.98565901153263e-08
0	0	0	0	3.45671004032583e-15	0	-2.40097162497222e-08
0	0	0	0	0.000149488959344718	0	3.36046527388326e-07
0	0	0	0	3.47138083531374e-15	0	4.33787476793683e-08
0	0	0	0	3.4718103433109e-15	0	-5.20228553484872e-09
0	0	0	0	3.56632743051761e-15	0	3.31992916712267e-07
0	0	0	0	3.46133836700002e-15	0	3.47302652693298e-08
0	0	0	0	3.46920109125169e-15	0	1.29982571772027e-08
0	0	0	0	0.000173333365223647	0	3.10809521165037e-07
0	0	0	0	3.39907099111706e-15	0	2.43763354432105e-08
0	0	0	0	3.47159556321892e-15	0	2.89348602199181e-08
0	0	0	0	4.22239945700104e-15	0	2.75000559078774e-07
0	0	0	0	3.35377107591898e-15	0	1.33620388486711e-08
0	0	0	0	3.02726853610785e-15	0	4.22311988650794e-08
0.0052934131736527	0.0054054530104296	0.00690553525687956	0.0069055352568796	0.00276056011432057	0	2.27301019261803e-07
0	0	0	0	3.64241329039238e-15	0	3.45669436295918e-09
0	0	0	0	2.25541065601694e-15	0	5.26264590746144e-08
0.017437125748503	0.0150595654396738	0.0127732366513245	0.0127732366513245	0.0115423042970226	0	1.71066104834262e-07
0	0	0	0	3.99501318536728e-15	0	-3.34939154225456e-09
0	0	0	0	2.13369134239602e-14	0	5.90088213515063e-08
0.00364870259481038	0.00387436159829386	0.00190778819218971	0.00190778819218971	0.00149123068517946	0	1.11390831247499e-07
0	0	0	0	3.26855921834356e-15	0	-5.8040537736359e-09
0	0	0	0	2.94082685020508e-15	0	5.90274868305666e-08
0	0.000379017123182856	0	0	7.79510200923294e-15	0	5.60992355743846e-08
0	0	0	0	3.40848652751178e-15	0	-4.36939119149333e-09
0	0	0	0	2.89157463664527e-15	0	4.9796892659003e-08
0	0	0	0	3.47159556351321e-15	0	1.54633660555439e-08
0	0	0	0	3.47159556329127e-15	0	-1.41603259691023e-09
0	0	0	0	3.47159556349595e-15	0	2.96515922082922e-08
0	0	0	0	0.000328783395945324	0	4.60261919448409e-08
0	0	0	0	3.45287911375336e-15	0	-3.40917666570386e-08
0	0	0	0	3.44799362993497e-15	0	-6.40670943827942e-08
0	0	0	0	4.34695246621596e-15	0	9.86110224736231e-08
0	0	0	0	3.77766774856835e-15	0	-2.08925695110955e-08
0	0	0	0	3.20823187437539e-15	0	-4.04460563810568e-08
0	0	0	0	6.71937534634222e-14	0	1.32636884031225e-07
0	0	0	0	6.25698560304291e-15	0	4.31084255511767e-09
0	0	0	0	3.38505145876337e-15	0	-3.15432282123137e-08
0	0	0	0	4.1651389877593e-15	0	1.64960931472999e-07
0	0	0	0	4.0266007725365e-15	0	2.71722702307954e-08
0	0	0	0	3.79058742101987e-15	0	-3.395131705604e-08
0	0	0	0	3.44468901297767e-15	0	2.00036431892405e-07
0	0	0	0	3.47443527039138e-15	0	4.74511323431664e-08
0	0	0	0	3.5456328661774e-15	0	-3.44737768163011e-08
0	0	0	0	3.55596651312286e-15	0	2.34075155872711e-07
0	0	0	0	3.43467672924802e-15	0	6.31264502350137e-08
0	0	0	0	3.45833895231602e-15	0	-3.5286121518793e-08
0	0	0	0	3.34300108714315e-15	0	2.71180323752584e-07
0	0	0	0	3.42124660581775e-15	0	7.13694545140948e-08
0	0	0	0	3.43757238926425e-15	0	-3.8015227139875e-08
0	0	0	0	3.41167326323595e-15	0	3.09984027979544e-07
0	0	0	0	3.45833895230774e-15	0	6.81508892549952e-08
0	0	0	0	3.45833895229193e-15	0	-4.11478127503094e-08
0	0	0	0	3.66584383715547e-15	0	3.50629200627416e-07
0	0	0	0	3.58393177025558e-15	0	6.87056634612129e-08
0	0	0	0	3.36608755363262e-15	0	-3.57917833911867e-08
0	0	0	0	5.31609051504555e-15	0	3.77335417950848e-07
0	0	0	0	4.15132454164419e-15	0	6.14081758618219e-08
0	0	0	0	3.43379830345614e-15	0	-1.69357025000455e-08
0	0	0	0	4.17409429298224e-15	0	3.8375351169141e-07
0	0	0	0	3.7611308221456e-15	0	5.14009649732998e-08
0	0	0	0	3.58393177025593e-15	0	4.03019098788829e-09
0	0	0	0	3.5436097482785e-15	0	3.69697392026198e-07
0	0	0	0	3.50046063455555e-15	0	4.0248059212644e-08
0	0	0	0	3.50663954408727e-15	0	2.36868104165932e-08
0	0	0	0	3.56334143818942e-15	0	3.37410853337369e-07
0	0	0	0	3.38375671968998e-15	0	2.8429684898228e-08
0	0	0	0	3.44080755912459e-15	0	4.02650764636168e-08
0	0	0	0	1.27676300792819e-14	0	2.90507986419208e-07
0.00278642714570858	0.000641769289597213	0.00332635124800849	0.00332635124800853	0.00453687518065421	0	1.72042060203403e-08
0	0	0	0	2.62271354003441e-15	0	5.28210606034667e-08
0.00891816367265469	0.00813923869987151	0.00770521835077166	0.00770521835077168	0.006678139766049	0	2.33272106687257e-07
0	0	0	0	6.1852828863241e-15	0	7.92898985364127e-09
0	0	0	0	2.02381238945146e-15	0	6.08445529143157e-08
0.0257325349301397	0.0232194111464957	0.0208623516647996	0.0208623516647996	0.0201371972789278	0	1.7056252207904e-07
0	0	0	0	3.24920462880456e-15	0	1.70628885768345e-09
0	0	0	0	4.17674900842146e-15	0	6.3603907571217e-08
0.00366467065868264	0.00490809331984868	0.00186807343286601	0.00186807343286601	0.00142177259609856	0	1.08222993111838e-07
0	0	0	0	1.05331814227324e-13	0	-1.12627538221256e-09
0	0	0	0	9.7002863550425e-15	0	5.98653088208094e-08
0	0	0	0	3.84357488275049e-15	0	5.34615427804624e-08
0	0	0	0	3.43397670332759e-15	0	-1.3017027779655e-09
0	0	0	0	3.65323476345287e-15	0	4.82452102074602e-08
0	0	0	0	3.38632983630103e-15	0	1.46045504629167e-08
0	0	0	0	3.44630289455365e-15	0	-4.13669502572666e-10
0	0	0	0	3.47159556344647e-15	0	2.8044844230411e-08
0	0	0	0	0.000219789095479474	0	2.48775040519476e-08
0	0	0	0	3.43900099186737e-15	0	-1.33976250692875e-08
0	0	0	0	3.44965623792203e-15	0	-4.4121904445678e-08
0	0	0	0	1.5304583842603e-13	0	7.66965022235139e-08
0	0	0	0	3.50879917547402e-15	0	-1.96783834293436e-08
0	0	0	0	2.39208510828811e-15	0	-5.49058999689502e-08
0.018626746506986	0.0171408679507467	0.0154695125530473	0.0154695125530472	0.0154200128454766	0	1.31092631431949e-07
0	0	0	0	3.70927698513172e-15	0	-5.33334044587019e-09
0	0	0	0	2.73759496055781e-14	0	-5.3982973358592e-08
0.00415169660678643	0.00438601278185615	0.00291090747098765	0.00291090747098765	0.00396998047247401	0	1.85200256745884e-07
0.00867864271457086	0.00271242078211612	0.00674715848447	0.00674715848446997	0.00795242170923596	0	1.41705011305272e-08
0	0	0	0	4.33635307813215e-15	0	-5.43867062966979e-08
0	0	0	0	5.49179327723703e-15	0	2.39383795011634e-07
0	0	0	0	3.5469990748043e-15	0	3.26389968560412e-08
0	0	0	0	2.2915346044593e-15	0	-5.35437686505387e-08
0	0	0	0	2.57369436481706e-15	0	2.92008185373915e-07
0	0	0	0	3.78714150296487e-15	0	5.26584158192593e-08
0	0	0	0	2.73294820711461e-15	0	-5.18654956581316e-08
0	0	0	0	3.58626777082798e-15	0	3.42900232077327e-07
0	0	0.00227534648584604	0.00227534648584604	0.00150136094851407	0	6.57551793247179e-08
0	0	0.00249582590785202	0.00249582590785206	0.00150136094851303	0	-4.9440590947394e-08
0	0	0	0	3.32757470949806e-15	0	3.89117051434165e-07
0	0	0	0	3.4375753574692e-15	0	1.04614374990868e-07
0	0	0	0	3.42834634842232e-15	0	-4.18359949660029e-08
0	0	0	0	6.32047632593487e-15	0	4.24178705436503e-07
0	0	0	0	3.74252726368848e-15	0	7.17989842173965e-08
0	0	0	0	2.82963447238531e-15	0	-2.71256990798991e-08
0.00691417165668663	0.00588121342229956	0.00647125544129303	0.00647125544129302	0.00535833202020501	0	4.41492874456811e-07
0	0	0	0	5.39721931901167e-15	0	6.59592961508088e-08
0	0	0	0	2.63022804680169e-15	0	-6.82609480460089e-09
0.0051816367265469	0.0041671876393884	0.00372769651325574	0.00372769651325576	0.00173236060862378	0	4.37161963071381e-07
0	0	0	0	3.74252726415912e-15	0	5.41700159504082e-08
0	0	0	0	2.36143672395312e-15	0	1.54946776572602e-08
0	0	0	0	2.29832999313303e-15	0	4.11094699340068e-07
0	0	0	0	3.47528090172925e-15	0	4.16669275086772e-08
0	0	0	0	2.84310276707772e-15	0	3.60878858231337e-08
0	0	0	0	3.99669889426374e-15	0	3.66438267291604e-07
0	0	0	0	3.44966311220711e-15	0	2.87992011760062e-08
0	0	0	0	3.32496815467459e-15	0	5.23685574782807e-08
0.00279441117764471	0.00063775823153723	0.00073096656252737	0.000730966562527375	0.00152949200866477	0	3.08172757009211e-07
0	0	0	0	3.2649371563062e-15	0	1.73472311920411e-08
0	0	0	0	2.13965248327458e-15	0	6.32198465617868e-08
0.0210778443113772	0.0190072553168936	0.0195618214996736	0.0195618214996736	0.0198289056406162	0	2.41874240595644e-07
0	0	0	0	2.79343369116033e-15	0	8.53816078594113e-09
0	0	0	0	9.76104146382793e-15	0	6.84315165000513e-08
0.0059560878243513	0.0064897209613297	0.00616113848140727	0.00616113848140726	0.00600759105498267	0	1.73209675464946e-07
0	0	0	0	6.97840861304743e-15	0	2.92898601413272e-09
0.0179161676646707	0.0135624092468413	0.0149980710261755	0.0149980710261755	0.0160981369268459	0	6.79195173514393e-08
0	0	0	0	4.24223067296101e-15	0	1.08061886068448e-07
0	0	0	0	3.01025552607045e-15	0	2.91216464407011e-10
0	0	0	0	4.19086316465714e-15	0	6.1310778382209e-08
0	0	0	0	3.47910436175784e-15	0	5.28145585062901e-08
0	0	0	0	3.40595583227543e-15	0	-2.93084466912911e-10
0	0	0	0	3.50071504997492e-15	0	4.80224474716058e-08
0	0	0	0	3.39317052687393e-15	0	1.43965482110444e-08
0	0	0	0	0.000873458288988131	0	-8.15220972752778e-11
0	0	0	0	3.47159556343637e-15	0	2.76078752998373e-08
0	0	0	0	3.4325253899565e-15	0	1.42982906922626e-08
0	0	0	0	3.43024874600566e-15	0	-1.04112020076111e-08
0	0	0	0	0.000964765354717876	0	-3.08072343065087e-08
0	0	0	0	4.84520931513425e-15	0	6.037918920814e-08
0	0	0	0	3.21646809307768e-15	0	-1.33053629996685e-08
0	0	0	0	2.9840272324708e-14	0	-5.81693731341372e-08
0.0019560878243513	0.00187538836343154	0.00114425065326596	0.00114425065326597	0.00214118886948648	0	1.24820703790406e-07
0	0	0	0	2.3376548116657e-15	0	-6.31614262993779e-09
0	0	0	0	2.69083165765301e-15	0	-6.85068413527797e-08
0.00982035928143712	0.0065486134900318	0.0080414237454586	0.00804142374545864	0.00936314626721599	0	1.95027731048797e-07
0	0	0	0	2.73034964194467e-15	0	6.2213051113954e-09
0	0	0	0	2.04690286564609e-15	0	-7.12977766200172e-08
0	0	0	0	2.07914160037264e-14	0	2.66407988301901e-07
0	0	0	0	3.29279655009798e-15	0	2.10592924199648e-08
0.0979960079840319	0.0935672672079717	0.0966145381896869	0.0966145381896869	0.10091144511997	0	-7.11695420400936e-08
0.00334530938123753	0.00429355088838939	0.00744131160375428	0.00744131160375435	0.00323344382012539	0	3.36706494303761e-07
0	0	0	0	3.34038407000596e-15	0	3.66486144653052e-08
0	0	0	0	1.86980736919795e-15	0	-6.92124976606625e-08
0	0	0	0	4.43227987085527e-15	0	4.03849944000668e-07
0	0	0	0	3.39226376072518e-15	0	4.99857717671366e-08
0	0	0	0	3.73592943393977e-15	0	-6.44308296205841e-08
0	0	0	0	3.43331546691461e-15	0	4.61487229799987e-07
0	0	0	0	3.45833895243153e-15	0	5.47274354528056e-08
0	0	0	0	3.44165346839868e-15	0	-4.66528822104889e-08
0	0	0	0	1.98862077034941e-14	0	4.94649384127862e-07
0	0	0	0	3.39347298673032e-15	0	6.25842721178786e-08
0	0	0	0	2.48601832644606e-15	0	-2.14593190830273e-08
0.0159680638722555	0.0141995348070526	0.012797060909719	0.012797060909719	0.0123755114301989	0	5.0462400713978e-07
0	0	0	0	3.08972808490369e-15	0	5.92769776119238e-08
0	0	0	0	1.82858837547513e-15	0	2.21305929310492e-09
0.000359281437125749	0	0	0	4.66910327104238e-14	0	4.89756205294931e-07
0	0	0	0	3.22772238853146e-15	0	4.95514593028241e-08
0.107233532934132	0.102736267114688	0.105676228513616	0.105676228513615	0.105721548331522	0	2.74584979947875e-08
0	0	0	0	8.57411022483862e-16	0	4.50838058292838e-07
0	0	0	0	3.40799329497027e-15	0	3.66090226712875e-08
0	0	0	0	1.84319111475789e-15	0	4.94647603174237e-08
0.00327345309381238	0	0.000616228762828014	0.000616228762828007	0.00018128765449184	0	3.93040622876352e-07
0	0	0	0	3.4319920370326e-15	0	2.32431113442025e-08
0	0	0	0	3.44080755920002e-15	0	6.49124755429092e-08
0	0	0	0	6.1484891403486e-15	0	3.23407315447248e-07
0	0	0	0	2.99251541399267e-15	0	1.21031199995162e-08
0	0	0	0	2.95702803320918e-15	0	7.31986727743512e-08
0.00118962075848303	0.000505720215510364	0.00113788698311053	0.00113788698311054	0.0021936261227455	0	2.48773083409854e-07
0	0	0	0	2.21075479804148e-15	0	4.41390030918231e-09
0	0	0	0	2.90378023104751e-15	0	7.50755826558114e-08
0.00107784431137724	0.000502559464163424	0.00174364067437694	0.00174364067437692	0.00271778384079593	0	1.75117568242924e-07
0	0	0	0	3.25628812341676e-15	0	2.31670252344475e-10
0	0	0	0	2.35274082509397e-14	0	7.13416828916361e-08
0	0	0	0	4.34282468371527e-15	0	1.07851451976787e-07
0	0	0.00156648369647798	0.00156648369647797	0.00123333625060742	0	-1.16310286640537e-09
0	0	0	0	2.22966961473687e-15	0	6.23051435264376e-08
0	0	0	0	5.97042749939697e-15	0	5.23309676945643e-08
0	0	0	0	3.39254284536552e-15	0	-9.16881084479051e-10
0	0	0	0	2.74850920358086e-15	0	4.77913420300026e-08
0	0	0	0	3.54190138706924e-15	0	1.42613139726558e-08
0	0	0	0	0.000801762810969474	0	-2.50551221536876e-10
0	0	0	0	3.47159556346571e-15	0	2.72980641327017e-08
0	0	0	0	3.58450722685925e-15	0	5.57830043952834e-09
0	0	0	0	0.00103837114229629	0	-2.18111217240904e-09
0	0	0	0	3.38268516892331e-15	0	-2.32769194976112e-08
0.00198003992015968	0.00165437534885289	0.00124887906534049	0.00124887906534051	0.000514050580903353	0	5.06363266678944e-08
0	0	0	0	3.59971724797349e-15	0	-5.72949987910126e-09
0	0	0	0	3.23864208610057e-15	0	-6.01800892561139e-08
0	0	0	0	1.23032634892141e-15	0	1.19023455088841e-07
0	0	0	0	1.7588284033728e-15	0	-5.50515958475298e-09
0	0	0	0	3.12903376029147e-14	0	-7.50638614844739e-08
0	0	0	0	2.78784136143134e-16	0	1.98069245873849e-07
0	0	0	0	7.39344733769595e-16	0	-2.37874213153977e-10
0	0	0	0	1.67774229884159e-14	0	-8.18101468648871e-08
0	0	0	0	1.20523274942039e-15	0	2.81091796013485e-07
0	0	0	0	1.80666693744752e-15	0	7.94583216569804e-09
0	0	0	0	2.26524909890846e-15	0	-8.3365371563649e-08
0	0	0	0	3.7488631914815e-15	0	3.63592394995233e-07
0.0020439121756487	0.0017394698953689	0	0	0.00421826766169786	0	1.66127906680244e-08
0	0	0	0	2.67151574768223e-15	0	-8.09116791977861e-08
0	0	0	0	4.44371143066942e-14	0	4.41142244579975e-07
0	0	0	0	5.60275487151479e-15	0	2.47550566159087e-08
0	0	0.00205516924136403	0.00205516924136404	0.00190608128340122	0	-7.2847673661138e-08
0	0	0	0	3.77863074415328e-15	0	5.0581194127928e-07
0	0	0	0	3.78258132878339e-15	0	3.3137973075925e-08
0	0	0	0	3.72125243881115e-15	0	-5.46329884458217e-08
0	0	0	0	4.39413322839096e-15	0	5.4699576706853e-07
0	0	0	0	3.25261583347749e-15	0	4.21011888745861e-08
0	0	0	0	3.1099934434251e-15	0	-2.6328402609976e-08
0.00171656686626747	0.00501856987808427	0.00111910051459303	0.00111910051459304	0.00142272406842447	0	5.56883304429276e-07
0	0	0	0	2.58505441103161e-15	0	4.41701170550486e-08
0	0	0	0	2.73770048087217e-15	0	6.85930007064858e-09
0	0	0	0	4.41906699490794e-15	0	5.33575838176475e-07
0	0	0	0	3.22571535899679e-15	0	3.66592338287546e-08
0	0	0	0	6.4491544526423e-15	0	3.89707337074331e-08
0	0	0	0	6.04763111299549e-15	0	4.81536887426842e-07
0	0	0	0	0.00101507859217807	0	2.32351865942668e-08
0	0	0	0	2.73115162308779e-15	0	6.33995477840739e-08
0	0	0	0	3.51465232921445e-15	0	4.10359972454706e-07
0	0	0	0	3.43253076203974e-15	0	9.950308979066e-09
0	0	0	0	3.47159556335181e-15	0	7.71916114258568e-08
0	0	0	0	3.55576757839481e-15	0	3.30215041891754e-07
0	0	0	0	3.42439130408091e-15	0	3.63384700280062e-10
0	0	0	0	3.43157031482782e-15	0	8.17764316217058e-08
0	0	0	0	1.26748638603344e-14	0	2.49011284291901e-07
0	0	0	0	3.25770778135796e-15	0	-4.77859927415901e-09
0	0	0	0	2.69801861645385e-15	0	7.96992793187307e-08
0.00931736526946108	0.0103559994437441	0.00790259018473507	0.00790259018473503	0.00852738389875185	0	1.72435898709612e-07
0.00252295409181637	0.0036611917112289	0.00318284673093399	0.00318284673093398	0.00174223955306552	0	-6.17263984992678e-09
0	0	0	0	1.87352565014868e-15	0	7.27308304208866e-08
0	0	0	0	9.31272632549983e-15	0	1.04919957149587e-07
0	0	0	0	3.40760708126867e-15	0	-5.0601018205268e-09
0.103017964071856	0.101785961365319	0.10272310007745	0.10272310007745	0.103035505995984	0	6.16358076962015e-08
0	0	0	0	8.7698245953087e-16	0	5.05479164122746e-08
0	0	0	0	0.000911177450931958	0	-2.83111899371869e-09
0	0	0	0	1.86063931226772e-15	0	4.63841254789773e-08
0	0	0	0	3.55373158513805e-15	0	1.37570845390059e-08
0	0	0	0	3.4279126642287e-15	0	-8.03513570936283e-10
0	0	0	0	3.47159556339598e-15	0	2.63098167746377e-08
0	0	0	0	3.75246263753056e-15	0	9.38668597072103e-09
0	0	0	0	3.50171053518671e-15	0	4.45011372535779e-09
0	0	0	0	0.000774320070372271	0	-2.24976763404188e-08
0	0	0	0	7.91415836177172e-14	0	4.77905169391508e-08
0	0	0	0	4.27864671263065e-15	0	-1.6829095205439e-09
0	0	0	0	2.41076407046765e-15	0	-5.32654808200038e-08
0.00759281437125748	0.0105195972564771	0.00808056193175995	0.00808056193175999	0.00939578311807929	0	1.12772929052982e-07
0	0	0	0	1.17665393663692e-15	0	-7.8710451105406e-09
0	0	0	0	1.74922889321555e-15	0	-7.49165217399986e-08
0.0174930139720559	0.0178874820999376	0.0169575746489347	0.0169575746489347	0.0193876593498152	0	1.93970486929428e-07
0.483049900199601	0.482519580633709	0.485140792494127	0.485140792494127	0.486270164762528	1	-8.34690121520367e-09
0	0	0	0	3.14139790053238e-15	0	-8.66798034087821e-08
0.00890219560878244	0.00942108036015873	0.00802976234690515	0.00802976234690512	0.0101144561181951	0	2.81671001756122e-07
0	0	0	0	1.17568266279587e-15	0	-6.94383170975454e-09
0	0	0	0	1.12968108056574e-14	0	-8.83916085062663e-08
0.00245908183632734	0.00165437534885289	0.00196821775040317	0.00196821775040311	0.00282649952159939	0	3.68856313255218e-07
0	0	0	0	4.12287733155818e-15	0	-6.82257734137565e-09
0	0	0	0	5.27498360487677e-13	0	-8.56309097576002e-08
0.0147385229540918	0.0189823602665496	0.014413950883417	0.014413950883417	0.0145267071149594	0	4.52007092497953e-07
0.00297804391217565	0	0.00188223010606522	0.00188223010606521	0.000979880804210568	0	-4.19786755246255e-09
0	0	0	0	3.75563318814736e-15	0	-7.97674722441881e-08
0.00207584830339321	0	0	0	3.60218618666143e-14	0	5.25518542249706e-07
0	0	0	0	3.43171641759745e-15	0	4.31448750181428e-09
0	0	0	0	5.81637567836908e-15	0	-6.51301424298658e-08
0.00173253493013972	0.00508189505474298	0.00112657059173122	0.00112657059173119	0.000319889580467826	0	5.77073737745688e-07
0	0	0	0	0.000834654369279669	0	1.66302402009266e-08
0	0	0	0	3.37248383516856e-15	0	-3.49436458917137e-08
0.00172455089820359	0.00505013321065084	0.00109272447134982	0.00109272447134981	0.000488784098831846	0	5.90718651686115e-07
0	0	0	0	3.30945413031399e-15	0	2.23495660831701e-08
0	0	0	0	3.47887973174357e-15	0	8.83350838108102e-09
0	0	0	0	3.53315557235085e-15	0	5.59891833376928e-07
0	0	0	0	3.40669394862633e-15	0	1.41293358168828e-08
0	0	0	0	3.54388146497075e-15	0	5.11659532271587e-08
0	0	0	0	3.81878661551535e-15	0	4.93777258819981e-07
0	0	0	0	3.57213098008348e-15	0	-8.79379063056813e-10
0	0	0	0	3.33909083414345e-15	0	7.77794579965416e-08
0	0	0	0	1.86163576900732e-05	0	4.09911906262918e-07
0	0	0	0	4.28769209855113e-15	0	-1.24596360130621e-08
0	0	0	0	2.76130989769502e-15	0	8.76452074613681e-08
0	0	0	0	3.71222731279468e-15	0	3.21918501453633e-07
0	0	0	0	3.60893599149087e-15	0	-1.80011375996119e-08
0	0	0	0	2.13704772373223e-15	0	8.70604449722189e-08
0	0	0	0	2.78739143310905e-15	0	2.37716629588168e-07
0	0	0	0	3.28153351288604e-15	0	-1.84429342814682e-08
0	0	0	0	2.42734988994505e-15	0	8.06312168857484e-08
0.00732135728542915	0.00963896875116664	0.00464983838038693	0.00464983838038691	0.00426953582620535	0	1.61810639510535e-07
0	0	0	0	1.58407725997883e-14	0	-1.54424844353512e-08
0	0	0	0	2.74850920353699e-15	0	7.07156040442695e-08
0	0	0	0	5.40296447056096e-15	0	9.71615356502007e-08
0	0	0	0	2.19579944010552e-13	0	-1.06527770603435e-08
0	0	0	0	2.30362187931561e-15	0	5.81674371788524e-08
0	0	0	0	2.17110785756669e-15	0	4.63868392528136e-08
0	0	0	0	3.42529079850848e-15	0	-5.58092728244189e-09
0	0	0	0	2.74850920359303e-15	0	4.28881612160893e-08
0	0	0	0	3.40491688358067e-15	0	1.25664182753767e-08
0	0	0	0	3.43727144470571e-15	0	-1.60028180817324e-09
0	0	0	0	3.47404457968962e-15	0	2.40622349330474e-08
0.00332135728542914	0	0.00082788522916702	0.000827885229167009	0.000435321165626604	0	1.11627356861637e-08
0	0	0	0	3.47159556306903e-15	0	1.07633381137823e-10
0	0	0	0	2.07233349415147e-15	0	-2.22919734790203e-08
0.00331337325349301	0	0.000614738152609818	0.000614738152609825	0.00133003819827355	0	4.49101129535653e-08
0	0	0	0	3.47295697818564e-15	0	-4.3680978631657e-09
0	0	0	0	1.60827144094247e-15	0	-4.54011245439567e-08
0.0291656686626746	0.0279358652873611	0.026498772660701	0.026498772660701	0.0282404734377054	0	1.01840797002526e-07
0	0	0	0	1.5507588986732e-15	0	-1.4656979900115e-08
0	0	0	0	1.51052458675842e-15	0	-6.88990852773936e-08
0.0714091816367266	0.072656868394404	0.0718605307626702	0.0718605307626702	0.0746172756315524	0	1.8070845278432e-07
0	0	0	0	6.8281526074609e-16	0	-1.83789592052927e-08
0	0	0	0	2.70309014473062e-15	0	-8.10728963210373e-08
0.0273852295409182	0.0264116822409062	0.0266190039722597	0.0266190039722597	0.0284626012863146	0	2.66656717313771e-07
0	0	0	0	1.52617416737757e-15	0	-2.3170216130927e-08
0.0178842315369261	0.0144903719401795	0.0246421348532071	0.024642134853207	0.0325420020556224	0	-8.37037698630833e-08
0.00245109780439122	0.00166478022526077	0.00117568114729576	0.00117568114729578	0.00114571966569744	0	3.4820948892121e-07
0	0	0	0	2.66790844733356e-14	0	-3.56259055603924e-08
0	0	0	0	8.17270913937904e-15	0	-8.10867425235096e-08
0.00071057884231537	0	0	0	5.82386085117068e-05	0	4.29873843653087e-07
0	0	0	0	2.40486732517928e-15	0	-4.16044697775022e-08
0	0	0	0	3.65266048051892e-15	0	-8.21679914920385e-08
0	0	0	0	4.21970685419368e-15	0	5.1003076274628e-07
0	0	0	0	3.17377970180697e-15	0	-3.78401063633428e-08
0	0	0	0	3.76721491234629e-15	0	-7.61147097258541e-08
0	0	0	0	3.6532837055831e-15	0	5.75394190508888e-07
0	0	0	0	3.38083636571209e-15	0	-2.40296402329772e-08
0	0	0	0	0.000751873871910129	0	-4.94938342928761e-08
0	0	0	0	3.50995293889166e-15	0	5.97822857659188e-07
0	0	0	0	3.38087748494733e-15	0	-9.76743300936955e-09
0	0	0.000934434564881801	0.000934434564881765	0.000790115968132411	0	9.72137315358032e-09
0	0	0	0	3.39511112675424e-15	0	5.56535534843788e-07
0	0	0	0	0.000968383207504448	0	-2.50543687633183e-08
0	0	0	0	3.45023994803162e-15	0	6.72675772469116e-08
0	0	0	0	5.8867116082152e-15	0	4.75124130055379e-07
0	0	0	0	3.44920117645737e-15	0	-3.89960375819594e-08
0	0	0	0	2.29684928579733e-14	0	9.03006075596035e-08
0.00643512974051896	0.00852189818600092	0.00596081583353518	0.00596081583353515	0.00669186377915921	0	3.82555207902681e-07
0	0	0	0	3.46973290878064e-15	0	-4.34338011770454e-08
0	0	0	0	4.31615907984372e-15	0	9.2717258291002e-08
0	0	0	0	5.88671160753847e-15	0	2.92626663641451e-07
0	0	0	0	3.46147548677338e-15	0	-4.10548918938199e-08
0.0971736526946107	0.0977888847750846	0.100526317560901	0.100526317560901	0.100742368275141	0	8.62445498717175e-08
0	0	0	0	8.98879027910058e-16	0	2.11323396632064e-07
0	0	0	0	0.000427025569407576	0	-3.44675683933419e-08
0	0	0	0	1.8549669688813e-15	0	7.59956402235812e-08
0	0	0	0	4.7415966825918e-15	0	1.41183759315886e-07
0	0	0	0	3.08575765564221e-15	0	-2.57859021447646e-08
0	0	0	0	3.46143295849565e-15	0	6.41090392501413e-08
0	0	0	0	3.71046840646363e-15	0	8.34659251368457e-08
0	0	0	0	3.38169312785961e-15	0	-1.66753363133155e-08
0	0	0	0	3.51968383100832e-15	0	5.11549575034395e-08
0	0	0	0	0.00012052061649103	0	3.93346348500053e-08
0	0	0	0	0.00089099017989155	0	-8.47788568428271e-09
0	0	0	0	3.44527688484149e-15	0	3.68331029467581e-08
0	0	0	0	3.39645017660461e-15	0	1.0542850268114e-08
0	0	0	0	0.000724761253479679	0	-2.43503990922357e-09
0	0	0	0	3.47501019895484e-15	0	2.02884798968382e-08
0	0	0	0	3.65032528831352e-15	0	1.04760818653893e-08
0	0	0	0	3.41680314229453e-15	0	-1.18767839911554e-09
0.0935728542914171	0.0931837749398576	0.0959358550739779	0.0959358550739778	0.0958268905212567	0	-2.03690115465135e-08
0	0	0	0	1.95717926340682e-15	0	3.98872217929672e-08
0	0	0	0	2.88046053137421e-15	0	-5.30355777750815e-09
0	0	0	0	1.54993936870205e-15	0	-3.79158470012611e-08
0.00763273453093812	0.00954770765951148	0.00817420586263861	0.00817420586263857	0.00946278517113512	0	8.57355108240112e-08
0	0	0	0	1.54259188231894e-15	0	-1.36259606593569e-08
0	0	0	0	1.73524075226445e-15	0	-5.33820374560003e-08
0.0177884231536926	0.02039914412923	0.0169828679752828	0.0169828679752828	0.0195628609429984	0	1.57287761087894e-07
0	0	0	0	1.00808486820353e-15	0	-2.81014935612238e-08
0	0	0	0	3.19789892542713e-15	0	-1.09422709906816e-07
0.0104750499001996	0.00920697849971732	0.00802947878680872	0.0080294787868087	0.00950419798223471	0	2.32722920910975e-07
0	0	0	0	1.53894952001937e-15	0	-4.81417667217104e-08
0	0	0	0	1.63120909939297e-14	0	-6.22206636319533e-08
0	0	0	0	1.35784743808177e-14	0	2.95820257784895e-07
0	0	0	0	2.89329717852448e-15	0	-6.93167899016398e-08
0	0	0	0	5.3996709177345e-15	0	-6.57536708651531e-08
0	0	0	0	3.52944975544007e-15	0	3.66919717651945e-07
0	0	0	0	3.44571980404131e-15	0	-8.46044870578325e-08
0	0	0	0	3.49194061837673e-15	0	-7.60428354607418e-08
0	0	0	0	3.50756395076489e-15	0	4.46396711082963e-07
0	0	0	0	3.45843133525183e-15	0	-8.98810876753854e-08
0	0	0	0	3.46612580400216e-15	0	-8.01530443781211e-08
0	0	0	0	3.51290264067228e-15	0	5.20371635270476e-07
0	0	0	0	0.000922494965589292	0	-8.95235403745354e-08
0	0	0	0	3.42584186617884e-15	0	-6.41467072494646e-08
0	0	0	0	3.46246840186902e-15	0	5.56175446806366e-07
0	0	0	0	3.43634430922861e-15	0	-9.01242532319383e-08
0	0	0	0	0.000863873538386826	0	1.05657212003036e-08
0	0	0	0	3.44907235653743e-15	0	5.00588776740867e-07
0	0	0	0	3.43283079181634e-15	0	-9.09707652285705e-08
0	0	0	0	3.4373978635506e-15	0	8.14195795689077e-08
0	0	0	0	3.6020259453165e-15	0	4.12398493711154e-07
0	0	0	0	3.29998395717952e-15	0	-8.6851658569019e-08
0	0	0	0	8.01776850672476e-05	0	9.1908946840394e-08
0	0	0	0	6.97981167411067e-13	0	3.22103974313733e-07
0	0	0	0	2.90247272865754e-15	0	-7.70819653362004e-08
0	0	0	0	2.75983273928067e-15	0	8.72385669301275e-08
0	0	0	0	3.72758846993157e-15	0	2.39922555865091e-07
0	0	0	0	3.33731566861084e-15	0	-6.36849259787414e-08
0	0	0	0	2.13634172093105e-15	0	7.66646817096525e-08
0	0	0	0	2.15293544194525e-15	0	1.69298783948114e-07
0	0	0	0	3.40659889071151e-15	0	-4.88965045763557e-08
0	0	0	0	2.7613098973922e-15	0	6.45542360833922e-08
0	0	0	0	3.55836875864002e-14	0	1.1080952271236e-07
0	0	0	0	3.29976204404144e-15	0	-3.43955013381413e-08
0	0	0	0	3.43355568861225e-15	0	5.24934274139639e-08
0	0	0	0	0.000147923661883198	0	6.42604507310505e-08
0	0	0	0	3.40990342659864e-15	0	-2.13408393502804e-08
0	0	0	0	0.000811081788058338	0	4.06173971469164e-08
0	0	0	0	3.56781545992466e-15	0	2.96908058447155e-08
0	0	0	0	3.4156393894282e-15	0	-1.05959355014768e-08
0	0	0	0	0.000975929416854412	0	2.8417825514434e-08
0	0	0	0	3.47091887348095e-15	0	7.78242394818138e-09
0	0	0	0	0.000825648064429803	0	-3.03031368115609e-09
0	0	0	0	3.44706860772016e-15	0	1.51638846656506e-08
0	0	0	0	0.000149014537576415	0	8.81699937712431e-09
0	0	0	0	3.47159556333868e-15	0	-2.30661940005619e-09
0	0	0	0	5.89064284375493e-15	0	-1.72320592857223e-08
0	0	0	0	2.38132007465058e-15	0	3.40563183959219e-08
0	0	0	0	3.28950393842373e-15	0	-7.05015265977571e-09
0	0	0	0	2.67924515526113e-15	0	-3.31413111168969e-08
0	0	0	0	2.51118524690311e-14	0	7.46462297476233e-08
0	0	0	0	2.50249913588933e-15	0	-1.26878574895316e-08
0	0	0	0	3.0034972178822e-15	0	-4.77244813455615e-08
0	0	0	0	0.00135715554752142	0	1.25766415200357e-07
0	0	0	0	2.07265742641918e-15	0	-3.37358214661512e-08
0	0	0	0	3.45042280586671e-15	0	-4.70499576623211e-08
0	0	0	0	2.40240419347274e-14	0	1.71994992046647e-07
0	0	0	0	1.00612732259511e-14	0	-6.8390352815415e-08
0	0	0	0	4.0856855298167e-15	0	-4.04230431756261e-08
0	0	0	0	3.87578515077926e-15	0	2.11487355010325e-07
0	0	0	0	3.30391012492554e-15	0	-9.70593624263866e-08
0	0	0	0	3.67597082910477e-15	0	-4.2560684500793e-08
0	0	0	0	3.50966298176269e-15	0	2.62369045191439e-07
0	0	0	0	3.47501105801275e-15	0	-1.22701402258697e-07
0	0	0	0	3.46004512535457e-15	0	-6.35570655337326e-08
0	0	0	0	0.000149896621871093	0	3.32924689664072e-07
0	0	0	0	3.44062128222436e-15	0	-1.34300382360236e-07
0	0	0	0	3.47159556331404e-15	0	-7.62155863519105e-08
0	0	0	0	3.52616404868662e-15	0	4.00677909257084e-07
0	0	0	0	0.000667708674644817	0	-1.41187328842021e-07
0	0	0	0	3.47895542535167e-15	0	-5.05300731037621e-08
0	0	0	0	3.47846808563935e-15	0	4.20675463277354e-07
0	0	0	0	3.44410353693148e-15	0	-1.61528842200087e-07
0	0	0	0	3.44843935958735e-15	0	1.45493485485627e-08
0	0	0	0	3.49291147075658e-15	0	3.77076491618507e-07
0	0	0	0	3.46079669847668e-15	0	-1.49555164921063e-07
0	0	0	0	3.46324899975297e-15	0	6.48370294070207e-08
0	0	0	0	3.51964191633851e-15	0	3.04255677814952e-07
0	0	0.00173427283154334	0.00173427283154337	0.00123602997234123	0	-1.26160019846305e-07
0	0	0	0	3.44896170159507e-15	0	7.55833473415179e-08
0	0	0	0	3.92650194337988e-15	0	2.31438832782342e-07
0	0	0	0	3.66091098066463e-15	0	-1.01513371361343e-07
0	0	0	0	3.38594079041722e-15	0	6.8785351254152e-08
0	0	0	0	5.62764909993076e-15	0	1.68066657782125e-07
0	0	0	0	4.3114711005155e-15	0	-7.78525909382918e-08
0	0	0	0	3.28431184797006e-15	0	5.78154274078469e-08
0	0	0	0	7.52128743468937e-15	0	1.15831605307974e-07
0	0	0	0	4.68976426969013e-15	0	-5.64118451829822e-08
0	0	0	0	3.12815825690153e-15	0	4.68255075860723e-08
0	0	0	0	2.5451729458073e-15	0	7.40970698696927e-08
0.00714570858283433	0.00472134726096861	0.00565913493802631	0.00565913493802623	0.00606734435355113	0	-3.78951236947118e-08
0	0	0	0	3.48673830043467e-15	0	3.68349409563738e-08
0	0	0	0	5.91664829829796e-15	0	4.19044538049995e-08
0	0	0	0	4.25177697081549e-15	0	-2.26549858422885e-08
0	0	0	0	3.96831672801568e-15	0	2.76482446002804e-08
0	0	0	0	6.49179748280178e-05	0	1.87410906590689e-08
0	0	0	0	3.52864621701151e-15	0	-1.09296664301485e-08
0	0	0	0	3.64084268663141e-15	0	1.86640849269827e-08
0	0	0	0	3.40783417204671e-15	0	4.67892476536205e-09
0	0	0	0	3.39524713568877e-15	0	-3.07638969107977e-09
0	0	0	0	3.4456616755545e-15	0	9.39702340443646e-09
0	0	0	0	3.5035862228721e-15	0	5.67363553660331e-09
0	0	0	0	3.45674649234214e-15	0	-3.8793266410515e-09
0	0	0	0	3.4715955632885e-15	0	-1.15739679157582e-08
0	0	0	0	1.41981589690678e-15	0	2.37900089387117e-08
0	0	0	0	1.66320601181386e-15	0	-1.401466938018e-08
0	0	0	0	3.47462410154547e-15	0	-2.52408069215249e-08
0	0	0	0	2.62555211333086e-16	0	5.5919521016021e-08
0	0	0	0	7.57435786036432e-16	0	-2.72770418182608e-08
0	0	0	0	3.41109992532783e-15	0	-3.83820653985156e-08
0	0	0	0	1.01754073669027e-15	0	9.08692530713201e-08
0	0	0	0	3.19749751956585e-15	0	-3.53491968709914e-08
0	0	0.00140992821694619	0.00140992821694618	0.000894089952681063	0	-2.11265083511417e-08
0	0	0	0	3.37500301843393e-15	0	1.01395977473071e-07
0	0	0	0	3.41901396984591e-15	0	-7.21317705445184e-08
0	0	0	0	3.4357483303264e-15	0	-6.1436050838312e-09
0	0	0	0	0.000168035419260588	0	1.09027293120724e-07
0	0	0	0	3.48116443067405e-15	0	-1.02373515085867e-07
0	0	0	0	3.44799363149719e-15	0	-1.23564910031897e-08
0	0	0	0	3.49795642977331e-15	0	1.29017436433225e-07
0	0	0	0	3.47231230299779e-15	0	-1.38724000617408e-07
0	0	0	0	3.47994718442863e-15	0	-2.18819836026925e-08
0	0	0	0	3.51764307538274e-15	0	1.87962421295813e-07
0	0	0	0	3.43102673188967e-15	0	-1.49031538967197e-07
0	0	0	0	3.47159556331303e-15	0	-7.80493259317259e-08
0	0	0	0	3.54508668374713e-15	0	2.54340659127382e-07
0	0	0	0	0.000879568221368683	0	-1.43212331936165e-07
0	0	0	0	3.47464204457707e-15	0	-3.48589583409754e-08
0	0	0	0	3.52300575894021e-15	0	2.52045615046597e-07
0	0	0	0	3.44574215360348e-15	0	-1.74791221386286e-07
0	0	0	0	3.45422819033002e-15	0	2.55823604034428e-08
0	0	0.00106365745694387	0.00106365745694387	0.00017441321723628	0	2.16298203218898e-07
0	0	0	0	3.46067451288453e-15	0	-1.6401458467447e-07
0	0	0	0	3.47159556330778e-15	0	4.33393438961506e-08
0	0	0	0	3.94599066520778e-15	0	1.70676872955723e-07
0	0	0	0	3.43591150733282e-15	0	-1.33851341920784e-07
0	0	0	0	3.37133035213884e-15	0	4.61008539417428e-08
0.00237924151696607	0.00272321176490112	0.00293787793351449	0.00293787793351451	0.0012060031856141	0	1.2688149140386e-07
0	0	0	0	3.52470081418968e-15	0	-1.02623055667956e-07
0	0	0	0	3.4900175176716e-14	0	4.07335874333892e-08
0.00664271457085828	0.0039965639021802	0.00475309234061688	0.00475309234061691	0.00428956576897015	0	8.99539746409338e-08
0	0	0	0	4.52824209689714e-15	0	-7.48476495247365e-08
0	0	0	0	2.43693409229276e-15	0	3.31091862474042e-08
0.0146986027944112	0.00869824231324526	0.0107849673265229	0.0107849673265229	0.01095409750698	0	6.05145532284399e-08
0	0	0	0	1.52121304290088e-14	0	-5.18580336777611e-08
0	0	0	0	1.70258951969921e-15	0	2.59598574136173e-08
0.0232095808383233	0.0208794409313354	0.0219684782568039	0.0219684782568039	0.0230578985879634	0	3.77004697530813e-08
0.0650778443113773	0.0648666850200599	0.0685727866692885	0.0685727866692884	0.0689410783760402	0	-3.33922225708137e-08
0	0	0	0	3.26523001038561e-15	0	1.98441855146155e-08
0.00908582834331337	0.0123194302980544	0.00897752290604526	0.00897752290604525	0.00970978494069554	0	2.05836690065923e-08
0	0	0	0	1.1416955400964e-14	0	-1.91051808026362e-08
0	0	0	0	3.841262670938e-14	0	1.44765624635005e-08
0	0	0	0	9.24536065339151e-15	0	8.67278219289576e-09
0.00198802395209581	0.000867217207081811	0.0035085672703869	0.00350856727038689	0.00431804059476289	0	-8.76278011068534e-09
0	0	0	0	4.975051885929e-15	0	9.34252289123344e-09
0	0	0	0	3.53721591338509e-15	0	1.91173205772344e-09
0	0	0	0	0.000538507340726742	0	-2.32882432695189e-09
0	0	0	0	0.00104766660628026	0	4.18561459352662e-09
0	0	0	0	3.4715955632937e-15	0	1.64383967014253e-09
0	0	0	0	3.47159556330869e-15	0	-3.1358742263405e-09
0	0	0	0	3.47159556329657e-15	0	-3.88380411811821e-09
0	0	0	0	3.47159556326936e-15	0	8.59182939975315e-09
0	0	0	0	9.12341961505179e-16	0	-1.61147843474043e-08
0	0	0	0	3.47159556334782e-15	0	-1.04064393975852e-08
0	0	0	0	3.58267188923009e-15	0	2.1895102415884e-08
0.428199600798403	0.428897718388343	0.426735439728898	0.426735439728898	0.425494471127253	0	-2.57594741397509e-08
0	0	0	0	3.4379207331793e-15	0	-1.49978458812566e-08
0	0	0	0	3.47159556328188e-15	0	3.40971796904728e-08
0	0	0	0	9.10741039896879e-16	0	-1.16645415995782e-07
0	0	0	0	0.00089408678485573	0	-6.67776282730566e-09
0	0	0	0	3.51354172376382e-15	0	3.37177965614317e-08
0	0	0	0	0.00101431051512286	0	-4.86798334693835e-08
0	0	0	0	3.38744757698971e-15	0	5.34785815422317e-09
0	0	0	0	0.000185186171091096	0	2.45327127044165e-08
0	0	0	0	3.43202260390189e-15	0	-5.71882933868736e-08
0	0	0	0	0.00103837114228556	0	1.58459048005396e-08
0	0	0	0	3.4138049500519e-15	0	1.43913886509883e-08
0	0	0	0	3.46818677593115e-15	0	-6.6008251379335e-08
0	0	0	0	3.46327178540533e-15	0	-1.70982592707058e-08
0	0	0	0	3.48954849306419e-15	0	5.47179475937556e-08
0	0	0	0	3.46381707951082e-15	0	-8.72971982520271e-08
0	0	0	0	3.47159556333585e-15	0	-4.65918184986986e-08
0	0	0	0	3.561909653284e-15	0	8.71553166104712e-08
0	0	0	0	3.44611356266675e-15	0	-2.55990828167168e-07
0	0	0	0	3.47159556333838e-15	0	-1.47946819992982e-08
0	0	0	0	3.49560835396203e-15	0	8.49513068767824e-08
0	0	0	0	3.46029486727305e-15	0	-1.28751245224179e-07
0	0	0	0	3.46805752218225e-15	0	1.34737074328325e-08
0	0	0	0	3.5090978035648e-15	0	6.83902814396608e-08
0	0	0	0	3.45422819027196e-15	0	-1.24177568156096e-07
0	0	0	0	3.47159556333686e-15	0	1.75044769175663e-08
0	0	0	0	3.51964158515415e-15	0	5.19502427468845e-08
0	0	0	0	3.44378740971549e-15	0	-9.41088382543549e-08
0	0	0	0	3.4507718254824e-15	0	1.55064704566879e-08
0	0	0	0	5.01108008649819e-15	0	3.76822384209784e-08
0	0	0	0	1.99014755159121e-13	0	-6.96463643819296e-08
0	0	0	0	3.11381818491408e-15	0	1.2993646252732e-08
0.00612375249500998	0.0047782826155173	0.00336887889296016	0.00336887889296017	0.00311501842532155	0	2.60828157535591e-08
0	0	0	0	2.27820436616462e-14	0	-4.87846120849348e-08
0	0	0	0	1.96753310554701e-15	0	1.02373071037266e-08
0.0277604790419161	0.0234931047787402	0.0245973673637217	0.0245973673637217	0.0245379169823687	0	1.71016571494666e-08
0	0	0	0	5.69683727383604e-15	0	-3.24590421221331e-08
0	0	0	0	9.74137657113688e-16	0	7.80359493198713e-09
0.088750499001996	0.088582700977948	0.0881237677769752	0.0881237677769753	0.0882353641102193	0	1.0318349163363e-08
0	0	0	0	1.46794283652512e-15	0	-1.99515659092363e-08
0	0	0	0	2.65167330908905e-15	0	5.82775811289322e-09
0.0237844311377246	0.0246503330959002	0.0236698299929118	0.0236698299929118	0.0235392374102726	0	5.34051570334742e-09
0	0	0	0	2.16721927996679e-15	0	-1.06819156554978e-08
0.0321117764471058	0.0264177890897598	0.0356056920844188	0.0356056920844187	0.0410897321068063	0	4.15582997604022e-09
0	0	0	0	7.02122121974432e-15	0	1.98388992963178e-09
0	0	0	0	3.17197651889445e-15	0	-4.33600959161669e-09
0	0	0	0	5.5907213496048e-15	0	2.54305298021201e-09
0	0	0.000792467088913089	0.000792467088913087	0.000292279829992087	0	2.74432209875072e-10
0	0	0	0	3.41844054809533e-15	0	-8.64511920541114e-10
0	0	0	0	3.44778378595161e-15	0	8.59404794175162e-10
