FW_Default	FW_LBM	FW_QBM	FW_NM	Direct	interior-point-convex	active-set
0	0.00921869919756512	0.00880429732827667	0.00880429732827668	1.78785267399003e-11	1	NaN
0	0	0	0	1.59192147010664e-11	0	NaN
0.0283168316831683	0.0368923624404895	0.0327431064128213	0.0327431064128212	0.0333147476652436	0	NaN
0	0	0	0	1.87784212083622e-11	0	NaN
0	0.00921869919756512	0.00880429732827667	0.00880429732827668	5.55606895580768e-11	1	NaN
0	0	0	0	4.28038328407738e-11	0	NaN
0	0	0	0	6.04997957016179e-11	0	NaN
0	0	0	0	1.71756477713504e-11	0	NaN
0	0	0	0	5.82089438824096e-11	0	NaN
0	0	0	0	1.51484349613658e-11	0	NaN
0	0	0	0	3.63852690835024e-11	0	NaN
0	0	0	0	1.78245850438045e-11	0	NaN
0	0	0	0	2.51887420913775e-11	0	NaN
0	0	0	0	1.62082649159534e-11	0	NaN
0	0	0	0	6.36470844108398e-11	0	NaN
0	0	0	0	8.58027820799211e-11	0	NaN
0	0	0	0	1.80926640581653e-10	0	NaN
0	0	0	0	5.68920753742298e-11	0	NaN
0	0	0	0	2.84095164713105e-10	0	NaN
0	0	0	0	7.04365436278697e-11	0	NaN
0	0	0	0	1.6455255852275e-11	0	NaN
0	0	0	0	2.55806810001775e-11	0	NaN
0	0	0	0	1.72132397746666e-11	0	NaN
0	0	0	0	1.44440183061673e-11	0	NaN
0	0	0	0	1.78322187458582e-11	0	NaN
0	0	0	0	3.86035848227286e-11	0	NaN
0	0	0	0	2.14096396312537e-10	0	NaN
0	0	0	0	6.80924875304995e-11	0	NaN
0	0	0	0	2.37301944088124e-11	0	NaN
0	0	0	0	1.66819356707914e-11	0	NaN
0	0	0	0	3.44026104796354e-10	0	NaN
0	0	0	0	2.39015740569483e-11	0	NaN
0	0	0	0	2.489366486276e-11	0	NaN
0	0	0	0	2.3622698694108e-11	0	NaN
0	0	0	0	2.79992033896059e-11	0	NaN
0	0	0	0	1.64225124788093e-11	0	NaN
0	0	0	0	1.87809444670192e-11	0	NaN
0	0	0	0	2.79055729739927e-11	0	NaN
0	0	0	0	1.89838131240541e-11	0	NaN
0	0	0	0	1.69073329046571e-11	0	NaN
0	0	0	0	2.10141014260893e-11	0	NaN
0	0	0	0	2.24479309029488e-11	0	NaN
0	0	0	0	3.07117745087845e-11	0	NaN
0	0	0	0	1.69644869025906e-11	0	NaN
0	0	0	0	2.70873992498288e-11	0	NaN
0	0	0	0	2.3057210679664e-11	0	NaN
0	0	0	0	8.81774029649272e-11	0	NaN
0	0	0	0	2.85498061399981e-11	0	NaN
0	0	0	0	2.70283963762011e-11	0	NaN
0	0	0	0	2.12342853951829e-09	0	NaN
0	0.00921869919756512	0.00880429732827667	0.00880429732827668	1.15238280963013e-10	1	NaN
0	0	0	0	1.19112675679822e-10	0	NaN
0	0	0	0	1.98805904678166e-11	0	NaN
0	0	0	0	5.63746542953621e-11	0	NaN
0	0	0	0	1.60689786418099e-11	0	NaN
0	0	0	0	1.53820641722598e-11	0	NaN
0	0	0	0	1.49143944054695e-10	0	NaN
0	0	0	0	1.04373793594871e-10	0	NaN
0	0	0	0	3.42009047613691e-11	0	NaN
0.0102970297029703	0.0137136880527241	0.0177489426259594	0.0177489426259594	0.0155711432547328	0	NaN
0	0	0	0	4.16402822243493e-11	0	NaN
0	0	0	0	4.69889988368585e-11	0	NaN
0	0	0	0	2.89325159676925e-11	0	NaN
0	0	0	0	5.04493592575969e-10	0	NaN
0	0	0	0	4.84537327932533e-11	0	NaN
0	0	0	0	5.42303968073631e-11	0	NaN
0	0	0	0	1.73089305166882e-11	0	NaN
0	0	0	0	1.68774863464659e-11	0	NaN
0	0	0	0	1.54642152070749e-11	0	NaN
0	0	0	0	2.32732975765948e-11	0	NaN
0	0	0	0	1.72186211836848e-11	0	NaN
0	0	0	0	1.76474912667022e-11	0	NaN
0	0	0	0	2.88509100855587e-11	0	NaN
0	0	0	0	1.45637252783603e-11	0	NaN
0	0	0	0	1.91675594029141e-11	0	NaN
0	0	0	0	2.53403072273233e-05	0	NaN
0	0	0	0	1.77330319907551e-11	0	NaN
0	0	0	0	2.34405465414952e-11	0	NaN
0	0	0	0	2.50718847369328e-11	0	NaN
0	0	0	0	2.05494265114324e-11	0	NaN
0	0	0	0	3.46951809730944e-11	0	NaN
0	0	0	0	6.37678612079989e-11	0	NaN
0	0	0	0	1.06566923470011e-10	0	NaN
0.225148514851485	0.227473344434305	0.227761862098415	0.227761862098415	0.228463200943037	0	NaN
0	0	0	0	1.68815666261191e-11	0	NaN
0	0	0	0	1.85212748899825e-11	0	NaN
0	0	0	0	3.76146642642153e-10	0	NaN
0	0	0	0	2.05318823144106e-11	0	NaN
0	0	0	0	2.33728652224098e-11	0	NaN
0	0	0	0	3.57636558064863e-11	0	NaN
0	0	0	0	1.48392115720736e-11	0	NaN
0	0	0	0	6.26082504999748e-11	0	NaN
0	0	0	0	3.34145060073024e-11	0	NaN
0	0	0	0	8.42405441987366e-11	0	NaN
0	0	0	0	1.67939005402266e-11	0	NaN
0	0	0	0	2.88438221866645e-11	0	NaN
0.0738613861386139	0.0769134029102265	0.0718484067987595	0.0718484067987594	0.0825587904177467	0	NaN
0	0	0	0	1.56912275925325e-11	0	NaN
0	0	0	0	1.74848441251508e-11	0	NaN
0	0	0	0	3.92705466722828e-11	0	NaN
0	0	0	0	1.75089067352895e-11	0	NaN
0	0	0	0	2.21362806807143e-11	0	NaN
0	0	0	0	1.09119646966295e-09	0	NaN
0	0	0	0	3.41833644965555e-11	0	NaN
0	0	0	0	2.06366542348982e-11	0	NaN
0.0350495049504951	0.0299788125030733	0.0287469685919114	0.0287469685919114	0.0276482499090614	0	NaN
0	0	0	0	5.30913098134771e-11	0	NaN
0	0	0	0	2.42047038458619e-11	0	NaN
0	0	0	0	4.45990494738769e-11	0	NaN
0	0	0	0	1.02923304187487e-10	0	NaN
0	0	0	0	1.69759486722138e-11	0	NaN
0	0	0	0	1.97703703481649e-11	0	NaN
0	0	0	0	2.83329480495393e-11	0	NaN
0	0	0	0	3.90067570221836e-11	0	NaN
0	0	0	0	2.05395266327419e-11	0	NaN
0	0	0	0	3.99554708257333e-11	0	NaN
0	0	0	0	1.21863084108928e-10	0	NaN
0	0	0	0	1.70413742719063e-11	0	NaN
0	0	0	0	1.55438934654817e-11	0	NaN
0	0	0	0	3.22013321588991e-11	0	NaN
0	0	0	0	9.33305694548561e-10	0	NaN
0	0	0	0	1.99987995470019e-11	0	NaN
0	0	0	0	1.60694148265745e-11	0	NaN
0	0	0	0	2.61278722521461e-11	0	NaN
0	0	0	0	1.55665131586046e-11	0	NaN
0	0	0	0	5.96083493741538e-11	0	NaN
0	0	0	0	3.22839310307338e-11	0	NaN
0	0	0	0	1.72742964701714e-11	0	NaN
0	0	0	0	1.87317837342598e-11	0	NaN
0	0	0	0	1.70692308953596e-11	0	NaN
0	0	0	0	3.64383074773027e-11	0	NaN
0	0	0	0	1.71147416926014e-10	0	NaN
0	0	0	0	1.80124142448851e-11	0	NaN
0	0	0	0	3.74279349677654e-09	0	NaN
0	0	0	0	7.3468093346148e-11	0	NaN
0	0	0	0	2.06077624929887e-11	0	NaN
0	0	0	0	5.28332886418527e-11	0	NaN
0	0	0	0	3.39211528145542e-11	0	NaN
0	0	0	0	2.41605573164669e-11	0	NaN
0	0	0	0	3.54313553370332e-11	0	NaN
0	0	0	0	4.08540697966729e-11	0	NaN
0	0	0	0	1.91740332928294e-11	0	NaN
0	0	0	0	2.19731545041629e-11	0	NaN
0	0	0	0	1.88405449364963e-11	0	NaN
0	0	0	0	2.83321795205089e-11	0	NaN
0.10039603960396	0.109673766908372	0.115824824851273	0.115824824851273	0.11570028313615	0	NaN
0	0	0	0	3.02817722172844e-11	0	NaN
0	0	0	0	2.84497062468297e-11	0	NaN
0	0	0	0	1.92295438055573e-10	0	NaN
0	0	0	0	3.61921787181776e-11	0	NaN
0.0334653465346535	0.0382085887003524	0.0421570815947461	0.0421570815947462	0.0404079872174143	0	NaN
0	0	0	0	3.89171192675805e-11	0	NaN
0	0	0	0	1.92991967498431e-11	0	NaN
0	0	0	0	2.12274033481892e-11	0	NaN
0	0	0	0	2.0068631483839e-11	0	NaN
0.0227722772277228	0.0208414928469339	0.0199298773269723	0.0199298773269722	0.0209018353814879	0	NaN
0	0	0	0	1.12238998236757e-10	0	NaN
0	0	0	0	3.07672097120738e-11	0	NaN
0	0	0	0	2.56090853545911e-11	0	NaN
0	0	0	0	3.12493722468585e-11	0	NaN
0	0	0	0	2.53413416482591e-11	0	NaN
0	0	0	0	1.77785273842123e-11	0	NaN
0	0	0	0	1.71265228823089e-11	0	NaN
0	0	0	0	6.65317396575411e-11	0	NaN
0	0	0	0	1.8727412472604e-11	0	NaN
0	0	0	0	2.33804444156467e-11	0	NaN
0	0	0	0	2.43720899887739e-11	0	NaN
0	0	0	0	5.05448397443159e-10	0	NaN
0	0	0	0	5.23512764623512e-11	0	NaN
0	0	0	0	1.7984714253475e-07	0	NaN
0	0	0	0	4.78832275788806e-11	0	NaN
0	0	0	0	1.60404962824365e-11	0	NaN
0	0	0	0	6.47465503308842e-11	0	NaN
0.0655445544554455	0.0621857838706645	0.0611693410172047	0.0611693410172047	0.0595172457581742	0	NaN
0	0	0	0	2.06122378290048e-09	0	NaN
0	0	0	0	1.67215024039208e-11	0	NaN
0	0	0	0	1.64095795717985e-11	0	NaN
0	0	0	0	2.6172130877256e-11	0	NaN
0	0	0	0	1.7174875859641e-11	0	NaN
0	0	0	0	3.49525246686829e-11	0	NaN
0	0	0	0	4.92803483792308e-11	0	NaN
0	0	0	0	1.88880225967338e-11	0	NaN
0	0	0	0	1.75493722811835e-11	0	NaN
0	0	0	0	1.72998211596298e-11	0	NaN
0	0	0	0	1.96522131105293e-11	0	NaN
0	0	0	0	4.89212182156196e-11	0	NaN
0	0	0	0	1.00464212339391e-10	0	NaN
0	0	0	0	2.27216910600919e-11	0	NaN
0	0	0	0	1.94400894967697e-11	0	NaN
0	0	0	0	2.53496622209765e-11	0	NaN
0	0	0	0	6.57118843776498e-11	0	NaN
0	0	0	0	3.25334067639034e-11	0	NaN
0	0	0	0	1.49530735380261e-11	0	NaN
0	0	0	0	6.61446195045997e-11	0	NaN
0	0	0	0	2.93166068391506e-11	0	NaN
0	0	0	0	1.77308293122013e-11	0	NaN
0	0	0	0	6.31104270716634e-11	0	NaN
0	0	0	0	2.24446996729655e-11	0	NaN
0.076039603960396	0.0786425952155555	0.0761853123368919	0.076185312336892	0.0788917114798811	0	NaN
0	0	0	0	8.90486924138429e-10	0	NaN
0	0	0	0	3.51048652728105e-10	0	NaN
0	0	0	0	3.32449280412554e-11	0	NaN
0	0	0	0	2.84462967894053e-10	0	NaN
0	0	0	0	6.63951668958835e-11	0	NaN
0.023960396039604	0.0126136448700441	0.0117967627918121	0.0117967627918121	0.0136156314355486	0	NaN
0	0	0	0	1.96743297880509e-11	0	NaN
0	0	0	0	2.09623389717512e-11	0	NaN
0	0	0	0	1.66829020258208e-11	0	NaN
0	0	0	0	1.58457173681678e-11	0	NaN
0	0	0	0	1.3424111499717e-10	0	NaN
0	0	0	0	1.96201832584013e-11	0	NaN
0	0	0	0	3.47487166117828e-11	0	NaN
0	0	0	0	4.86283964656392e-11	0	NaN
0	0	0	0	2.26326717987692e-11	0	NaN
0	0	0	0	2.34843748772858e-11	0	NaN
0	0	0	0	4.51674199442661e-11	0	NaN
0	0	0	0	1.59965693633284e-11	0	NaN
0	0	0	0	2.01595412183164e-11	0	NaN
0	0	0	0	2.34137396705407e-11	0	NaN
0	0	0	0	4.49676092425069e-11	0	NaN
0	0	0	0	2.59721146449208e-11	0	NaN
0	0	0	0	7.44062336224418e-11	0	NaN
0	0	0	0	5.0091971100116e-11	0	NaN
0	0	0	0	2.23945415534315e-11	0	NaN
0	0	0	0	1.66403192602119e-10	0	NaN
0.0213861386138614	0.0200617038738744	0.024977255975163	0.024977255975163	0.0216831932046788	0	NaN
0	0	0	0	1.5266364594128e-11	0	NaN
0.020990099009901	0.0106232868813054	0.0115437190990837	0.0115437190990838	0.011368830532574	0	NaN
0	0	0	0	4.61136149128512e-11	0	NaN
0	0	0	0	3.88209439734395e-11	0	NaN
0	0	0	0	4.97457147127106e-10	0	NaN
0	0	0	0	2.86240718337134e-11	0	NaN
0	0	0	0	1.57782485946065e-11	0	NaN
0	0	0	0	2.01812879284068e-11	0	NaN
0	0	0	0	3.16745441118814e-11	0	NaN
0	0	0	0	2.19134789782295e-11	0	NaN
0	0	0	0	6.12214254602792e-11	0	NaN
0	0	0	0	2.65180555913108e-09	0	NaN
0.264752475247525	0.272806339508345	0.272898919413688	0.272898919413688	0.27494206105042	0	NaN
0	0	0	0	2.49165196504465e-11	0	NaN
0	0	0	0	2.62319013817283e-11	0	NaN
0	0	0	0	2.73909604795766e-11	0	NaN
0	0	0	0	1.77988161373103e-11	0	NaN
0	0	0	0	6.11755930585512e-11	0	NaN
0	0	0	0	1.69473269637098e-11	0	NaN
0	0	0	0	1.91962684695358e-11	0	NaN
0	0	0	0	1.75188026025015e-11	0	NaN
0	0	0	0	1.57814310752861e-11	0	NaN
0	0	0	0	2.7417109194645e-11	0	NaN
0	0	0	0	2.81340280877995e-11	0	NaN
0	0	0	0	1.52101766424126e-11	0	NaN
0	0	0	0	3.57668625994865e-11	0	NaN
0	0	0	0	2.19201360063229e-11	0	NaN
0	0	0	0	1.79274822071388e-11	0	NaN
0	0	0	0	3.0930855373859e-11	0	NaN
0	0	0	0	3.19231766301213e-11	0	NaN
0.0506930693069307	0.0507210348095523	0.0540537318156746	0.0540537318156746	0.0518142185776983	0	NaN
0	0	0	0	2.98932376263318e-11	0	NaN
0	0	0	0	1.62608429058207e-11	0	NaN
0	0	0	0	2.00265418517752e-11	0	NaN
0	0	0	0	5.97544230798773e-11	0	NaN
0	0	0	0	3.6004403667053e-11	0	NaN
0.0279207920792079	0.0192624086460653	0.0240948363447151	0.0240948363447152	0.0194237283033714	0	NaN
0	0	0	0	1.16883927302725e-10	0	NaN
0	0	0	0	1.04360085418291e-10	0	NaN
0	0	0	0	1.90110062568854e-11	0	NaN
0	0	0	0	1.70790202632133e-11	0	NaN
0	0	0	0	9.0067986458383e-11	0	NaN
0	0	0	0	8.40327600219373e-11	0	NaN
0	0	0	0	4.94660416778449e-11	0	NaN
0	0	0	0	4.01265781615349e-11	0	NaN
0.0152475247524753	0.0247369562996884	0.0263767113892518	0.0263767113892518	0.0367954976894657	0	NaN
0	0	0	0	1.69120137481135e-11	0	NaN
0	0	0	0	6.87764815037737e-11	0	NaN
0	0	0	0	1.84898597750336e-11	0	NaN
0	0	0	0	2.62284070970433e-10	0	NaN
0.0225742574257426	0.0262086860751319	0.0276468525896745	0.0276468525896745	0.0272825865493677	0	NaN
0	0	0	0	2.23227378469512e-11	0	NaN
0	0	0	0	2.1943758812848e-11	0	NaN
0	0	0	0	2.20996880371805e-11	0	NaN
0	0	0	0	1.36825415718143e-10	0	NaN
0	0	0	0	1.48812430623848e-11	0	NaN
0	0	0	0	1.59937380758097e-11	0	NaN
0	0	0	0	5.01124369835627e-11	0	NaN
0	0	0	0	4.7699974100689e-11	0	NaN
0	0	0	0	2.74582008818553e-11	0	NaN
0	0	0	0	6.60212723628011e-10	0	NaN
0	0	0	0	2.15140439141178e-11	0	NaN
0	0	0	0	1.63801228899292e-10	0	NaN
0	0	0	0	1.43651029742701e-11	0	NaN
0	0	0	0	3.61249277483324e-11	0	NaN
0	0	0	0	1.71935597393973e-11	0	NaN
0	0	0	0	1.45564163090199e-10	0	NaN
0	0	0	0	1.71459006336646e-11	0	NaN
0	0	0	0	4.14309511574881e-11	0	NaN
0	0	0	0	3.16550252640405e-11	0	NaN
0	0	0	0	2.09841332804247e-11	0	NaN
0	0	0	0	1.86824198718923e-11	0	NaN
0	0	0	0	1.62517060342585e-11	0	NaN
0	0	0	0	2.13459108094077e-11	0	NaN
0	0	0	0	2.54498038261633e-11	0	NaN
0	0	0	0	3.00418130889199e-11	0	NaN
0	0	0	0	4.42605060573003e-11	0	NaN
0	0	0	0	6.51419752996099e-10	0	NaN
0	0	0	0	4.46351091890891e-11	0	NaN
0	0	0	0	2.3568476983375e-10	0	NaN
0	0	0	0	2.51173110711751e-11	0	NaN
0	0	0	0	2.56212233740479e-09	0	NaN
0	0	0	0	2.00131802925838e-10	0	NaN
0	0	0	0	1.81592268438224e-11	0	NaN
0	0	0	0	2.06624243406355e-11	0	NaN
0	0	0	0	7.50923449476118e-11	0	NaN
0	0	0	0	2.38689133820125e-11	0	NaN
0	0	0	0	1.95705325740713e-11	0	NaN
0	0	0	0	6.08297757290104e-11	0	NaN
0	0	0	0	1.83715250977962e-11	0	NaN
0	0	0	0	2.83330149208145e-10	0	NaN
0	0	0	0	2.02850596932087e-11	0	NaN
0	0	0	0	1.99202074093385e-11	0	NaN
0	0	0	0	2.81547169837451e-11	0	NaN
0	0	0	0	2.04972802134614e-10	0	NaN
0	0	0	0	5.99637152472467e-11	0	NaN
0	0	0	0	1.44505554773996e-09	0	NaN
0	0	0	0	3.89255147450426e-11	0	NaN
0	0	0	0	3.63533919780004e-11	0	NaN
0	0	0	0	1.85268532493315e-11	0	NaN
0	0	0	0	2.45157734984729e-11	0	NaN
0	0	0	0	2.7123750952301e-10	0	NaN
0	0	0	0	6.15733211549411e-11	0	NaN
0.447128712871287	0.44803571609071	0.445654162639121	0.44565416263912	0.446281387941558	1	NaN
0	0	0	0	4.2108853206179e-11	0	NaN
0	0	0	0	2.63554531196568e-11	0	NaN
0	0	0	0	1.68438674208837e-11	0	NaN
0	0	0	0	4.76001170997834e-11	0	NaN
0	0	0	0	6.37517523178321e-11	0	NaN
0	0	0	0	1.73791893036195e-11	0	NaN
0	0	0	0	3.65897872666535e-11	0	NaN
0	0	0	0	1.78685350071471e-11	0	NaN
0.0233663366336634	0.0435153519349062	0.0375898308924347	0.0375898308924347	0.0510089625190963	0	NaN
0	0	0	0	6.96608897515029e-11	0	NaN
0	0	0	0	8.76741382020305e-10	0	NaN
0	0	0	0	1.49965165784574e-11	0	NaN
0	0	0	0	2.18745997178138e-11	0	NaN
0	0	0	0	2.56750892093366e-11	0	NaN
0	0	0	0	1.91501528304226e-11	0	NaN
0	0	0	0	1.70411040297569e-11	0	NaN
0	0	0	0	3.43799262225391e-10	0	NaN
0	0	0	0	2.86832774630669e-11	0	NaN
0	0	0	0	1.80830296636039e-11	0	NaN
0	0	0	0	1.68642740994969e-11	0	NaN
0	0	0	0	1.47408514505238e-11	0	NaN
0	0	0	0	2.06415146409915e-11	0	NaN
0	0	0	0	2.73129371192565e-11	0	NaN
0	0	0	0	1.63193044822394e-11	0	NaN
0	0	0	0	7.91410074498473e-08	0	NaN
0	0	0	0	1.58671853206599e-11	0	NaN
0	0	0	0	1.43092734874373e-11	0	NaN
0	0	0	0	1.59964832394585e-05	0	NaN
0	0	0	0	2.04964150380333e-11	0	NaN
0	0	0	0	2.8813046165178e-11	0	NaN
0	0	0	0	1.48959894008654e-11	0	NaN
0	0	0	0	3.60077076818066e-11	0	NaN
0	0	0	0	3.67632533609378e-11	0	NaN
0	0	0	0	2.74318249107687e-11	0	NaN
0	0	0	0	1.67611229379378e-11	0	NaN
0	0	0	0	3.59023090973867e-11	0	NaN
0	0	0	0	1.59631616408737e-11	0	NaN
0	0	0	0	1.14455464497879e-10	0	NaN
0	0	0	0	1.97233950511809e-11	0	NaN
0	0	0	0	1.63692252285589e-11	0	NaN
0	0	0	0	9.33334292841491e-11	0	NaN
0	0	0	0	6.96629307549723e-11	0	NaN
0.0285148514851485	0.0332153250653099	0.0309667737906897	0.0309667737906897	0.0306927221847066	0	NaN
0	0	0	0	1.81045641378302e-11	0	NaN
0	0	0	0	3.99403558761875e-11	0	NaN
0	0	0	0	2.0381190849151e-11	0	NaN
0.0172277227722772	0.0224743059608208	0.0194628012628563	0.0194628012628563	0.0306955364436982	0	NaN
0	0	0	0	4.76839718186051e-11	0	NaN
0	0	0	0	1.56379998968509e-11	0	NaN
0	0	0	0	3.05622743644981e-11	0	NaN
0	0	0	0	2.54166384395685e-11	0	NaN
0	0	0	0	2.50370424879208e-11	0	NaN
0	0	0	0	1.73111062698414e-11	0	NaN
0	0	0	0	2.3005253275409e-11	0	NaN
0	0	0	0	5.50329138161613e-11	0	NaN
0	0	0	0	3.95006852197155e-11	0	NaN
0	0	0	0	3.60672540600541e-11	0	NaN
0	0	0	0	2.2437438654096e-11	0	NaN
0	0	0	0	2.85146496444792e-11	0	NaN
0	0	0	0	5.9179925035399e-11	0	NaN
0	0	0	0	8.01962953692505e-11	0	NaN
0.357821782178218	0.355016188903234	0.350918074582292	0.350918074582292	0.353980944863794	0	NaN
0.00653465346534654	0.00771280195875306	0.00815260520174085	0.00815260520174085	0.00750268630783258	0	NaN
0	0	0	0	2.18205886571643e-11	0	NaN
0	0	0	0	1.73098838409612e-11	0	NaN
0	0	0	0	2.34004731976474e-11	0	NaN
0	0	0	0	2.40831211030177e-11	0	NaN
0	0	0	0	4.4462678498721e-11	0	NaN
0	0	0	0	1.59376692306406e-09	0	NaN
0	0	0	0	1.03959615340289e-10	0	NaN
0	0	0	0	3.40800127477445e-11	0	NaN
0	0	0	0	3.37820760456646e-10	0	NaN
0	0	0	0	1.25623526160329e-10	0	NaN
0	0	0	0	3.1863949505755e-11	0	NaN
0	0	0	0	1.64721790223588e-11	0	NaN
0	0	0	0	1.59609976987959e-11	0	NaN
0	0	0	0	3.79470049564891e-11	0	NaN
0	0	0	0	4.25507655433795e-11	0	NaN
0	0	0	0	1.15924981322651e-10	0	NaN
0	0	0	0	1.84741856735138e-08	0	NaN
0	0	0	0	1.95579703816112e-11	0	NaN
0	0	0	0	1.72209574098636e-11	0	NaN
0	0	0	0	2.46974791254352e-11	0	NaN
0	0	0	0	1.81396813060097e-11	0	NaN
0	0	0	0	3.06442083405394e-11	0	NaN
0	0	0	0	2.48397395616519e-11	0	NaN
0	0	0	0	6.56529937861934e-11	0	NaN
0	0	0	0	3.44463669535544e-11	0	NaN
0	0	0	0	1.86535283185469e-11	0	NaN
0	0	0	0	3.31924719991764e-11	0	NaN
0	0	0	0	1.58487918352787e-11	0	NaN
0	0	0	0	3.12699113897646e-11	0	NaN
0	0	0	0	3.07639420561698e-11	0	NaN
0	0	0	0	2.98608183148901e-11	0	NaN
0	0	0	0	3.70841991851205e-11	0	NaN
0.0693069306930693	0.0699895679152984	0.0724900583959322	0.072490058395932	0.0790152950829842	0	NaN
0	0	0	0	1.52250895731893e-11	0	NaN
0	0	0	0	1.58867883845729e-10	0	NaN
0	0	0	0	2.72427144063831e-11	0	NaN
0	0	0	0	3.47666485103197e-11	0	NaN
0	0	0	0	2.35676057897202e-11	0	NaN
0.0718811881188119	0.0736443488665541	0.0752008303371823	0.0752008303371823	0.0757704081251766	0	NaN
0	0	0	0	1.4257629165373e-11	0	NaN
0	0	0	0	2.27113315256153e-11	0	NaN
0	0	0	0	5.90038426223458e-11	0	NaN
0	0	0	0	6.87209681148879e-10	0	NaN
0	0	0	0	2.78380797360983e-11	0	NaN
0	0	0	0	4.220561625451e-11	0	NaN
0	0	0	0	2.23171350572696e-11	0	NaN
0	0	0	0	2.30330024619756e-10	0	NaN
0	0	0	0	3.24437775049712e-11	0	NaN
0	0	0	0	2.91137150528951e-11	0	NaN
0	0	0	0	2.34046921717148e-10	0	NaN
0	0	0	0	3.14344921754292e-10	0	NaN
0	0	0	0	4.27061531679342e-10	0	NaN
0	0	0	0	2.19978564302426e-11	0	NaN
0	0	0	0	1.11033918817237e-10	0	NaN
0	0	0	0	2.39555698014687e-11	0	NaN
0	0	0	0	4.20086023247224e-11	0	NaN
0	0	0	0	1.85150915333673e-11	0	NaN
0	0	0	0	3.50172727189619e-11	0	NaN
0	0	0	0	2.80967569395579e-11	0	NaN
0	0	0	0	4.68595960515975e-11	0	NaN
0	0	0	0	2.29376928317897e-11	0	NaN
0	0	0	0	1.93885045009559e-11	0	NaN
0	0	0	0	5.04700659767211e-11	0	NaN
0	0	0	0	3.43627166368193e-11	0	NaN
0	0	0	0	1.60502520350482e-11	0	NaN
0	0	0	0	2.15185621643788e-11	0	NaN
0	0	0	0	3.22881128007762e-11	0	NaN
0	0	0	0	1.90399422319605e-11	0	NaN
0	0	0	0	3.88806009448483e-11	0	NaN
0	0	0	0	2.10546303011097e-11	0	NaN
0	0	0	0	1.93945917014711e-11	0	NaN
0	0	0	0	1.73431642514274e-11	0	NaN
0	0	0	0	2.93520275798224e-11	0	NaN
0	0	0	0	1.82168716210398e-11	0	NaN
0	0	0	0	3.46296003894443e-11	0	NaN
0	0	0	0	2.09439166459685e-11	0	NaN
0	0	0	0	1.86469084213901e-11	0	NaN
0	0	0	0	3.97627761563562e-11	0	NaN
0.0423762376237624	0.0450566979468528	0.0434105884848483	0.0434105884848482	0.0465833583876021	0	NaN
0	0	0	0	4.11267848288732e-11	0	NaN
0	0	0	0	3.58654597011399e-10	0	NaN
0	0	0	0	1.67683421229187e-11	0	NaN
0	0	0	0	1.53959930740127e-11	0	NaN
0	0	0	0	2.34206894114923e-11	0	NaN
0	0	0	0	1.47477324481773e-11	0	NaN
0	0	0	0	2.15843942196801e-11	0	NaN
0	0	0	0	1.83426792846204e-11	0	NaN
0	0	0	0	8.65645290277726e-10	0	NaN
0	0	0	0	1.69497721764533e-11	0	NaN
0	0	0	0	5.48499106643496e-11	0	NaN
0	0	0	0	2.092963872694e-11	0	NaN
0	0	0	0	9.26548160406885e-11	0	NaN
0	0	0	0	2.85522449252835e-11	0	NaN
0	0	0	0	1.80339848310906e-11	0	NaN
0	0	0	0	1.57198379857517e-11	0	NaN
0	0	0	0	1.69709088030232e-11	0	NaN
0	0	0	0	2.81702290444917e-11	0	NaN
0	0	0	0	4.49363596564007e-11	0	NaN
0	0	0	0	1.80506757399658e-11	0	NaN
0	0	0	0	1.68176485139717e-11	0	NaN
0	0	0	0	1.75508283213072e-11	0	NaN
0	0	0	0	6.93004438342283e-11	0	NaN
0	0	0	0	2.96751015705264e-11	0	NaN
0	0	0	0	1.56123209401091e-11	0	NaN
0	0	0	0	1.51788490382961e-10	0	NaN
0	0	0	0	2.02997895415609e-11	0	NaN
0	0	0	0	3.85124347085461e-11	0	NaN
0	0	0	0	1.82895829589646e-11	0	NaN
0	0	0	0	9.01201866356843e-11	0	NaN
0	0	0	0	3.05585008687666e-11	0	NaN
0	0	0	0	2.17596090367046e-11	0	NaN
0	0	0	0	2.69101601326328e-11	0	NaN
0	0	0	0	3.87503962011013e-11	0	NaN
0	0	0	0	3.72234667847204e-11	0	NaN
0	0	0	0	3.73514836926571e-11	0	NaN
0	0	0	0	1.90007462079967e-11	0	NaN
0	0	0	0	2.69342587699898e-10	0	NaN
0	0	0	0	1.90525311329708e-11	0	NaN
0	0	0	0	2.0159927954922e-11	0	NaN
0	0	0	0	4.68227295470785e-11	0	NaN
0	0	0	0	1.85457865396663e-11	0	NaN
0	0	0	0	3.85188377929458e-11	0	NaN
0	0	0	0	2.46400123365316e-11	0	NaN
0	0	0	0	6.76086413490138e-11	0	NaN
0	0	0	0	2.36601704920234e-10	0	NaN
0	0	0	0	2.80080416906949e-11	0	NaN
0	0	0	0	1.96109913443105e-11	0	NaN
0	0	0	0	6.10944595937177e-11	0	NaN
0	0	0	0	1.50399948424015e-11	0	NaN
0	0	0	0	5.62747528349942e-11	0	NaN
0	0	0	0	1.3879939721815e-10	0	NaN
0	0	0	0	3.18238474257486e-11	0	NaN
0	0	0	0	1.70828001100673e-11	0	NaN
0.0308910891089109	0.020598397184081	0.0194990604481855	0.0194990604481854	0.0202296262183348	0	NaN
0	0	0	0	2.63724910515082e-11	0	NaN
0	0	0	0	1.58288535632302e-11	0	NaN
0	0	0	0	2.62580959982599e-11	0	NaN
0	0	0	0	2.18519498669233e-11	0	NaN
0	0	0	0	2.37801415209514e-11	0	NaN
0	0	0	0	2.73715776270542e-11	0	NaN
0	0	0	0	2.91424383262644e-11	0	NaN
0	0	0	0	1.53664184852696e-11	0	NaN
0	0	0	0	3.17184657184767e-11	0	NaN
0	0	0	0	1.93563733315212e-11	0	NaN
0	0	0	0	3.19571051840479e-11	0	NaN
0	0	0	0	4.14518762717189e-11	0	NaN
0	0	0	0	3.68980244457376e-11	0	NaN
0	0	0	0	4.14205750490152e-11	0	NaN
0	0	0	0	2.05759347255544e-11	0	NaN
0	0	0	0	1.74325613419904e-11	0	NaN
0	0	0	0	2.06254545254157e-10	0	NaN
0	0	0	0	5.36419800545396e-09	0	NaN
0	0	0	0	2.97214329199171e-11	0	NaN
0	0	0	0	2.75156019185195e-11	0	NaN
0	0	0	0	5.06407948083857e-11	0	NaN
0	0	0	0	2.05476965995039e-11	0	NaN
0	0	0	0	2.25209347410835e-11	0	NaN
0	0	0	0	2.46447065337257e-10	0	NaN
0	0	0	0	9.48462808399137e-11	0	NaN
0	0	0	0	2.27132229982622e-11	0	NaN
0.0455445544554456	0.0370889892726773	0.0320023577330618	0.0320023577330618	0.0331755218720568	0	NaN
0	0	0	0	1.45169296482826e-11	0	NaN
0	0	0	0	2.48563764793169e-11	0	NaN
0	0.00568901583123395	0.00550344779872852	0.00550344779872851	0.00389066421395493	0	NaN
0	0	0	0	8.61065988735942e-11	0	NaN
0	0	0	0	1.8799517089524e-11	0	NaN
0	0	0	0	1.72104039607661e-11	0	NaN
0	0	0	0	1.86730177287834e-11	0	NaN
0	0	0	0	3.0667628015405e-11	0	NaN
0	0	0	0	2.11000229134649e-11	0	NaN
0	0	0	0	1.6145001034017e-11	0	NaN
0	0	0	0	2.67847849163368e-11	0	NaN
0	0	0	0	1.64773153049538e-11	0	NaN
0	0	0	0	2.27675769408796e-11	0	NaN
0	0	0	0	4.36868634033215e-10	0	NaN
0	0	0	0	2.22813259077704e-11	0	NaN
0	0	0	0	1.8453826200072e-11	0	NaN
0	0	0	0	4.54442640922806e-11	0	NaN
0	0	0	0	1.9794977845033e-11	0	NaN
0	0	0	0	1.73828856292827e-11	0	NaN
0	0	0	0	2.5325743644284e-11	0	NaN
0	0	0	0	1.52040604038726e-11	0	NaN
0	0	0	0	1.73132672254548e-11	0	NaN
0	0	0	0	3.79670932669065e-11	0	NaN
0	0	0	0	2.64838351545656e-11	0	NaN
0	0	0	0	1.61147455110175e-11	0	NaN
0	0	0	0	3.0622167929593e-11	0	NaN
0.0627722772277228	0.0562954966524819	0.0569077802129254	0.0569077802129253	0.0569535985691453	0	NaN
0	0	0	0	4.00828820838708e-11	0	NaN
0	0	0	0	3.80593524747143e-11	0	NaN
0	0	0	0	2.75805849724715e-11	0	NaN
0	0	0	0	1.67158960012036e-11	0	NaN
0	0	0	0	5.33195496197559e-09	0	NaN
0	0	0	0	2.99415242453657e-11	0	NaN
0	0	0	0	4.90492542347213e-10	0	NaN
0	0	0	0	1.82615686869865e-11	0	NaN
0	0	0	0	2.60643595371041e-11	0	NaN
0	0	0	0	1.64195860383457e-11	0	NaN
0	0	0	0	2.25918664721995e-11	0	NaN
0	0	0	0	2.00976256643514e-11	0	NaN
0	0	0	0	1.57168018506667e-11	0	NaN
0	0	0	0	3.95984929784328e-11	0	NaN
0	0	0	0	3.30541525802803e-10	0	NaN
0	0	0	0	1.84103948615359e-10	0	NaN
0	0	0	0	4.08105288739976e-11	0	NaN
0	0	0	0	5.86393724128704e-10	0	NaN
0	0	0	0	2.32373520599759e-11	0	NaN
0	0	0	0	3.10066636505729e-11	0	NaN
0	0	0	0	4.02475560983405e-11	0	NaN
0	0	0	0	2.40242812222525e-11	0	NaN
0	0	0	0	6.50218807481716e-11	0	NaN
0	0	0	0	2.66388431752296e-11	0	NaN
0	0	0	0	2.09853583572921e-11	0	NaN
0	0	0	0	1.63559989571727e-11	0	NaN
0	0	0	0	3.22447571092775e-11	0	NaN
0	0	0	0	2.02256902974331e-11	0	NaN
0	0	0	0	2.77976457058882e-11	0	NaN
0	0	0	0	2.38479220530324e-11	0	NaN
0	0	0	0	3.55573514502509e-11	0	NaN
0.0118811881188119	0.00920684285595121	0.00542097012609268	0.0054209701260927	0.00524387483460037	0	NaN
0	0	0	0	3.65030191790818e-11	0	NaN
0	0	0	0	3.35226012256919e-11	0	NaN
0	0	0	0	2.51661903868e-11	0	NaN
0	0	0	0	1.84262340417222e-11	0	NaN
0	0	0	0	2.38096961355723e-11	0	NaN
0	0	0	0	3.51932799075947e-11	0	NaN
0	0	0	0	2.92039588431475e-11	0	NaN
0	0	0	0	3.65903340717968e-11	0	NaN
0	0	0	0	3.53709595156789e-11	0	NaN
0	0	0	0	1.55558006015065e-11	0	NaN
0	0	0	0	2.94549599103137e-11	0	NaN
0	0	0	0	2.14002093952721e-11	0	NaN
0	0	0	0	3.33333873509044e-11	0	NaN
0	0	0	0	1.55091693228876e-11	0	NaN
0	0	0	0	3.9042383237322e-11	0	NaN
0	0	0	0	1.5828700586198e-11	0	NaN
0	0	0	0	1.7241864329251e-11	0	NaN
0	0	0	0	2.79619399622052e-11	0	NaN
0	0	0	0	2.76565628218218e-10	0	NaN
0	0	0	0	1.46847382227928e-11	0	NaN
0	0	0	0	4.33288133719517e-11	0	NaN
0	0	0	0	2.25226284705637e-11	0	NaN
0	0	0	0	2.54715172503206e-11	0	NaN
0	0	0	0	3.55287256621483e-11	0	NaN
0	0	0	0	1.89828787680914e-11	0	NaN
0	0	0	0	8.8707397292126e-11	0	NaN
0	0	0	0	9.05155710287287e-11	0	NaN
0	0	0	0	8.43061954145385e-11	0	NaN
0	0	0	0	1.67510705818421e-11	0	NaN
0	0	0	0	2.57715307984224e-10	0	NaN
0	0	0	0	3.00141099368517e-11	0	NaN
0	0	0	0	2.96942283649788e-11	0	NaN
0	0	0	0	1.83690604921838e-11	0	NaN
0	0	0	0	2.4141949080131e-11	0	NaN
0.0405940594059406	0.0311007665663589	0.0358100389939668	0.0358100389939668	0.0340579820178544	0	NaN
0	0	0	0	1.58577239515085e-11	0	NaN
0	0	0	0	8.58311654099181e-11	0	NaN
0.0578217821782178	0.061458592084341	0.0627436221795088	0.0627436221795089	0.0665135753003205	0	NaN
0	0	0	0	1.74829086086435e-11	0	NaN
0	0	0	0	2.79227508300093e-11	0	NaN
0	0	0	0	1.53956196732261e-11	0	NaN
0	0	0	0	2.23349348438395e-10	0	NaN
0	0	0	0	3.58327493920652e-11	0	NaN
0	0	0	0	1.53228112057239e-11	0	NaN
0	0	0	0	8.83857022137266e-11	0	NaN
0	0	0	0	2.47119640808129e-11	0	NaN
0	0	0	0	1.57450584590407e-11	0	NaN
0	0	0	0	1.80976389423317e-11	0	NaN
0	0	0	0	3.41463206327804e-11	0	NaN
1	1	1	1	1	1	NaN
0	0	0	0	1.94581383247837e-11	0	NaN
0	0	0	0	2.38936133106032e-11	0	NaN
0	0	0	0	3.37576239874777e-11	0	NaN
0	0	0	0	2.6667622688086e-11	0	NaN
0	0	0	0	2.06393858032032e-11	0	NaN
0	0	0	0	1.53432187614628e-11	0	NaN
0	0	0	0	1.51645870986532e-10	0	NaN
0	0	0	0	1.78924559725916e-11	0	NaN
0.0669306930693069	0.0653165146508218	0.0640988725443088	0.0640988725443088	0.0625093534946566	0	NaN
0	0	0	0	2.38528637179643e-11	0	NaN
0	0	0	0	2.22302943539504e-11	0	NaN
0	0	0	0	2.34909350974543e-11	0	NaN
0	0	0	0	1.96197892167022e-11	0	NaN
0	0	0	0	1.56323053182752e-11	0	NaN
0	0	0	0	2.68411545455682e-11	0	NaN
0	0	0	0	2.89547815155427e-11	0	NaN
0	0	0	0	3.30116919042177e-11	0	NaN
0	0	0	0	5.95815007173103e-11	0	NaN
0	0	0	0	3.09753776231473e-11	0	NaN
0	0	0	0	2.38972631331154e-11	0	NaN
0	0	0	0	6.47189417110115e-11	0	NaN
0	0	0	0	1.4101610081623e-11	0	NaN
0	0	0	0	5.90590672253486e-11	0	NaN
0	0	0	0	1.86335212915287e-11	0	NaN
0	0	0	0	2.4589993268507e-11	0	NaN
0	0	0	0	1.57934155220014e-11	0	NaN
0	0	0	0	2.65645674622428e-11	0	NaN
0	0	0	0	1.55217977731881e-11	0	NaN
0	0	0	0	1.7037029671582e-11	0	NaN
0	0	0	0	9.01142310696742e-11	0	NaN
0	0	0	0	2.53103589658577e-11	0	NaN
0	0	0	0	2.08995010073671e-11	0	NaN
0	0	0	0	4.1548710101981e-11	0	NaN
0	0	0	0	1.59538742139995e-11	0	NaN
0	0	0	0	1.88841971199899e-11	0	NaN
0	0	0	0	1.00438914916177e-09	0	NaN
0	0	0	0	8.588546085735e-11	0	NaN
0	0	0	0	2.54426489913276e-11	0	NaN
0.108514851485149	0.104620936507011	0.099399909144663	0.0993999091446629	0.101603696200561	0	NaN
0.0897029702970297	0.0887376772007158	0.0935885743715243	0.0935885743715244	0.0936296312509107	0	NaN
0	0	0	0	1.85672347154396e-11	0	NaN
0	0	0	0	1.63589809702172e-11	0	NaN
0	0	0	0	1.63431214381774e-11	0	NaN
0	0	0	0	4.15766646296945e-11	0	NaN
0.0499009900990099	0.0436454300741575	0.0417292309506056	0.0417292309506056	0.0402461810854108	0	NaN
0	0	0	0	3.11664961313285e-08	0	NaN
0	0	0	0	4.39233237600358e-10	0	NaN
0	0	0	0	1.72455505212106e-11	0	NaN
0	0	0	0	2.2334406792909e-11	0	NaN
0	0	0	0	1.90933339758514e-11	0	NaN
0	0	0	0	3.63995665961798e-11	0	NaN
0	0	0	0	3.21490226928111e-11	0	NaN
0	0	0	0	3.6424238893636e-11	0	NaN
0	0	0	0	1.65943569433342e-11	0	NaN
0	0	0	0	6.6469774152819e-11	0	NaN
0	0	0	0	4.678304804543e-11	0	NaN
0	0	0	0	4.11649730585718e-11	0	NaN
0.0368316831683168	0.0382892770645688	0.0379938305297499	0.0379938305297499	0.0368681264044546	0	NaN
0	0	0	0	2.96629695904148e-11	0	NaN
0	0	0	0	5.12946983360771e-09	0	NaN
0	0	0	0	2.19790622528404e-11	0	NaN
0	0	0	0	2.6070453206443e-11	0	NaN
0	0	0	0	2.19511016867216e-11	0	NaN
0	0	0	0	1.47582269710803e-10	0	NaN
0	0	0	0	2.39056317355926e-10	0	NaN
0	0	0	0	1.73089758340461e-11	0	NaN
0	0	0	0	3.64926948859238e-11	0	NaN
0	0	0	0	3.09894344286984e-11	0	NaN
0	0	0	0	1.63647149564092e-10	0	NaN
0	0	0	0	1.81705055804155e-11	0	NaN
0	0	0	0	1.90994498712058e-11	0	NaN
0	0	0	0	4.47854633442067e-11	0	NaN
0	0	0	0	5.35327519964972e-11	0	NaN
0	0	0	0	2.1034182366841e-10	0	NaN
0	0	0	0	3.91154451440287e-11	0	NaN
0	0	0	0	1.99721309319547e-11	0	NaN
0	0	0	0	1.73357713650294e-11	0	NaN
0	0	0	0	1.80673857957361e-11	0	NaN
0	0	0	0	1.57024100117501e-11	0	NaN
0	0	0	0	1.27512887208782e-10	0	NaN
0	0	0	0	3.26671297061725e-11	0	NaN
0	0	0	0	1.74449138969195e-11	0	NaN
0	0	0	0	1.50666383826546e-11	0	NaN
0	0	0	0	5.31530617487545e-11	0	NaN
0	0	0	0	3.24597652404753e-11	0	NaN
0	0	0	0	3.01517001638393e-11	0	NaN
0	0	0	0	1.59874342709589e-11	0	NaN
0	0	0	0	2.1784886044273e-11	0	NaN
0	0	0	0	4.50017747307129e-11	0	NaN
0	0	0	0	2.23392117434309e-11	0	NaN
0	0	0	0	2.21781989558324e-11	0	NaN
0	0	0	0	1.76148016261744e-11	0	NaN
0	0	0	0	1.57309120569765e-11	0	NaN
0	0	0	0	2.926304680501e-11	0	NaN
0	0	0	0	6.12130936463825e-11	0	NaN
0	0	0	0	1.37152402094096e-11	0	NaN
0	0	0	0	4.12572592045286e-11	0	NaN
0	0	0	0	2.67426015661423e-11	0	NaN
0	0	0	0	1.89532995572417e-11	0	NaN
0	0	0	0	2.22759620188379e-11	0	NaN
0	0	0	0	4.13711227574879e-07	0	NaN
0	0	0	0	4.71316739034221e-11	0	NaN
0	0	0	0	3.51280859123824e-11	0	NaN
0.000198019801980198	0.019702710049698	0.019280802580505	0.019280802580505	9.35655047609664e-08	0	NaN
0	0	0	0	1.69246229248162e-11	0	NaN
0	0	0	0	1.97584646947108e-11	0	NaN
0	0	0	0	3.67897056052568e-11	0	NaN
0	0	0	0	2.48293762790413e-11	0	NaN
0	0	0	0	1.49292150750517e-11	0	NaN
0	0	0	0	5.16112404576432e-11	0	NaN
0	0	0	0	2.59649094314043e-11	0	NaN
0	0	0	0	2.63992899151764e-10	0	NaN
0	0	0	0	2.82668295147549e-11	0	NaN
0	0	0	0	5.31827652073202e-11	0	NaN
0	0	0	0	1.84367798872267e-11	0	NaN
0	0	0	0	1.16276684926519e-10	0	NaN
0	0	0	0	4.6005387765381e-11	0	NaN
0	0	0	0	6.36388675640566e-11	0	NaN
0	0	0	0	2.06607231839833e-11	0	NaN
0	0	0	0	4.51547120035813e-11	0	NaN
0	0	0	0	1.79240110603704e-11	0	NaN
0	0	0	0	1.65294348143428e-11	0	NaN
0	0	0	0	2.16647057222096e-11	0	NaN
0	0	0	0	3.84349971548439e-10	0	NaN
0	0	0	0	3.41706780690782e-11	0	NaN
0	0	0	0	7.15918834054826e-11	0	NaN
0	0	0	0	2.34612655112266e-11	0	NaN
0	0	0	0	2.55804246300389e-11	0	NaN
0	0	0	0	3.41255846182051e-11	0	NaN
0	0	0	0	1.6979359847286e-11	0	NaN
0	0	0	0	2.29999601398434e-11	0	NaN
0	0	0	0	3.6597788683469e-09	0	NaN
0	0	0	0	1.95026397234991e-11	0	NaN
0	0	0	0	3.81773502042999e-11	0	NaN
0	0	0	0	1.74176917352433e-11	0	NaN
0	0	0	0	1.81345632858768e-11	0	NaN
0	0	0	0	1.50203339958711e-11	0	NaN
0	0	0	0	2.40917926503119e-11	0	NaN
0	0	0	0	2.0322301273254e-11	0	NaN
0	0	0	0	2.04434136827405e-11	0	NaN
0	0	0	0	2.45550030119522e-11	0	NaN
0	0	0	0	6.08165754799521e-11	0	NaN
0	0	0	0	2.42017467991168e-11	0	NaN
0	0	0	0	1.59221353189925e-11	0	NaN
0	0	0	0	2.90713712378906e-11	0	NaN
0.0122772277227723	0.0103141326384387	0.00699935755863915	0.00699935755863916	0.00620905337972389	0	NaN
0	0	0	0	2.90072392932352e-11	0	NaN
0	0	0	0	4.14191470055969e-11	0	NaN
0	0	0	0	2.28382141729649e-07	0	NaN
0	0	0	0	2.29600800681088e-11	0	NaN
0	0	0	0	4.94686711674003e-11	0	NaN
0	0	0	0	2.35036911157557e-11	0	NaN
0	0	0	0	1.80778188918479e-11	0	NaN
0	0	0	0	1.62487044104524e-11	0	NaN
0	0	0	0	2.4448620826338e-11	0	NaN
0.32970297029703	0.320283905192654	0.324091392801788	0.324091392801788	0.3249233230776	0	NaN
0	0	0	0	4.15500806728772e-11	0	NaN
0	0	0	0	1.45672816129742e-11	0	NaN
0	0	0	0	1.16709941107892e-09	0	NaN
0	0	0	0	5.88433939311086e-11	0	NaN
0	0	0	0	5.04304172389092e-11	0	NaN
0	0	0	0	5.43748222601073e-11	0	NaN
0	0	0	0	2.49535902583637e-11	0	NaN
0	0	0	0	7.52920103112293e-11	0	NaN
0	0	0	0	8.99810656731026e-08	0	NaN
0.000396039603960396	0	0	0	1.34144260801748e-10	0	NaN
0	0	0	0	8.38496630084883e-10	0	NaN
0	0	0	0	1.73772360502985e-11	0	NaN
0	0	0	0	6.31231153628647e-11	0	NaN
0	0	0	0	2.56462055656544e-11	0	NaN
0	0	0	0	2.39521289607384e-11	0	NaN
0	0	0	0	3.48440212676704e-11	0	NaN
0	0	0	0	2.30428635987409e-11	0	NaN
0	0	0	0	2.49537863640239e-11	0	NaN
0	0	0	0	9.14467514831579e-11	0	NaN
0	0	0	0	2.1674409114396e-11	0	NaN
0	0	0	0	1.4563214732429e-08	0	NaN
0	0	0	0	2.67820848480819e-11	0	NaN
0	0	0	0	2.70658864532601e-11	0	NaN
0.171089108910891	0.171460001384365	0.169124943825987	0.169124943825987	0.172027788106431	0	NaN
0	0	0	0	1.82117587907108e-11	0	NaN
0.195049504950495	0.196948095006057	0.203427762778588	0.203427762778588	0.199737667194648	0	NaN
0	0	0	0	2.79697694005929e-11	0	NaN
0	0	0	0	8.05291816757008e-11	0	NaN
0	0	0	0	2.03318047060847e-11	0	NaN
0	0	0	0	2.19988986862881e-11	0	NaN
0	0	0	0	2.23497333067269e-10	0	NaN
0	0	0	0	2.38854506608791e-11	0	NaN
0	0	0	0	4.45628998165175e-11	0	NaN
0	0	0	0	3.54534853052131e-11	0	NaN
0	0	0	0	1.70379729488861e-11	0	NaN
0	0	0	0	1.05421774702718e-10	0	NaN
0	0	0	0	1.67639874293994e-11	0	NaN
0	0	0	0	5.90403232878262e-11	0	NaN
0	0	0	0	3.91633432901652e-11	0	NaN
0	0	0	0	4.79109134669847e-11	0	NaN
0	0	0	0	4.72691946614162e-11	0	NaN
0	0	0	0	2.32168084710136e-11	0	NaN
0	0	0	0	2.86443588197915e-11	0	NaN
0	0	0	0	1.76580802811515e-11	0	NaN
0	0	0	0	3.13088714668941e-11	0	NaN
0	0	0	0	1.01562384310636e-10	0	NaN
0	0	0	0	2.01529913047257e-11	0	NaN
0	0	0	0	3.53550104384277e-11	0	NaN
0	0	0	0	2.95601086104486e-11	0	NaN
0	0	0	0	3.8306390483944e-11	0	NaN
0	0	0	0	2.08243775549513e-11	0	NaN
0	0	0	0	2.58610375593848e-11	0	NaN
0	0	0	0	2.50457857945394e-11	0	NaN
0	0	0	0	2.22150411597848e-10	0	NaN
0	0	0	0	1.90121114176904e-11	0	NaN
0	0	0	0	4.45844615822843e-11	0	NaN
0	0	0	0	6.07205198489349e-11	0	NaN
0.0502970297029703	0.0406622879583932	0.0401881989885519	0.0401881989885518	0.0389970002086151	0	NaN
0	0	0	0	3.76983405062255e-11	0	NaN
0	0	0	0	2.03483572098259e-11	0	NaN
0	0	0	0	1.72987540583081e-11	0	NaN
0	0	0	0	1.48058085517619e-11	0	NaN
0	0	0	0	6.1971274625027e-11	0	NaN
0	0	0	0	1.53054111453408e-11	0	NaN
0	0	0	0	4.79183860364521e-11	0	NaN
0	0	0	0	1.83486331623118e-11	0	NaN
0	0	0	0	2.81914006841281e-11	0	NaN
0	0	0	0	4.2776181780752e-11	0	NaN
0.234455445544554	0.226231054717071	0.225080446630261	0.22508044663026	0.228106826941426	0	NaN
0	0	0	0	2.5888888629442e-11	0	NaN
0	0	0	0	7.53033954808672e-11	0	NaN
0	0	0	0	2.54770000018248e-11	0	NaN
0	0	0	0	2.08150596180447e-11	0	NaN
0	0	0	0	2.1450348806042e-11	0	NaN
0	0	0	0	2.01723735165834e-11	0	NaN
0	0	0	0	2.41774991903623e-10	0	NaN
0	0	0	0	3.32180895840485e-11	0	NaN
0	0	0	0	7.36050990516898e-11	0	NaN
0	0	0	0	4.33689676189604e-11	0	NaN
0	0	0	0	3.31408734569335e-11	0	NaN
0	0	0	0	1.63708932752639e-11	0	NaN
0.0106930693069307	0.00869860759774062	0.0117881151467054	0.0117881151467054	0.00973985314631358	0	NaN
0	0	0	0	1.51960367353111e-11	0	NaN
0	0	0	0	2.58310494438166e-11	0	NaN
0	0	0	0	1.64568443097774e-11	0	NaN
0	0	0	0	2.91445613751483e-11	0	NaN
0	0	0	0	2.16359732448082e-11	0	NaN
0	0	0	0	1.67650724125925e-11	0	NaN
0	0	0	0	2.67148007610716e-10	0	NaN
0	0	0	0	2.25560857386638e-11	0	NaN
0	0	0	0	2.8821747404792e-11	0	NaN
0	0	0	0	5.62366121260938e-11	0	NaN
0	0	0	0	1.68192824804302e-11	0	NaN
0	0	0	0	1.55707872732295e-11	0	NaN
0	0	0	0	2.55239386025457e-11	0	NaN
0	0	0	0	7.25278305842902e-11	0	NaN
0	0	0	0	3.76575985389278e-11	0	NaN
0	0	0	0	2.01241710620452e-11	0	NaN
0	0	0	0	5.1036080643502e-11	0	NaN
0.020990099009901	0.0225972661830807	0.0242220531160309	0.0242220531160309	0.0251684531296948	0	NaN
0	0	0	0	2.18212066743096e-11	0	NaN
0	0	0	0	2.88290563292344e-11	0	NaN
0	0	0	0	3.53657967289713e-11	0	NaN
0	0	0	0	1.8798668739778e-11	0	NaN
0	0	0	0	1.04800757386066e-10	0	NaN
0	0	0	0	5.38356517186494e-11	0	NaN
0	0	0	0	5.87161537782521e-11	0	NaN
0	0	0	0	5.57181676043152e-11	0	NaN
0	0	0	0	3.91923190330665e-11	0	NaN
0	0	0	0	1.58523869960516e-11	0	NaN
0	0	0	0	4.18778185898838e-11	0	NaN
0	0	0	0	1.71918285314105e-10	0	NaN
0	0	0	0	1.58198649570374e-10	0	NaN
0	0	0	0	2.40610805355455e-11	0	NaN
0	0	0	0	1.97756568857905e-11	0	NaN
0	0	0	0	1.14742637109664e-10	0	NaN
0	0	0	0	6.20095580027637e-11	0	NaN
0	0	0	0	3.99045477500961e-11	0	NaN
0	0	0	0	7.46542451343736e-11	0	NaN
0	0	0	0	1.82244280490096e-10	0	NaN
0	0	0	0	2.34597073034809e-11	0	NaN
0.0348514851485149	0.0182463862136304	0.0185516389588428	0.0185516389588428	0.0195754752148821	0	NaN
0	0	0	0	9.71161809360857e-11	0	NaN
0	0	0	0	1.98891996873621e-10	0	NaN
0	0	0	0	3.38549409229879e-10	0	NaN
0	0	0	0	1.57892123485465e-10	0	NaN
0	0	0	0	2.18542245356318e-10	0	NaN
0	0	0	0	3.33919981990395e-11	0	NaN
0	0	0	0	4.16301227280356e-11	0	NaN
0	0	0	0	3.85333001376061e-11	0	NaN
0	0	0	0	9.10134692108619e-11	0	NaN
0	0	0	0	1.56795101195377e-11	0	NaN
0	0	0	0	4.47939965316965e-11	0	NaN
0	0	0	0	2.04325875585866e-11	0	NaN
0	0	0	0	2.96837648180955e-11	0	NaN
0	0	0	0	6.44732735510456e-11	0	NaN
0	0	0	0	1.7601688955717e-11	0	NaN
0.00792079207920792	0.0136973798226901	0.00861340216382751	0.00861340216382753	0.00675477327720467	0	NaN
0	0	0	0	2.05790237008012e-11	0	NaN
0	0	0	0	5.67078461799662e-11	0	NaN
0	0	0	0	4.58957031716362e-11	0	NaN
0	0	0	0	1.81088289421551e-11	0	NaN
0	0	0	0	1.51407129866138e-11	0	NaN
0	0	0	0	2.34901451834445e-09	0	NaN
0.0326732673267327	0.0268596140790807	0.0276992434282438	0.0276992434282437	0.0245963559625219	0	NaN
0	0	0	0	4.47919315860326e-07	0	NaN
0	0	0	0	4.64541081892821e-05	0	NaN
0	0	0	0	9.78359046709608e-11	0	NaN
0	0	0	0	1.10943208867422e-08	0	NaN
0	0	0	0	3.83563724127833e-11	0	NaN
0	0	0	0	2.74401290619689e-11	0	NaN
0	0	0	0	1.72265453246375e-11	0	NaN
0	0	0	0	2.67907059430862e-11	0	NaN
0	0	0	0	3.02673966609863e-11	0	NaN
0	0	0	0	1.42266184320726e-11	0	NaN
0	0	0	0	2.08866666174614e-11	0	NaN
0	0	0	0	2.86246267579686e-11	0	NaN
0	0	0	0	3.18914909852057e-10	0	NaN
0	0	0	0	1.39062919962787e-10	0	NaN
0	0	0	0	1.29993335225703e-09	0	NaN
0	0	0	0	1.46130676881047e-11	0	NaN
0	0	0	0	3.82731931760754e-11	0	NaN
0	0	0	0	4.6347734877408e-11	0	NaN
0	0	0	0	1.81788737750556e-11	0	NaN
0	0	0	0	8.10552928146483e-09	0	NaN
0.0857425742574257	0.0860670090121262	0.0896151844033655	0.0896151844033654	0.0878835343900098	0	NaN
0	0	0	0	2.04263170172143e-11	0	NaN
0	0	0	0	1.76958534806209e-11	0	NaN
0	0	0	0	6.47638870423448e-11	0	NaN
0	0	0	0	2.10693643805106e-11	0	NaN
0	0	0	0	1.93456242480016e-11	0	NaN
0.0297029702970297	0.0183093131187378	0.018856631939401	0.0188566319394011	0.0198363157177069	0	NaN
0	0	0	0	9.56289737237613e-11	0	NaN
0	0	0	0	3.2910935850641e-09	0	NaN
0	0	0	0	1.50587837205357e-11	0	NaN
0	0	0	0	1.62253542260391e-11	0	NaN
0	0	0	0	4.414300796021e-11	0	NaN
0	0	0	0	5.02911050917754e-11	0	NaN
0	0	0	0	3.76110567514674e-11	0	NaN
0	0	0	0	1.05258859518024e-10	0	NaN
0	0	0	0	1.69546294231434e-11	0	NaN
