FW_Default	FW_LBM	FW_QBM	FW_NM	Direct	interior-point-convex	active-set
0	0.00132260367507853	0	0	8.30375439056889e-18	-5.57163778891862e-19	5.20368535518926
0	0.00132260367507853	0	0	5.13943840133953e-18	8.61963278093517e-22	1.5320526475703
0	0.00132260367507853	0	0	2.0312626249442e-18	4.53076753374203e-18	-2.37606688081714
0	0	0	0	2.85644338340211e-18	-7.13925125719067e-16	-2.66581147943888
0	0.00132260367507853	0	0	3.63712190663835e-18	2.4576793252431e-16	-0.01877558111303
0	0	0	0	1.80605139211054e-18	3.88800963410838e-17	-2.26638077246181
0	0	0	0	3.76999931948432e-18	-9.95411580367786e-17	-2.0909337053584
0	0	0	0	2.52629155225668e-18	2.40446465807154e-16	-4.63694619243724
0	0	0	0	4.04047284350731e-18	-7.13922229687158e-20	2.36530344400832
0	0	0	0	8.76996806551718e-17	4.18064806191808e-18	6.01049357376781
0	0	0	0	4.46198059331951e-18	6.65083821344279e-20	-0.608716567370351
0	0	0	0	7.99871688958521e-18	6.79996255661216e-18	5.87133697314557
0	0	0	0	3.30156681927045e-18	-1.29806037206129e-21	-5.19327494588997
0	0	0	0	8.33517504587542e-18	1.49010429679734e-17	7.5225606390211
0	0	0	0	6.16757932030015e-18	-3.98266597758116e-18	4.32959652129711
0	0	0	0	3.96623540375434e-17	-1.8950056504629e-17	2.48681862430632
0	0	0	0	1.89451295225724e-18	-5.32808275880875e-19	-10.7912486801478
0	0	0	0	2.89107139205298e-18	-1.28326646794698e-16	-4.26397124048165
0	0	0	0	2.72931749726327e-18	8.84674790298629e-19	-1.08816855538407
0	0	0	0	1.9112919641661e-18	5.18321777049393e-18	-5.28568416676996
0	0	0	0	3.32184029356962e-18	3.94961331559957e-19	-0.602683965864459
0	0	0	0	6.26954899853794e-18	4.53865070156738e-18	5.25171497704265
0	0	0	0	6.91356773196346e-18	6.4119533888029e-18	4.54644763437479
0	0	0	0	1.53864555383713e-17	-7.98710469866856e-18	5.54608018739913
0	0	0	0	1.30297562005912e-17	2.91866789370061e-19	-0.728949260686281
0	0	0	0	2.3002644002286e-18	8.19622770852782e-18	-3.30257347349528
0	0	0	0	3.00207258617894e-18	-5.93070783449788e-18	3.67888565379008
0	0	0	0	1.33590518465365e-17	-1.16898786173285e-17	10.7936748548575
0	0	0	0	6.89324103975434e-18	2.81488660338098e-19	5.33866126523493
0	0	0	0	1.82310628634698e-18	-1.68031965387709e-18	-6.50269443588632
0	0	0	0	3.18679717048406e-18	1.09587021138699e-17	2.41589731650788
0	0	0	0	1.36913230719702e-17	2.40509405963224e-19	1.2594792330386
0	0	0	0	7.56790000200535e-18	-3.44439707889733e-18	3.95491817421161
0	0	0	0	1.94767865910937e-17	-2.78945611182514e-18	10.426805501863
0	0	0	0	0.00890161218119047	0.00890161209561001	9.01314227040925
0	0	0	0	2.01315010262522e-18	8.43098448906161e-18	-4.47326229565584
0.153333333333333	0.106320397109985	0.107057723233713	0.107057723233713	0.101463832065594	0.101463832066381	-0.250767918996576
0	0	0	0	1.8737530869973e-17	1.23293355432617e-17	9.66958488236234
0	0	0	0	1.8272280112835e-18	-4.37640930275714e-18	-5.34345537630621
0	0	0	0	1.81974082571339e-17	-1.56671907158647e-18	9.66927966880147
0	0	0	0	3.47272621040331e-18	-2.38339121428156e-18	1.75166740224343
0	0	0	0	1.92630602406121e-18	-2.36933188914797e-18	-5.88405501224169
0	0	0	0	4.59478984638614e-18	1.67077583640517e-17	-0.110505147121041
0	0	0	0	2.95315580556522e-18	3.5454582831119e-19	-3.65555588670839
0	0	0	0	3.36967590442152e-18	1.68209000670658e-19	-0.174277324789395
0	0	0	0	1.76994989823955e-18	5.05965782307017e-18	-13.2183951558969
0	0	0	0	1.60311208015928e-17	1.62000332761724e-17	5.67446233201817
0	0	0	0	6.84739586338149e-18	-4.60971626186977e-18	6.47864878439583
0	0	0	0	2.2574336238802e-18	-1.23729930277105e-17	-2.93937381631961
0	0	0	0	1.82949936305172e-18	-1.04734587856605e-17	-11.9460933527532
0	0	0	0	5.1724635179331e-18	-6.29004610919049e-18	-2.60157970747957
0	0	0	0	4.54647529941869e-18	-1.45203420971849e-17	4.23477574648979
0	0	0	0	2.37026500520162e-18	6.48281711815796e-16	-4.74936145875059
0	0	0	0	3.35167924918347e-18	3.61823064721551e-17	0.305643362405144
0	0	0	0	9.56820733510696e-18	-2.46023868046832e-17	1.94304912843467
0	0	0	0	2.60278559902607e-18	-5.28880846032659e-18	-7.58573703518516
0	0	0	0	1.81715372215366e-18	-8.16355646165591e-18	-8.03924801632334
0	0	0	0	1.01055625347648e-17	-7.01113632452596e-18	9.748128810219
0	0	0	0	4.89634955369296e-18	7.61789246716274e-19	-0.923668125540461
0	0	0	0	4.00670828367943e-18	2.45254312111002e-17	3.39682605568786
0	0	0	0	1.89515405628543e-17	4.51772182168707e-17	5.89517192238311
0.0433333333333333	0.042109375	0.0332170833838338	0.0332170833838339	0.0398045998945634	0.0398045998953452	2.95478529284237
0	0	0	0	3.59553389976762e-18	-3.61378484206299e-17	-1.07812112488345
0	0	0	0	1.77221712833516e-18	-1.95660343452178e-17	-7.45317233017058
0	0	0	0	2.16782566536967e-18	4.90300223903652e-18	-0.596368945238458
0	0	0	0	2.48171195253351e-18	-2.85695326867967e-18	-2.74982898899741
0	0	0	0	1.89102254514786e-18	-1.57897141515481e-19	-9.23292217303701
0	0	0	0	1.63897024395774e-17	8.78145516720118e-17	13.6651959733859
0	0	0	0	4.96868734449845e-18	-1.00194790169859e-17	3.31678579816396
0	0	0	0	4.06047980223492e-18	-1.22209499885601e-16	3.28795978319072
0	0	0	0	2.23899281316019e-18	1.83733228767775e-18	-8.36231458816029
0	0	0	0	3.80272564732208e-18	-1.10147425623551e-17	3.34275854502406
0	0	0	0	1.86251504698715e-18	1.09474800938317e-17	-5.57362695984413
0	0	0	0	3.84247050933931e-17	-8.78945655068541e-17	3.72394293028992
0	0	0	0	2.04337789557761e-18	7.69360798425628e-18	-8.48081663790804
0	0	0	0	1.75031056756162e-17	-5.11685286347098e-18	2.59039926299881
0	0	0	0	3.09109139854738e-18	1.13952374783529e-17	-5.00275407810231
0	0	0	0	9.57155030691018e-18	-4.91666225815907e-18	3.66571895466531
0	0	0	0	2.0551749741547e-18	3.87175524255802e-17	-9.07984204516796
0	0	0	0	1.83116143222943e-17	-9.97148353879072e-17	2.03108390862923
0	0	0	0	5.63506712485258e-17	-7.22060054982733e-18	12.1466030829158
0	0	0	0	2.2949146641096e-18	5.06754177849247e-19	-7.31342970080371
0	0	0	0	8.37761602327712e-18	-4.54036069997928e-17	4.95627094201834
0	0	0	0	5.02925684428963e-18	-1.3571652682056e-17	-0.500650212986675
0	0	0	0	8.86294775418273e-18	2.15287848994375e-16	8.52327429814432
0	0	0	0	2.35007619749207e-18	2.37543147057674e-18	-2.22289645441177
0	0.00132260367507853	0	0	8.29435348670033e-18	2.13363655534627e-18	-1.52358399619198
0	0	0	0	2.57391322202473e-18	9.59460748954729e-17	2.26661281335751
0	0	0	0	1.94624874885331e-18	2.21941777216994e-18	-4.12603944964659
0	0	0	0	3.03348996940223e-18	-6.25476405533379e-19	-5.88993071789619
0	0	0	0	0.0185249452032548	0.0185249452035757	7.50511998558178
0	0	0	0	3.37101849830445e-18	9.94374663580609e-18	-3.39499419187405
0	0	0	0	2.23595335928876e-18	-1.79119033898643e-19	-3.9241808107699
0	0	0	0	4.13545524042798e-18	-3.02812192885194e-17	0.259429764984317
0	0	0	0	8.05276660756476e-18	1.84261642236813e-18	-0.655621779966045
0	0	0	0	1.14244494626514e-17	-1.21968119882787e-16	6.50371732617329
0	0	0	0	3.62816337979283e-18	8.72193917527007e-18	-4.82093848128438
0	0	0	0	1.81082824088812e-18	-1.149466351837e-17	-5.62764420316754
0	0	0	0	2.75316637087627e-18	7.57612622874846e-19	-0.903279695366251
0	0	0	0	6.88408831169665e-18	-2.76405791795515e-17	-1.33706448145928
0	0	0	0	6.97030964389252e-18	-7.49836953749262e-17	8.23617319542169
0	0	0	0	7.21796493355489e-18	-4.57790014355465e-17	7.9376636171001
0	0	0	0	1.90770827566598e-18	-2.21056233499078e-17	-7.19258792782209
0	0	0	0	2.14814120196657e-18	-9.49322364397315e-18	-4.45464181965067
0	0	0	0	3.38840862592978e-18	-3.71784428265826e-18	-4.24809418536141
0	0	0	0	6.23378573454902e-18	-1.72995260560218e-17	2.07645094343626
0	0	0	0	4.67020454871913e-17	-1.13100259564326e-17	7.13864806600037
0	0	0	0	5.47032462308413e-18	2.03319654112157e-17	7.88283701268327
0.186666666666667	0.134576198298454	0.1366370804007	0.1366370804007	0.146185233235228	0.146185233235729	9.38899885570965
0	0	0	0	2.04736806332498e-18	-8.28504586293561e-17	-4.92016296701739
0	0	0	0	2.68298957646585e-18	-9.07506224422757e-17	-12.4253990662845
0	0	0	0	2.46878921306507e-18	-4.99797294437848e-18	-2.29985354530159
0	0	0	0	2.86488430786246e-18	-3.18108648023806e-17	-6.01413892018578
0	0	0	0	3.54022655351013e-18	1.11682467600346e-17	-1.44898486298731
0	0	0	0	1.51063562083112e-17	-1.38627528759016e-17	6.93526099510421
0	0	0	0	2.29319424760473e-18	-1.68485033617642e-17	-2.86243077998719
0	0	0	0	2.57692228827855e-18	-1.14190461866915e-17	-5.11402507898522
0	0	0	0	2.38910741210764e-18	-7.09718707428068e-18	-8.27720025286306
0	0	0	0	1.09847407581622e-17	1.72041915461871e-17	5.21861440816191
0	0	0	0	4.37515979954073e-18	-7.20094151286386e-18	-3.61792453927986
0	0	0	0	2.61491928450828e-18	-2.40560779765219e-18	-5.16869640539369
0	0	0	0	1.98571761073527e-18	6.97984984556417e-17	-4.23632507148319
0	0	0	0	3.66254777707084e-17	-1.9327488430536e-17	13.0654015935002
0	0	0	0	1.55119600750816e-17	-4.28789423838634e-18	12.5441986975727
0	0	0	0	2.60144615204596e-18	-1.37235536827216e-17	0.703471332267263
0	0	0	0	1.40909697198559e-15	-1.29565465309465e-17	2.09348122317588
0	0	0	0	1.77898024606417e-18	2.0490680746106e-17	-4.22311007493233
0	0	0	0	1.86015051694361e-18	-2.59428917686693e-18	-8.29390893465249
0	0	0	0	2.06674620726516e-18	-1.91984930785669e-19	-4.60568635657869
0	0	0	0	7.13844090719671e-18	4.90036491879079e-18	2.57778952030092
0.113333333333333	0.148429772109985	0.132956293764291	0.132956293764291	0.127151685279647	0.127151685296006	4.77960078439481
0	0	0	0	2.15502291671379e-18	5.13248405607541e-19	-11.4427883124803
0	0	0	0	3.73237317286118e-18	-2.00190598584921e-17	1.8867797198002
0	0	0	0	5.75336715912422e-18	5.72816451528433e-18	0.456340964525344
0	0	0	0	3.29572789699448e-18	1.74141520072528e-18	-3.47840600142876
0	0	0	0	1.79283327565321e-18	-1.21766948074068e-18	-8.4841934212002
0	0	0	0	2.02847258145782e-17	-1.6847870001462e-17	1.2898119188716
0	0	0	0	2.90110391815042e-17	-2.60689819763706e-18	7.70880640583089
0	0	0	0	2.53867777859584e-18	-2.33751910519996e-18	-0.563675681724752
0	0	0	0	8.51889922574736e-18	8.04354324289637e-18	2.00417187705288
0	0	0	0	1.78174524698876e-18	-1.67286193503224e-17	-9.87783358978026
0	0	0	0	2.00205376264316e-18	-3.41896462580328e-17	-4.78415676192814
0	0	0	0	2.36434111415383e-18	-5.28622829966326e-17	2.66877924093646
0	0	0	0	2.41850016955438e-18	-9.53939927536087e-19	-6.87353723290936
0	0	0	0	3.70900603000834e-17	-2.87497058565236e-17	8.52639884098257
0	0	0	0	5.80499162862266e-18	-1.55247767433117e-17	-0.761774006072624
0	0	0	0	3.25246097194393e-18	3.54065599683419e-17	1.24167133430287
0	0	0	0	2.58319506991315e-17	1.64367464072419e-17	4.16156977933556
0	0	0	0	2.4252779974645e-18	-1.03310288209961e-17	-3.64238582860232
0	0	0	0	6.25796710671629e-18	1.00596729310463e-18	3.98216173902683
0	0	0	0	9.25603992013716e-18	1.79013121257043e-17	5.38673434468198
0	0	0	0	6.22147514360977e-18	1.30521206180408e-17	4.16513938733981
0	0	0	0	8.40414261221868e-18	-2.71261716186483e-17	6.84883557705783
0	0	0	0	2.67584342896497e-18	4.63367608066085e-18	-3.89734842105295
0	0	0	0	5.35223616086853e-18	-4.64229444144159e-18	3.76682009238802
0	0	0	0	3.48233417944731e-18	-3.97362988117578e-17	0.738400360242799
0	0	0	0	2.98473861215624e-18	1.80134898983344e-17	-3.62042782045067
0	0	0	0	5.04862627603192e-18	-8.68933128428153e-17	4.46055493350033
0	0	0	0	1.92061104108717e-18	-9.37145272159705e-18	-10.7930224410778
0	0	0	0	2.17539685771152e-17	2.28952803743459e-17	0.487501075235503
0	0	0	0	5.3581224175418e-18	-8.19463785841972e-18	1.40655274117924
0	0	0	0	8.19138216629416e-18	2.23489349508016e-17	1.7229101656006
0	0	0	0	2.06169287797883e-18	2.75608197795972e-17	-3.33521559564083
0	0	0	0	6.34772430270588e-18	1.96149710344765e-18	-0.900244411354565
0	0	0	0	1.98162167391736e-18	-6.4772080613952e-18	-11.0559276117533
0	0	0	0	5.76492053471911e-18	1.33811830483937e-17	2.77856819451521
0	0	0	0	9.7660176426402e-18	3.34812889213128e-17	3.22788457497295
0	0	0	0	3.70452872166755e-18	-1.2810802046293e-19	-0.940524418520394
0	0	0	0	3.31729653228578e-18	-4.4564515100511e-17	-3.34969427022044
0	0	0	0	3.78617143858916e-18	-2.19701672821673e-17	-0.0375236552347463
0	0	0	0	2.88617295715647e-17	-2.24107054553911e-17	5.94735754083965
0	0	0	0	5.59437162239042e-18	-3.90507153838114e-19	6.50473421129902
0	0	0	0	6.82293417455495e-18	-2.80974148485483e-17	4.50534687533686
0	0	0	0	8.09110857380164e-18	1.64592302684991e-17	0.670595759334684
0	0	0	0	8.98459825822785e-18	-1.15693454282438e-17	6.22593155464742
0	0	0	0	1.8759618704009e-18	-1.38349411935872e-17	-5.54466668093813
0	0	0	0	3.17838280292277e-18	4.04302384404976e-17	4.82301438516877
0	0	0	0	1.85836948086851e-18	-4.55830092820557e-17	-11.5409273962516
0	0	0	0	7.02786916973833e-18	7.81079719057273e-17	4.7533514806861
0	0	0	0	2.76431712318649e-16	1.0307679530112e-18	6.06446551864643
0	0	0	0	3.60236383262421e-18	1.94321248978159e-17	-1.42906061896546
0	0	0	0	2.01400711506267e-18	-3.54660234085209e-18	-5.62088855280157
0	0	0	0	5.91211847527313e-18	3.95881569441146e-17	0.383898549832337
0	0	0	0	5.82885794138695e-17	6.17108732278708e-17	5.93858397653554
0	0	0	0	9.00322482135554e-18	6.13679877790389e-19	0.521362074223595
0	0	0	0	1.76239759810228e-18	-3.72448512579626e-18	-5.40331410750708
0	0	0	0	2.98411279536989e-18	8.78380221069634e-17	-2.19078883554898
0	0	0	0	1.0601219167396e-17	-1.22145077516386e-17	3.88279301976536
0	0	0	0	2.05711151887054e-18	4.64078890571666e-17	-1.76713766153026
0	0	0	0	3.17477453524934e-18	-1.10294283023349e-16	-0.198192995537908
0	0	0	0	1.99390456146323e-18	-5.03100955647524e-17	-5.59362839451031
0	0	0	0	4.27493845600513e-18	1.16657002491032e-17	2.17185650034885
0	0	0	0	2.34406427757787e-18	1.14522659284246e-17	-2.79711080200017
0	0	0	0	4.95563521875931e-18	-3.9784997105464e-17	3.38126821992172
0	0	0	0	8.14660471962382e-18	7.01550390725423e-18	4.4322719772348
0	0	0	0	1.89848061316434e-18	-1.09447085737847e-17	-4.88471147383687
0	0	0	0	4.01245403666606e-18	1.4946719297362e-17	-3.65512324047082
0	0	0	0	7.47457229597066e-18	2.41150460586463e-17	5.42342713086727
0	0	0	0	1.4467106536033e-17	9.78817988169167e-17	7.57733942847339
0	0	0	0	9.81263411527666e-17	2.51129623102094e-17	11.1099928854877
0	0	0	0	3.52388651272e-18	3.61737902464263e-17	1.4467358190608
0	0	0	0	1.50143870136343e-17	4.84985018032627e-17	2.74781273398374
0	0	0	0	3.36858358972438e-18	-3.48659562650796e-18	-0.98382482775191
0	0	0	0	3.51659074867637e-18	1.44906816069945e-17	-0.0846340559541904
0	0	0	0	8.24612292514146e-18	1.21551742049271e-16	6.2305144772773
0	0	0	0	7.47054644290756e-18	-4.67224382615704e-18	1.61124728367544
0	0	0	0	2.75581056174372e-18	-1.05223690157846e-17	-5.72657806060579
0	0	0	0	9.88986942097489e-18	1.23949475366428e-20	3.51487027573776
0.173333333333333	0.155851112000048	0.160466435373789	0.160466435373789	0.147236005403934	0.147236005404067	9.48899465261677
1	1	1	1	1	1	3.64097412319125
0	0	0	0	7.33206909523043e-18	4.32098213126244e-18	4.47656942084576
0	0	0	0	2.45523559113372e-18	1.62358295726417e-19	-1.0920833204278
0	0	0	0	5.07093443682438e-18	2.38272585199568e-18	-6.21611885812194
0	0	0	0	4.62594962006801e-18	2.44745962765263e-18	1.08409401304164
0	0	0	0	1.31319758201193e-16	4.41935178369028e-18	5.48284992848996
0	0	0	0	4.57369473354515e-18	8.39832202399234e-20	0.889113054752892
0	0	0	0	2.00629801403303e-18	4.04350304495913e-18	-6.55309154017732
0	0	0	0	2.26013186720815e-18	-1.35382769645612e-17	-6.89899512063221
0	0	0	0	2.02236213592741e-18	7.5853390616941e-18	-5.18177280260772
0	0	0	0	9.6569935157814e-18	-9.31803496771735e-18	1.74522786808131
0	0	0	0	3.48050600052248e-18	-7.62081797912457e-18	-0.180690780353963
0	0	0	0	5.80064237202261e-18	-1.22777035356383e-17	6.94006842047058
0	0	0	0	5.33698695041581e-18	-1.79298513527272e-17	7.7428393134774
0	0	0	0	2.3641969368309e-18	-2.24993464728522e-18	2.23402457401784
0	0	0	0	8.34898651189681e-18	6.90630729410365e-18	2.86675832024677
0	0	0	0	2.43180368303943e-18	-5.49993928340974e-19	-6.46027007787381
0	0	0	0	3.44615715459846e-18	-2.1797362196053e-17	8.41212021574159
0	0	0	0	2.84965815728786e-17	7.00205484981756e-18	7.32048095883858
0	0	0	0	2.12632336140769e-18	-6.73942673122335e-19	-3.34622832042645
0	0	0	0	4.48626029176299e-18	-2.9745130316126e-17	2.02310026647422
0	0	0	0	4.18571477999221e-18	1.00025053917865e-17	2.26649920538371
0	0	0	0	7.24603610687916e-18	4.28794838026355e-17	2.22497448163779
0	0	0	0	4.49072863248714e-18	1.63944486336516e-17	5.31578061544776
0	0	0	0	1.76946039623558e-18	-1.0182265932372e-18	-2.61163807305059
0	0	0	0	2.10415585567721e-18	-2.90462258453574e-18	-1.8078010565763
0	0	0	0	2.37009444077358e-18	9.98171917406486e-19	-5.33160633979321
0	0	0	0	1.15736270203763e-17	1.76267604178375e-17	9.1017117214311
0	0	0	0	2.28618402082713e-18	7.7493819470247e-18	-1.04881067147246
0	0	0	0	2.22279954313127e-17	-7.53944257391123e-17	10.1537399219341
0	0	0	0	4.1186602701265e-18	2.14475696717207e-18	-0.587557765494571
0	0	0	0	3.1889548218869e-18	-5.99680505289434e-18	-2.31340675891728
0.0333333333333333	0.069029296875	0.0878047916930237	0.0878047916930237	0.0477505860165996	0.0477505860165204	12.7900153553222
0	0	0	0	6.89044520794521e-18	4.83122045016647e-18	2.49346420979048
0	0	0	0	1.77352139262403e-18	1.561318504519e-17	-8.21729588576321
0	0	0	0	1.86494331993826e-18	3.23196085524756e-19	-12.2145477843816
0	0	0	0	5.20031818314379e-18	5.60225002164876e-18	1.73510100145477
0	0	0	0	9.46174691820901e-18	7.84531638208888e-18	9.14332178913281
0	0	0	0	4.17607120513923e-18	3.02413469297496e-18	1.52022808129575
0	0	0	0	5.21883133148474e-18	2.93347621985185e-17	1.18278216550167
0	0	0	0	1.85584438797398e-18	8.12440356624916e-18	-10.7079991583686
0	0	0	0	6.84222793974675e-18	1.40488803896712e-17	-1.17897310243815
0	0	0	0	3.02501373008434e-18	-6.21556268590436e-20	-0.167090292470658
0	0	0	0	1.88931077283485e-18	-1.96077322512759e-19	-6.4018231658292
0	0	0	0	4.24458681386584e-17	2.31815456548332e-17	6.93890056346465
0	0	0	0	2.29298009937298e-18	1.6384691325317e-18	-9.74003521866429
0	0	0	0	2.07954130655771e-18	-6.30665132083863e-18	-6.39210048527535
0	0	0	0	3.09500020392682e-18	-8.172424445145e-19	-1.24073819289036
0	0	0	0	9.94359091268501e-18	-1.23981199921368e-17	6.33261963727808
0	0	0	0	5.24218642191722e-18	2.02735034597971e-18	7.52553719545389
0	0	0	0	3.46194348393341e-17	-1.79120583044656e-17	5.39906208164683
0	0	0	0	3.14966224860479e-18	-8.72041769538492e-18	0.0864815842307577
0	0	0	0	4.19702192401368e-18	7.30335122087004e-19	-2.48274268511165
0	0	0	0	3.29697747240303e-18	4.33535580448434e-18	6.05392359430608
0	0	0	0	9.04619100312562e-18	2.17531736914982e-17	3.34292351588253
0	0	0	0	1.81695422151755e-18	1.16289980561119e-17	-4.83161107081857
0	0	0	0	2.64743461452198e-18	-3.46414531427676e-18	-2.92535876777912
0	0	0	0	4.92551854984219e-18	-1.90766699070673e-17	3.24945874074198
0.183333333333333	0.205470666734974	0.201455010002813	0.201455010002813	0.197814339238764	0.19781433923688	5.79513170669006
0	0	0	0	3.68375998932032e-18	-2.29907629131764e-17	-0.9542030941605
0	0	0	0	2.96535781962327e-18	3.90310479210754e-18	-2.95889357410307
0	0	0	0	6.99649357786148e-18	-1.68582558089273e-17	3.14342728467131
0	0	0	0	2.61154145852537e-18	1.39948310667322e-17	-0.394695708865689
0	0	0	0	6.60521671889857e-18	1.29807167897311e-17	7.10914084896466
0	0	0	0	4.15263045693456e-18	-1.40097516625147e-17	2.37411394962863
0	0	0	0	3.0835146652954e-17	-7.6096550188873e-18	7.05498881721002
0	0	0	0	1.79924287024531e-18	2.07874650475923e-18	-8.59378090620424
0	0	0	0	4.96559832250552e-18	2.6461977961551e-18	0.32283861001047
0	0	0	0	2.84246082296249e-18	8.19065677906951e-17	0.785142616184165
0	0	0	0	6.24774692169777e-18	-6.38549818432492e-18	2.04314454003356
0	0	0	0	2.3624849391895e-18	3.47207511332695e-17	-3.46510422533466
0	0	0	0	1.77225271823041e-18	4.86414476581631e-18	-6.76470425091657
0	0	0	0	2.18131277583146e-18	-2.32798401760755e-17	-2.53209297437476
0	0	0	0	3.11482116433888e-18	3.64443964854302e-17	-5.01984989083213
0	0	0	0	2.45504434674602e-18	1.17761210652178e-17	-3.00216859160056
0	0	0	0	3.16136930877071e-18	-2.06034529779425e-18	-4.91876124639779
0	0	0	0	8.89556269482845e-18	-1.29503169480792e-18	3.68242823194987
0	0	0	0	5.39672048511774e-18	-1.29636333845456e-17	2.97682874581935
0	0	0	0	1.55741433082816e-17	-3.33386500354812e-17	5.91983378397464
0	0	0	0	6.37138112334405e-17	4.94822156393733e-18	9.49655114524193
0	0	0	0	2.80036289505078e-17	-4.81310125173715e-17	5.70869809029567
0	0	0	0	2.05581142747495e-16	9.10343434448014e-18	7.38141558861309
0	0	0	0	2.91397010275757e-18	-2.86347325615776e-18	-2.97606602813841
0	0	0	0	2.07558630625326e-18	2.5705650221686e-18	-2.34363656417096
0	0	0	0	2.05733449323334e-18	3.04214165353201e-18	-6.59040203716866
0	0	0	0	1.95634013542392e-18	-1.20846529731366e-17	-8.98611421934583
0	0	0	0	2.0362431448082e-18	-2.41849722037207e-17	-7.99378190403502
1	0.998677396324921	1	1	1	0.999999999999997	4.18208065055555
0	0	0	0	1.90573016897567e-18	9.53285612805321e-17	-6.29503142396668
0	0	0	0	1.25316010033048e-17	7.58647091868152e-18	8.47425379337302
0	0	0	0	2.03705375546805e-18	1.69822512747509e-17	-0.572211699983149
0	0	0	0	4.53113733774327e-18	-1.41505861560486e-17	-1.13775399335133
0	0	0	0	3.16391856872252e-18	-6.76585323444307e-18	-1.22245589355737
0	0	0	0	9.08328789614369e-18	-1.23151008884516e-17	3.09703982802774
0	0	0	0	8.48427632299268e-18	-1.99932567286967e-17	6.39999643872457
0	0	0	0	6.19849444562413e-18	1.04949782716727e-17	4.73636058566925
0	0	0	0	7.26065693338631e-18	4.77172380630533e-18	4.50303183627038
0	0	0	0	2.52031136804492e-18	4.57785214965133e-17	-5.089639746666
0	0	0	0	3.03106177939128e-18	-2.80529654734514e-17	-3.09178878755138
0	0	0	0	7.37149617474031e-18	-4.72516122662857e-18	3.75583543889269
0	0	0	0	1.89716883250349e-18	1.56510980142839e-17	-5.38334715454323
0	0	0	0	2.78160933032244e-18	3.64248089980471e-17	1.95006487771867
0	0	0	0	1.91593666121361e-18	6.1911908399145e-18	-3.42314179752239
0	0	0	0	6.35182731375102e-18	-8.08813403463846e-18	1.87391437742873
0	0	0	0	4.0512025564531e-18	5.02841771969781e-18	-2.21933643892508
0	0	0	0	8.7389818551835e-18	-1.75931061454719e-17	5.78987099258883
0	0	0	0	1.88997570354604e-17	2.20355817607149e-17	5.50272977480591
0	0	0	0	3.3009568937601e-18	-1.48855822301702e-17	-3.11108429875637
0	0	0	0	1.77740545867538e-18	1.53825231376569e-18	-8.53653379582037
0	0	0	0	2.15662865608597e-18	-3.81804426903991e-18	-10.0534163866241
0	0	0	0	1.79249164344179e-17	-4.36628791217615e-17	3.90561687252979
0	0	0	0	1.95874899500692e-18	-5.01933026790703e-17	-7.16380737567915
0	0	0	0	4.96815248652284e-18	-2.77834605844698e-18	1.23508846513019
0	0	0	0	1.12156609662375e-17	-1.66032701549317e-17	-0.260243378045495
0	0	0	0	2.46625564574102e-18	-1.03930400318172e-17	-0.554545622300731
0	0	0	0	5.85144640809664e-18	2.01711618839426e-17	0.920198132893089
0	0	0	0	1.37164437738348e-17	-4.54522016830587e-17	6.8848916302617
0	0	0	0	3.02205251623983e-18	-8.9352272159384e-18	0.521255766317616
0	0	0	0	3.87455727146939e-18	7.71375246951739e-17	-1.11238624460086
0	0	0	0	4.19519260665216e-18	-2.33245578943456e-17	2.56580926666284
0	0	0	0	3.30469226673751e-18	3.61861322752109e-18	-1.7410648656463
0	0	0	0	5.41525864412479e-18	2.91037731620067e-18	0.506628834659968
0	0	0	0	3.01834873951498e-18	-1.81446109602266e-17	-1.82583967186483
0	0	0	0	4.43054847039245e-18	-1.04861362781528e-17	3.57585577142656
0	0	0	0	2.98954888130208e-18	9.7165630719361e-18	-6.10990823272597
0	0	0	0	3.11784607168394e-18	-1.55572373085644e-17	-2.21392382234473
0	0	0	0	3.61361455289552e-18	-9.47790017068582e-19	2.16922489242915
0	0	0	0	3.02949074994272e-17	-1.55697235327594e-17	3.72049672815785
0	0	0	0	4.60812959104669e-17	-3.53128039055241e-18	3.02463051901468
0	0	0	0	1.86450980823143e-18	1.77310574782824e-17	-4.10450447194295
0	0	0	0	2.99669179777314e-18	4.85002402770509e-17	4.74190042631304
0	0	0	0	4.48471546165959e-18	6.48982167680704e-18	-1.38352112676564
0	0	0	0	4.34935486599643e-18	-2.17694666537868e-17	-1.92952639154537
0	0	0	0	5.59199856179448e-17	-1.27155948179584e-17	9.64729462579877
0	0	0	0	2.10713683999199e-18	-2.91022958331303e-17	-7.13270392951281
0	0	0	0	2.07336240405855e-18	-1.9853267514313e-17	-8.55465877187674
0	0	0	0	7.80470103197235e-18	-1.96959220085823e-17	6.85839024819578
0	0	0	0	7.57762622376981e-18	7.96502511274099e-17	9.71189616936416
0.136666666666667	0.134576198298454	0.1366370804007	0.1366370804007	0.123578272533992	0.123578272545508	1.35461273001731
0	0	0	0	2.33547560071659e-18	9.21294999611447e-19	-2.24323098244393
0	0	0	0	2.01872980536143e-18	-2.26690576481945e-18	-8.83093685854085
0	0	0	0	2.54109701194146e-18	3.34316661182173e-18	-3.52666569969274
0	0	0	0	1.13450769038502e-17	-2.29076838364889e-17	6.54230994371105
0	0	0	0	3.05895870967623e-18	-2.53562083356949e-18	-1.3436779186287
0	0	0	0	1.97787035038157e-18	4.72569889387217e-18	-10.4490646086021
0	0	0	0	2.27172678671688e-18	-5.26303084659243e-18	-3.28690636940641
0	0	0	0	2.67879660577804e-17	1.10259398169409e-17	3.5334600922482
0	0	0	0	1.68955588542909e-17	-4.13983020968427e-18	2.71286802277236
0	0	0	0	2.48282312976509e-18	1.6844872148768e-17	-2.29104072991696
0	0	0	0	1.71139415326397e-17	2.63276271188227e-17	6.98092396365302
0	0	0	0	2.08997056497681e-18	-9.64956878472955e-18	-3.76890903168568
0	0	0	0	6.36674872861546e-17	1.00205583708582e-17	6.16166463610123
0	0	0	0	5.33992155975475e-18	4.45977435417419e-17	0.683427842936302
0	0	0	0	2.23813860583979e-18	8.31753625666286e-18	-4.5021751348479
0	0	0	0	5.41541647383976e-18	-1.5600068966415e-17	1.88850797951132
0	0	0	0	7.08330608738287e-17	-1.87102697114459e-17	6.89424769949784
0	0	0	0	1.46216060477922e-17	-8.38529936009446e-18	0.961373047321507
0	0	0	0	1.94489852205435e-18	-8.87048219808003e-19	-12.4559696443395
0	0	0	0	1.86349834745754e-18	3.84233824873251e-18	-8.0885134322088
0	0	0	0	2.65665312857063e-18	9.55638136600843e-18	-2.89705049987046
0	0	0	0	2.17948547495137e-18	5.3538843495806e-19	-6.75422478278051
0	0	0	0	1.83461710523704e-18	-5.79725650101476e-18	-5.71289006241898
0	0	0	0	2.07712319150679e-18	-4.440443720876e-18	-10.2650428873918
0	0	0	0	9.75668227934534e-18	6.63964535310477e-18	8.99125833760308
0	0	0	0	2.95987197160136e-18	2.67733499750835e-18	-2.05233242424614
0	0	0	0	1.25254156521573e-17	6.33947458523737e-17	6.91577688053695
0	0	0	0	4.00455649567605e-18	8.06087203273433e-18	-1.19159968719621
0	0	0	0	6.82487284827187e-18	-7.55587320682671e-18	7.71190577766555
0	0	0	0	1.82574884838092e-18	-8.69926572895729e-18	-7.43241201609507
0	0	0	0	3.47798883139799e-18	-2.08996813562e-17	-0.946388070282941
0	0	0	0	3.06814274187744e-18	-5.28836511638672e-18	-3.07430272532625
0	0	0	0	1.94452906356571e-18	5.51577247995816e-18	-10.0530752024291
0	0	0	0	2.70182512903797e-18	-2.17238535695882e-17	-2.02128028358355
0	0	0	0	9.53775067454289e-18	-4.83274714726566e-17	8.73852654896482
0	0	0	0	1.99853892081534e-18	1.88228488828218e-18	-5.03653618720623
0	0	0	0	2.74151509792186e-17	-4.11941801515987e-17	6.49060224572672
0	0	0	0	2.98942972584995e-18	-5.02070525468046e-18	5.26364483385846
0	0	0	0	3.0779894513947e-18	-4.83340298499187e-18	-1.82978350267158
0	0	0	0	5.55035519019748e-18	-4.85555615910418e-17	6.05860525721815
0	0	0	0	1.0453553332196e-17	1.90019084285597e-18	2.28666528433173
0	0	0	0	5.08460274706594e-18	-2.34944173327827e-17	4.64074931686613
0	0	0	0	8.35423923567584e-18	-2.57916682295703e-17	6.29789781887085
0	0	0	0	3.16420765326718e-17	-2.66599806133895e-17	6.21111361949781
0	0	0	0	2.27631182085216e-18	-2.73715915441839e-17	-4.61224171334578
0	0	0	0	2.42074642379804e-18	8.60709482210853e-18	-0.960310477034522
0	0	0	0	1.1112872134361e-17	-1.33222351536922e-18	3.84405875619409
0	0	0	0	1.95713532001517e-18	-8.88008951466181e-18	-2.78403412296902
0	0	0	0	2.36648244879778e-18	3.02171381850235e-18	-5.67698121340986
0	0	0	0	2.04086427225602e-18	-6.69489813285322e-18	-0.530063197853075
0.216666666666667	0.173579175990054	0.184626876226198	0.184626876226198	0.185406962181219	0.185406962195603	6.33571458085598
0	0	0	0	4.40431874717796e-18	8.49575163266278e-18	4.00031493647988
0	0	0	0	3.25564140457606e-18	-1.13995061881646e-17	-2.24021623310597
0	0	0	0	2.47900713481426e-18	2.53985622991107e-18	-7.5727219626746
0	0	0	0	1.01987077490391e-17	-3.13334318122144e-20	6.34910586854694
0	0	0	0	5.14661904464018e-17	1.34673782488698e-17	12.2243806680839
0	0	0	0	2.17422706564744e-18	-2.48967773742167e-17	-8.02510589934836
0	0	0	0	4.75066335088053e-18	3.2810953464744e-17	2.79812384685077
0	0	0	0	3.32980876356461e-18	4.85296741251836e-18	-1.49378963406338
0	0	0	0	3.62790695509081e-18	-4.48332516222785e-18	-0.178256019482488
0	0	0	0	2.0220334453648e-17	-1.70989582255558e-17	7.28010144110149
0	0	0	0	2.03344942542439e-18	-5.66207460143666e-18	-11.3185003815685
0	0	0	0	3.41122596960256e-17	-7.42906944377023e-18	8.0969869232762
0	0	0	0	9.4760524717247e-18	-2.5749244156725e-17	2.93900804488652
0	0	0	0	7.7643292354294e-18	5.63379906557646e-16	4.99532855042295
0	0	0	0	2.11727864039786e-18	1.18511440766331e-18	-9.68002595403214
0	0	0	0	5.1381637513386e-18	-1.12921661974181e-18	6.40485364909563
0	0	0	0	3.00256301165187e-18	-1.48354894961998e-17	-4.61581053327089
0	0	0	0	6.07241296540086e-18	7.3151205254072e-18	-7.01097658815879
0	0	0	0	1.2877037114317e-16	6.99012485297514e-18	5.28400364930435
0	0	0	0	2.42682123863317e-18	8.4118159009254e-18	-3.15367172713229
0	0	0	0	2.75279891768197e-18	-9.60990962098582e-18	-2.79346020335024
0	0	0	0	1.74759759390729e-18	9.73660669075229e-18	-6.90629680876255
0	0	0	0	9.21305273914233e-18	-1.80324703821479e-17	4.67700637328789
0	0	0	0	2.29134288098309e-17	-5.53138401241067e-17	7.70596876768973
0	0	0	0	6.88322540800726e-18	2.75093663850127e-18	2.06472645018288
0	0	0	0	4.7338298698448e-18	-1.48536227273441e-17	0.877500055639786
0	0	0	0	2.65907940431644e-18	6.38775197427379e-18	2.0556827225139
0	0	0	0	5.8597445408197e-18	-2.12135043303206e-17	2.45746880077545
0	0	0	0	2.15664696094888e-18	-7.29609956164294e-18	-3.62041670176307
0	0	0	0	9.85280133077788e-18	9.54948883843629e-18	11.6249673245683
0	0	0	0	1.00213892435553e-17	-2.87445834230872e-17	8.09650990922262
0	0	0	0	3.98848259392943e-18	1.69738499048343e-17	2.32331259069276
0	0	0	0	2.54500281337043e-18	4.15882589382667e-18	-4.99340922777583
0	0	0	0	3.61350508556164e-18	-7.5290349628461e-18	-2.36488584683977
0	0	0	0	4.5941690710325e-18	-1.23126812067991e-18	0.218316512272888
0	0	0	0	3.51632604260104e-18	-1.60019494261223e-17	-1.87918787353674
0	0	0	0	2.78174161767379e-18	6.74353190342333e-18	0.0342262555238775
0	0	0	0	4.80119555137846e-18	-5.99673257268543e-17	-1.83491200992751
0	0	0	0	4.02952700268767e-18	7.17559129532097e-18	-3.7151755987398
0	0	0	0	3.30544818625804e-18	-1.98126284129876e-17	-0.27037105496012
0	0	0	0	4.20196648730096e-18	-1.50468076164293e-17	0.337158816072348
0	0	0	0	6.46232754187502e-18	8.22875865247164e-18	1.85506545085042
0	0	0	0	1.39258604182839e-16	-2.26911677348926e-17	5.69064602132489
0	0	0	0	2.0465016959737e-18	5.097690470168e-18	-7.33533081042829
0	0	0	0	2.71569189041283e-18	-1.60581825352326e-17	-4.85921668512548
0	0	0	0	3.64048555032028e-18	-1.16435157200711e-17	0.00881489455422985
0	0	0	0	3.30826934832403e-18	1.9199495364948e-17	-8.10325410254333
0	0	0	0	1.91162611509984e-17	2.33733917578463e-17	8.60393557907369
0	0	0	0	4.66501939683653e-16	1.19575598300061e-17	7.12192018944515
0	0	0	0	1.34848397488969e-17	-1.88792152447972e-17	8.77574458889182
0	0	0	0	5.24308450681486e-15	-3.37353222676198e-18	9.72110588513932
0	0	0	0	2.19225068341594e-18	-3.20093646596942e-17	-1.46249300647476
0	0	0	0	6.91971667419719e-18	-2.57627849733289e-19	2.59465161831063
0	0	0	0	3.14041024986722e-18	-1.46157483483049e-18	-2.07685321173276
0	0	0	0	3.7205317462754e-18	2.57243677010754e-18	-1.20235110398999
0	0	0	0	1.77860759730611e-18	-4.02063435570102e-18	-7.88042353910491
0	0	0	0	2.53337489942662e-18	7.03764678529781e-18	-4.37020877147606
0	0	0	0	2.9309294057955e-18	-2.13083545550034e-17	0.147182639555921
0	0	0	0	3.55662272041214e-17	-4.83150719777517e-17	10.7282043699042
0	0	0	0	2.92356021176284e-18	1.51628139196814e-17	1.76468546957278
0	0	0	0	3.32583597636786e-18	1.44834467759933e-17	-1.36641887382021
0	0	0	0	2.69299359752154e-18	3.1915041516467e-17	-2.10741370243192
0	0	0	0	6.10306499887294e-18	8.9139762625953e-17	4.15469150585749
0	0	0	0	9.63894090974262e-18	4.28987101795312e-18	4.89710292294007
0	0	0	0	2.67889328984521e-18	-4.64163961661129e-17	-2.83781945840702
0	0	0	0	3.19941383777772e-18	1.1769542374257e-17	-1.81177351288099
0	0	0	0	4.03158248472188e-18	-4.72892644816945e-17	-0.405203698457045
0	0	0	0	1.15339368042763e-17	2.08345684773442e-17	3.03288423574426
0	0	0	0	1.84774702993672e-18	8.85242458036584e-18	-5.51707237911512
0	0	0	0	9.11033447558735e-18	-3.16218038950315e-17	5.93660958089752
0.153333333333333	0.155851112000048	0.160466435373789	0.160466435373789	0.18461654822221	0.184616548221242	4.5319387214601
0	0	0	0	5.73968887636869e-18	3.72490192322159e-18	1.37643695198029
0	0	0	0	3.02319877527366e-18	6.58783436670953e-18	-6.90614483440638
0	0	0	0	2.5045997346534e-18	-2.67514483354747e-17	-1.69415228958722
0	0	0	0	3.25214794079189e-18	-2.46701830420635e-17	2.92876993220676
0	0	0	0	1.04528533847026e-16	-1.58756930448405e-17	1.87332801933525
0	0	0	0	3.89732565000147e-18	-1.50184580389934e-17	5.9482974644295
0	0	0	0	8.46355546996376e-18	-3.60443784065195e-18	4.6909704512258
0	0	0	0	2.71056695972609e-18	8.35079961493312e-18	-1.79432613740968
0	0	0	0	2.99821304451895e-18	-5.57106137379098e-17	0.722600976321965
0	0	0	0	2.38872828120528e-17	-4.69818064386432e-18	7.72764038501681
0	0	0	0	6.80282275069603e-18	-2.94385730039289e-17	5.85254629347404
0	0	0	0	1.35747865305275e-17	-5.75635527641962e-17	5.08607389775399
0	0	0	0	2.14958860374779e-18	-4.87981435825243e-17	-11.7082682618726
0	0	0	0	2.82694906128285e-18	9.6366246218429e-18	-3.92875125254682
0	0	0	0	6.45217884935777e-18	-6.1705653139137e-17	7.41458677451481
0	0	0	0	1.5432598540907e-17	7.12975783738917e-17	10.1076563181207
0	0	0	0	5.57892756888061e-18	-9.73195482132025e-18	3.39218728209981
0	0	0	0	2.4518263066653e-18	1.83310410807877e-17	-3.80045319628991
0	0	0	0	2.30572466949097e-18	1.11676280714863e-17	-0.944980130896619
0	0	0	0	2.86207309091221e-17	-2.223366210881e-17	5.00844439667271
0	0	0	0	4.85931857903875e-18	-3.55198966307347e-18	-0.597448261257789
0	0	0	0	8.71774430942084e-18	-3.21058809132402e-17	4.52672310124173
0	0	0	0	1.06900368802561e-17	-7.36257944719072e-17	6.69478760243854
0	0	0	0	2.38026528145362e-18	3.40098568623639e-17	-3.34275605229175
0	0	0	0	2.14062685429866e-18	1.00430126220312e-17	-5.29200784499331
0	0	0	0	2.90752022677304e-18	3.71025798948425e-18	-0.967829871636679
0	0	0	0	2.68052920059677e-18	-7.48842704257574e-17	-0.657214691969464
0	0	0	0	1.77030879210327e-18	-2.74252263878198e-17	-9.76332372974497
0	0	0	0	4.18004482197656e-18	-2.40257186073487e-17	1.9781714002973
0	0	0	0	2.91579895666984e-18	-2.61676085641757e-18	2.88596421763961
0	0	0	0	1.88428324285085e-18	-3.34184720967604e-18	-2.15047526779026
0.11	0.134576198298454	0.1366370804007	0.1366370804007	0.128985172394499	0.128985172394853	8.28126520988932
0	0	0	0	3.24769387421068e-18	-9.44020241379795e-18	3.66791500924672
1	0.998677396324921	1	1	1	0.999999999999998	-1.59978925284134
0	0	0	0	2.15342137826092e-18	-3.12172268141591e-18	-2.74642336210941
0	0	0	0	2.328284990346e-18	-2.53411815029837e-17	-4.58012663851911
0	0	0	0	3.35088007722419e-18	-1.54865716179328e-17	-1.47524564291016
0	0	0	0	8.05466566016196e-18	-1.12989048485018e-17	6.12777518708014
0	0	0	0	9.74608199340137e-18	-4.79639262494268e-18	3.58824797449685
0	0	0	0	1.74811724037257e-17	1.6951506089266e-17	2.44066910378549
0	0	0	0	3.07375067825156e-18	-8.28287848062611e-18	-1.83704159340111
0	0	0	0	1.09068667574068e-17	-2.32562786163353e-17	7.08053503221701
0	0	0	0	2.968259463508e-18	1.07991400736861e-18	-0.395996257265484
0	0	0	0	3.53148772779446e-18	8.71114813920255e-18	3.23766472486495
0	0	0	0	3.94694411701244e-18	-8.96606741363881e-17	0.956514129362262
0	0	0	0	1.74782809514439e-18	6.16118491866539e-18	-9.97177146250997
0	0	0	0	1.85314919043935e-18	-6.34254978219399e-18	-8.18073924474532
0	0	0	0	3.51204093035065e-18	-4.13120057076977e-18	2.31426059507622
0	0	0	0	3.91339799892093e-18	2.25951574820411e-17	0.170828414182843
0	0	0	0	2.5505360723272e-18	1.67071059931217e-17	4.29631309795858
0	0	0	0	8.21958977501328e-18	1.57772427320781e-17	2.40256504028302
0	0	0	0	3.67427022073389e-18	-7.08457327682131e-18	1.60071437789723
0	0	0	0	2.33638232566434e-18	6.89656896217662e-17	-2.95835388110009
0.146666666666667	0.173579175990054	0.184626876226198	0.184626876226198	0.165943284603755	0.165943284605678	5.68306678899754
0	0	0	0	2.47456914743471e-18	-1.64454475935295e-19	0.257417601747443
0	0	0	0	7.26242499556985e-18	-2.05516645019016e-17	3.57467622671558
0	0	0	0	1.35248553790953e-17	-3.30579047174916e-18	0.310325553015885
0	0	0	0	1.80480783969143e-18	1.23770963019627e-17	-7.8554461950741
0	0	0	0	2.62133328000736e-18	8.52118687236353e-18	-3.73687428157775
0	0	0	0	6.27666960467092e-18	2.79230553275371e-17	3.65844501134942
0	0	0	0	3.23771114561126e-18	3.66736261517786e-18	-1.70009482478467
0	0	0	0	2.81613250695175e-18	-4.25364881764674e-18	-2.92917142442319
0	0	0	0	2.04194984899339e-18	-3.23267582628037e-18	-4.13831651333446
0	0	0	0	1.79117064130804e-18	2.26609398249542e-17	-13.1319222766728
0	0	0	0	2.61343676165371e-18	7.56478253813185e-18	-7.88295792915735
0	0	0	0	4.75365534141361e-17	5.81775232363056e-19	5.40103501855594
0	0	0	0	3.27310837561501e-18	-1.10538006600023e-17	0.569454398376724
0	0	0	0	1.92990370189743e-18	-2.10399611286931e-17	-8.47663236660065
0	0	0	0	2.1443500755588e-18	1.44729278073148e-17	-4.11209223371394
0	0	0	0	6.98207606123016e-18	7.51062188081174e-17	11.4191644401014
0	0	0	0	2.87217691100929e-18	6.92079455065139e-18	-10.0173083520587
0	0	0	0	3.12378076052963e-18	-1.71583128589247e-17	-1.11679964801694
0	0	0	0	5.56856897526033e-18	6.63613273867379e-18	3.2743370428453
0	0	0	0	2.31003397343954e-17	-2.90132188484099e-18	10.7164976923095
0	0	0	0	1.91243709429193e-18	-2.30908672068944e-18	-7.80395488242331
0	0	0	0	1.6649234201966e-17	5.08103143084317e-17	-4.48740081653941
0	0	0	0	7.42365579945942e-18	4.0026954211625e-18	-2.02171710687196
0	0	0	0	8.37844733907933e-18	-6.36792259639497e-18	2.34007381525355
0	0	0	0	1.87759565734605e-16	1.41047822378848e-17	6.42836192415232
0	0	0	0	2.89865926697533e-18	-7.24486179247965e-18	-3.55913083767227
0	0	0	0	2.29532718482056e-18	-5.81880932700689e-17	-2.51520538585594
0	0	0	0	7.06586312878599e-18	1.07374597412188e-17	-2.55700999076846
0	0	0	0	4.19038454747237e-18	-1.25908914259866e-18	1.06820259359307
0	0	0	0	1.90293191692037e-18	-1.66555202069828e-17	-7.72554658625478
0	0	0	0	2.34170560182121e-18	-4.49432330753613e-17	0.122510618963825
0	0	0	0	2.06621886842133e-18	-6.97634185891937e-18	-8.54037369209292
0	0	0	0	1.82642022626545e-18	2.94129157372457e-18	-2.29966999440225
0	0	0	0	1.17095260892315e-17	6.55272022587822e-18	12.590459398279
0	0	0	0	2.19375194908005e-18	-4.64264837986786e-18	-8.59491413328314
0	0	0	0	4.3188125755442e-18	6.87936856550646e-18	2.08104218755975
0	0	0	0	1.90838798621119e-18	-1.25350136604663e-17	-5.74720085234837
0	0	0	0	2.5256250930345e-18	6.22197476807104e-18	-2.93413901041854
0	0	0	0	2.64467571518695e-18	4.77050107919458e-18	-4.28444852709746
0	0	0	0	3.27092156159905e-17	1.5790593151684e-17	3.65354724623724
0	0	0	0	2.83546439579165e-17	5.35866754521414e-18	6.5585031253243
0	0	0	0	1.9215067371842e-18	-1.07409786975016e-17	-11.8940344192279
0	0	0	0	1.80086870683589e-18	1.82106803046743e-18	-4.29589410309087
0	0	0	0	2.53626896646996e-17	-1.02141861797635e-17	10.6145053078112
0	0	0	0	2.1506580612625e-18	5.86841136251768e-19	-3.60867333390319
0	0	0	0	6.44082568342464e-18	-5.89628131852694e-17	5.91331110591974
0	0	0	0	4.0961400766733e-18	3.17287579064988e-17	-1.24417954353047
0.273333333333333	0.27971184105138	0.264291439158164	0.264291439158164	0.292899649327232	0.292899649327778	0.516136723013883
0	0	0	0	2.62959548263362e-18	1.6855522245231e-17	-4.99635927664934
0	0	0	0	1.33344893465644e-17	-6.05438536640867e-18	9.60663024303389
0	0	0	0	2.03690539780088e-18	1.67266864904587e-16	-4.93332486677332
0	0	0	0	3.88588249935665e-18	5.76078404143039e-19	-3.74591462927345
0	0	0	0	3.73528183592177e-18	-4.42338228063624e-17	-1.33538346185227
0	0	0	0	1.85876217323307e-18	3.00408541618559e-18	-7.70402094612942
0	0	0	0	3.75157801716935e-18	-2.49957578385433e-17	-0.698070004163643
0	0	0	0	3.17456688225588e-18	1.29908772453634e-17	0.780273540452383
0	0	0	0	2.36569511633996e-17	-6.70604558235887e-17	7.01783124051385
0	0	0	0	2.11277520904183e-18	4.383730278029e-18	-9.40742203562477
0	0	0	0	2.06915842895292e-18	-6.40557384534529e-17	-6.76580690652161
0	0	0	0	1.9412854786411e-18	1.63130273331329e-17	-4.191250446768
0	0	0	0	1.8514105395369e-18	5.82969155313382e-18	-5.44157856773478
0	0	0	0	3.45997765317399e-18	1.25280528280717e-17	4.32955408171802
0	0	0	0	2.37225630280264e-18	2.20633677907005e-18	-2.81315015829086
0	0	0	0	2.10145558790263e-18	2.23552423924183e-17	-6.66909119936814
0	0	0	0	7.17177580121674e-17	-6.86756577941345e-17	6.00069688894625
0	0	0	0	5.56657622263759e-17	2.88686041926144e-18	7.32559968163249
0	0	0	0	6.47074418381858e-18	-4.88768016525297e-18	1.47661993433994
0	0	0	0	2.06688246761043e-18	9.21009454848309e-19	-9.03000982640194
0	0	0	0	7.98460959459685e-17	6.01206870950835e-18	12.5461357577702
0	0	0	0	8.66153656438088e-18	2.96919000589827e-17	9.45602165637288
0	0	0	0	3.63938518146654e-17	1.25287791702926e-17	4.37151310301164
0	0	0	0	2.13681249959908e-18	-1.20067132109929e-17	-5.19603254102638
0	0	0	0	1.78989569885355e-18	-6.10460580987859e-17	-5.93734518730839
0	0	0	0	8.11323631134468e-18	8.87857935338922e-17	1.89721296601728
0	0	0	0	1.89616876005011e-18	3.9756984684905e-18	-8.70706250328834
0	0	0	0	2.37837518399532e-18	-4.43337199428028e-18	-1.8964471192918
0	0	0	0	3.35918379465808e-18	-1.08588620883334e-17	2.9753648157429
0	0	0	0	8.53505438020054e-18	-8.24487701831169e-18	1.69673944021631
0	0	0	0	1.07388040506665e-17	-1.62936090259281e-17	4.60735290111194
0	0	0	0	2.08020698779419e-18	-6.46984876093584e-18	-3.66273305419978
0	0	0	0	2.82502288702437e-18	-3.03446123498004e-17	-1.34031940235061
0	0	0	0	1.79684392826537e-18	-1.70446725199598e-18	-2.47239129162696
0	0	0	0	2.46579741909326e-18	-8.26580077989172e-18	-3.92537635666397
0	0	0	0	6.56425901342753e-18	-3.40250733984503e-17	3.03557806670238
0	0	0	0	1.86643592605082e-18	9.17877647747763e-18	-7.2092139097401
0	0	0	0	5.81521026082607e-18	1.22308181313601e-17	1.55916387191753
0	0	0	0	7.07011434608525e-17	-1.22907440447686e-17	4.98396998060111
0	0	0	0	8.06976910042706e-18	3.88222002948746e-17	1.22142512657581
0	0	0	0	2.39139017850151e-18	4.45145192894799e-17	-8.18842564406389
0	0	0	0	3.15839923464348e-18	-4.31107972097948e-17	-1.38464433285866
0	0	0	0	5.61865631943095e-18	-3.73658695659586e-17	0.127046607253207
0	0	0	0	2.26429921331765e-18	2.02663611821007e-17	-0.681762705396029
0	0	0	0	2.69692341459134e-18	-7.91629778281962e-18	-5.92767531387789
0	0	0	0	8.61825375483172e-18	-1.50698762849104e-16	-2.59327309223861
0	0	0	0	2.04850565291893e-17	3.38742564077008e-18	8.25339062520709
0	0	0	0	1.77912838727727e-18	-5.35830752456648e-18	-6.7729648935579
0	0	0	0	2.00630401582896e-18	7.2653643982815e-18	-6.31007294248212
0	0	0	0	2.87909282530621e-18	2.32678073110295e-18	-2.38773399937122
0	0	0	0	2.30486081294799e-18	1.97949385999279e-17	-2.43124317658449
0	0	0	0	7.28961048948675e-18	2.48661446340743e-17	2.47394768714579
0	0	0	0	2.41906197570833e-18	4.98453104161627e-18	-4.46080954840284
0	0	0	0	2.65235328122754e-18	-5.40853991417095e-18	0.105307515160949
0	0	0	0	5.06441691944591e-18	5.08005515088847e-18	3.07469293325418
0	0	0	0	2.00427295398181e-18	-4.54918408619104e-18	-3.4450009468753
0	0	0	0	6.93353732703674e-17	-1.56172100503183e-17	7.87503593655982
0	0	0	0	5.25210495513992e-18	5.14883630418454e-17	6.07585039272694
0	0	0	0	2.98097096331169e-18	-1.63979522445145e-18	1.48277191726275
0	0	0	0	1.78594786585292e-18	-3.21753476906107e-17	-6.59741192244335
0	0	0	0	7.1132476397823e-18	-7.42640582531807e-18	4.22837623507854
0	0	0	0	1.94909410580838e-18	-2.67764810640968e-18	-2.13653930938619
0	0	0	0	2.85029944634162e-18	1.1202145622207e-16	-3.24692078916837
0	0	0	0	4.47924961152108e-16	2.43148156040103e-17	8.14751093968012
0	0	0	0	6.60053454800559e-18	-3.06872495297086e-17	4.95486019686462
0	0	0	0	3.46016557247877e-18	-5.11919221861944e-17	-4.55639300503023
0	0	0	0	2.83157804693728e-16	2.8397869617934e-17	7.62034370128882
0	0	0	0	3.94834930748409e-18	1.61604136417722e-17	-0.0407959238827305
0	0	0	0	2.64218163825313e-18	-2.6011058629911e-17	-3.37811483047353
0	0	0	0	5.56282800801875e-18	2.04571776187342e-17	-0.778113629720835
0.0766666666666667	0.0375	0.0332170833838338	0.0332170833838339	0.0246076485372408	0.0246076485387101	5.59615456540122
0	0	0	0	2.27311536005923e-18	6.3462585406998e-18	-5.27302655553057
0	0	0	0	2.82880694495768e-17	-6.84705025005505e-17	11.8202090971213
0	0	0	0	3.23328126466523e-18	-1.13739569926188e-16	-1.15221744645649
0	0	0	0	1.92859466455674e-18	-3.85919943202122e-17	-7.22091783501376
0	0	0	0	1.95249596007974e-18	-1.49121825731102e-17	-7.07463448386256
0	0	0	0	1.88750655810532e-18	-1.70423753999459e-18	-9.91084505808452
0	0	0	0	4.93487665329591e-18	-6.23008544544157e-16	-1.4133027820773
0	0	0	0	2.50701839859315e-18	2.64148070181091e-17	-0.725000015802523
0	0	0	0	3.89237671147466e-18	6.5906713764516e-18	4.13771920872829
0	0	0	0	9.29059313966513e-18	1.22194990149688e-17	6.99126868066462
0	0	0	0	1.79048465303313e-18	5.87182316845954e-18	-11.934603604183
0	0	0	0	2.8810548912299e-18	-2.24110230633572e-17	-3.64458526630234
0	0	0	0	2.35299634347674e-18	-1.06176941156863e-17	0.384062383241779
0	0	0	0	4.39766303922498e-18	-1.01950710218106e-18	3.56248086178136
0	0	0	0	2.00536248601147e-18	2.59352575609749e-18	-9.68633677113446
0	0	0	0	3.06309108234155e-18	-1.20314175984126e-17	0.513530738980795
0	0	0	0	5.20216844060366e-17	2.28043944939308e-17	7.26270016168109
0	0	0	0	3.02213890047098e-18	3.11773940344571e-18	0.138624845087766
0	0	0	0	2.28472194953647e-18	3.53396152292734e-17	-8.44571133531699
0	0	0	0	3.48499224013408e-18	-1.1162407574622e-18	-2.29566634743171
0	0	0	0	8.93219879954185e-18	-6.1550640391975e-18	6.17366959459424
0	0	0	0	2.24898118852029e-18	2.06449803632708e-17	-5.23053642121594
0	0	0	0	6.45535530530236e-18	3.64312173602035e-18	-1.52537655762663
0	0	0	0	3.41341358809853e-18	-8.82252341024865e-20	4.3801594830028
0	0	0	0	2.18654043528454e-18	-1.03203925080937e-17	-6.448399247078
0	0	0	0	2.0777276721654e-17	6.01612601744652e-17	5.39429873884883
0	0	0	0	3.30326033306929e-18	-2.24437257265551e-18	1.67796232412256
0	0	0	0	7.79373027214775e-18	1.85640170602694e-17	-0.12288311992622
0	0	0	0	6.32850308206821e-18	-9.45619819706622e-19	-3.64408780569371
0	0	0	0	3.58144433146075e-18	-3.3756786424685e-17	-2.09944499357825
0	0	0	0	1.11063723689669e-17	2.69747419572677e-17	4.87784526818107
0	0	0	0	1.88598802595058e-18	1.89185652831007e-17	-4.10031718859118
0	0	0	0	1.14030699945465e-17	7.54942072100009e-17	4.26350755788744
0	0	0	0	7.16050120884737e-18	4.05738020483556e-18	5.80947521571166
0	0	0	0	2.60937416502015e-18	9.65562097744119e-18	-3.44770859311016
0	0	0	0	3.36387980086509e-18	-1.77094548161259e-17	1.19552715252228
0	0	0	0	3.88304075800817e-18	-1.76878714561203e-17	-0.832957087577502
0	0	0	0	2.01856785221764e-18	-1.8145991106006e-17	-2.50206296242134
0	0	0	0	1.94171335891533e-17	6.19719477411091e-18	8.15586403489512
0	0	0	0	1.05134008072376e-16	-6.52663814011816e-17	5.79567385070515
0	0	0	0	4.09328666181169e-18	1.64873869526382e-17	2.05606303732392
0	0	0	0	3.86721479735851e-18	-8.0671810494017e-18	-2.05416703769197
0	0	0	0	1.22252191547832e-17	1.42959594836017e-16	10.333662086725
0	0	0	0	2.22205698708807e-18	-1.26850060979805e-17	-6.47414692191845
0	0	0	0	3.1532815222918e-18	4.50258378409731e-17	-8.60694843146162
0	0	0	0	4.80942440356539e-18	1.78747000496771e-17	4.38100425479756
0	0	0	0	4.65906860884828e-18	-2.9799282026999e-18	-5.07229347591639
0.0666666666666667	0.111741174316406	0.0878047916930237	0.0878047916930237	0.0919380150655229	0.0919380150644555	9.77250659496249
0	0	0	0	1.04857746673567e-17	1.83186922228737e-17	8.04589999306592
0	0	0	0	5.03554034612801e-17	-2.0215709396913e-17	11.6716924641903
0	0	0	0	2.40689906371217e-18	-2.25185057377867e-17	-4.74190690813159
0	0	0	0	5.95914027219813e-18	8.50906259514577e-18	3.47658281806877
0	0	0	0	2.45079406266503e-18	1.45114314101552e-17	-1.50246687935762
0	0	0	0	1.85389807642144e-18	6.98994183214701e-19	-12.8053946841067
0	0	0	0	3.06205922273627e-18	5.3858226663057e-17	-0.0376774466284377
0	0	0	0	3.54458521525956e-18	4.40633144636071e-17	-1.91301774812234
0	0	0	0	3.91908032412128e-18	-7.86377579319342e-18	2.17013837879896
0	0	0	0	2.08426941823079e-18	-4.79929089718261e-18	-0.986831455402588
0	0	0	0	1.95285534142625e-18	2.40128209464173e-19	-3.24398493340276
0	0	0	0	2.52943137322158e-18	-2.57959053967032e-17	3.94050171873682
0	0	0	0	1.79013907197409e-17	2.24261084659442e-17	3.39246157363657
0	0	0	0	3.62353452581709e-18	3.6307308642896e-17	4.07954099438382
0	0	0	0	1.17407960721701e-17	-8.40556924669888e-18	3.75387285908081
0	0	0	0	2.59480441521571e-17	-1.17356867308543e-17	8.61211355565106
0	0	0	0	5.05550072325816e-18	-3.5528602504478e-17	3.13833927727811
0	0	0	0	5.6302787975062e-18	-3.69510288317323e-19	0.0750818153744336
0	0	0	0	1.92053733746815e-18	-1.40021691967599e-17	-9.73976524149703
0	0	0	0	2.28238639520611e-18	-2.05584808398724e-18	-0.758306942121338
0	0	0	0	3.80670164207946e-18	-4.46793722211544e-18	-8.24056569673447
0	0	0	0	2.17328848964778e-18	-9.49058578838384e-18	-6.16751392568024
0	0	0	0	4.14739654906775e-18	-9.10987402841886e-18	1.72627399223558
0	0	0	0	1.00772007255754e-17	3.17124233152747e-17	3.05063082891704
0	0	0	0	7.52648161265674e-18	-1.71704827697832e-17	-2.36279338568612
0	0	0	0	2.44721951068775e-18	-1.83413423068561e-17	-4.80994277366647
0	0	0	0	2.60582752567764e-18	1.21817956853064e-17	-0.528779995480207
0	0	0	0	4.64714177832796e-18	1.58880747064943e-17	0.521724547593001
0	0	0	0	2.27267011034027e-18	2.4911410209638e-18	-2.64117545815169
0	0	0	0	2.05008730790114e-18	-1.22437450486013e-18	-4.82732235282743
0	0	0	0	1.88321266780712e-18	-6.1658941663905e-18	-7.50834627732131
0	0	0	0	2.23384635465028e-18	-2.0658282481595e-18	-8.2201613407194
0	0	0	0	1.69715637061694e-17	-9.71015184551166e-17	9.13884071347332
0	0	0	0	2.75486112699795e-18	2.36343233663189e-17	-3.71967561766457
0	0	0	0	2.37621601985056e-18	-1.56353020125663e-17	-4.5640292414358
0	0	0	0	2.78570712020399e-18	-1.82309288431792e-17	1.33322840640928
0	0	0	0	2.47825550849588e-18	5.22383512561544e-17	-4.70890118046602
0	0	0	0	3.13901609695638e-18	1.23441909220699e-17	1.19103880582633
0	0	0	0	3.23113239715766e-18	-4.59018375706473e-18	-1.74088893051368
0	0	0	0	2.44253378520026e-18	-3.50861787435341e-17	-5.33754536485928
0	0	0	0	2.12913432605513e-17	-3.99742782130339e-17	7.49153009724507
0	0	0	0	1.79479017306114e-18	7.45331258599042e-17	-6.78071403724901
0	0	0	0	1.85524354835961e-18	-2.79286566817667e-17	-9.13896138570941
0	0	0	0	2.04312092189776e-18	7.81337679453876e-17	-3.90931821950224
0	0	0	0	6.6801359604495e-18	-1.2214370677487e-19	0.180335131158677
0	0	0	0	3.02171607340245e-18	-1.02858134766431e-16	-1.49671436798699
0.0866666666666667	0.106320397109985	0.107057723233713	0.107057723233713	0.0967100695170519	0.0967100695168987	5.26780612469978
0	0	0	0	2.35145985095719e-18	-6.7589619601319e-18	0.199444265817542
0	0	0	0	2.70383814459547e-18	1.66990049489248e-17	-0.248711805862634
0	0	0	0	7.44886058952098e-18	-1.01839339602284e-17	0.935078291396836
0	0	0	0	7.87420759224046e-18	-1.29791222797489e-17	-0.362728611933001
0	0	0	0	3.40377291158875e-18	1.83812510327185e-17	-4.01030758911462
0	0	0	0	2.43364083588125e-18	-5.33555783957721e-17	-5.07834017167529
0	0	0	0	7.31743440682532e-16	-3.50694444550205e-18	5.97768161408259
0	0	0	0	9.03937427762368e-18	-1.59532545593803e-16	6.1370938282924
0	0	0	0	1.80318506070146e-18	-9.52482842481814e-18	-10.4188337218898
0	0	0	0	2.03058192336996e-18	-1.03757935034529e-17	-5.72084613049041
0	0	0	0	1.8577367086867e-18	-2.08902767764004e-18	-9.10911361118091
0	0	0	0	5.49582261777627e-18	6.72711641362413e-18	-1.12005803428999
0	0	0	0	2.45820753930104e-17	-3.59518397741596e-17	6.91682570471823
0	0	0	0	2.17570942414023e-17	4.38105165709882e-17	6.44630942745103
0	0	0	0	2.26233223606347e-18	-3.83087699065475e-18	-0.482537614679498
0	0	0	0	3.24874746759596e-18	-8.51237651712223e-17	1.16218386517072
0	0	0	0	5.62062043437789e-18	-1.88846842142032e-17	-0.128818031155185
0	0	0	0	3.24960984890723e-18	5.73951926076518e-18	-1.02998955041236
0	0	0	0	2.99592110491709e-18	3.48215588930131e-17	-2.13558319317274
0	0	0	0	2.55609810993566e-18	-2.37608154095481e-17	-2.08532311364991
0	0	0	0	4.71912480088752e-18	-1.79922035938444e-17	2.61624598256971
0	0	0	0	2.77721661156401e-18	-2.18396665615612e-17	2.84700624724433
0	0	0	0	1.97054154066275e-18	-2.72915617993007e-17	-3.51648528991904
0	0	0	0	3.10918765686623e-18	-3.51414616973628e-17	-5.69989520135185
0	0	0	0	1.93022239367385e-18	1.23933188991589e-17	-10.0549357132686
0	0	0	0	4.75113909902195e-18	5.82279714754128e-17	-4.49294339980777
0	0	0	0	3.66457864851944e-18	-1.90655927390308e-18	3.04252709278116
0	0	0	0	3.966136291487e-18	-8.63689153893133e-18	0.42351861899865
0	0	0	0	3.42969091318696e-17	-5.57323626532643e-17	3.15118864293402
0	0	0	0	3.26254946249581e-18	1.3885925381427e-17	-0.0850708926937618
0	0	0	0	8.50718605345001e-18	-1.48538505840868e-17	3.92248614627899
0	0	0	0	1.96295707802746e-18	-9.64560498660047e-18	-5.41013874012876
0	0	0	0	2.21081603431992e-18	7.78691310308638e-18	-4.19045420631392
0	0	0	0	3.70662558843889e-18	1.39944140586663e-17	-1.23001861593951
0	0	0	0	1.24358169366778e-17	2.59598571259613e-17	9.67173881062586
0	0	0	0	1.67160979506739e-17	1.06547011022234e-17	4.37654488518409
0	0	0	0	3.44256483058493e-18	2.80423987023575e-17	-0.318409511540822
0	0	0	0	8.57454137057945e-18	-1.5388856986625e-17	-5.96746835415283
0	0	0	0	4.67655245993005e-18	-1.87714035560098e-17	4.21221630977583
0	0	0	0	3.68933713687118e-18	2.84567466918452e-17	-7.89847296837516
0	0	0	0	4.15752859646977e-18	-2.26356362787978e-17	3.6870329527419
0	0	0	0	2.46385982688711e-18	1.83249685684182e-17	-0.859356112805667
0	0	0	0	2.5453089517524e-18	-2.30159885476883e-17	-2.69025389996281
0	0	0	0	2.06468671354002e-18	9.25502067954482e-18	-8.53140780961972
0	0	0	0	3.5908338508567e-18	-4.06903605533688e-18	0.853042597364764
0	0	0	0	2.35869583739174e-18	-1.36597333715597e-17	-1.87920826383728
0	0	0	0	6.49204149247648e-18	3.86829574611406e-17	6.6092832774342
0	0	0	0	5.41811443016994e-18	8.35594348544498e-17	4.9342699588763
0	0	0	0	3.45298233272371e-18	1.07828782427262e-17	-2.81556322830879
0	0	0	0	3.57018417847835e-18	-8.00351043903324e-18	3.03460037047472
0	0	0	0	1.88299239369853e-18	-4.60480071582225e-18	-6.61780606820335
0	0	0	0	3.54316997570159e-18	9.01132675296081e-18	-0.923375817475967
0	0	0	0	1.50590027006582e-17	-1.98347178185382e-17	7.19848696232815
0	0	0	0	2.08888738880871e-18	-8.3991512947358e-18	-3.53210079186244
0	0	0	0	2.14762546123958e-18	-2.67575956668828e-17	-8.93593388628659
0	0	0	0	1.78647837689565e-18	7.60607533135518e-18	-5.07440855982825
0	0	0	0	6.71269824322905e-18	-2.59421570949308e-17	8.67932887543344
0	0	0	0	4.18681935688985e-17	-4.70252235235858e-17	10.9657895305507
0	0	0	0	3.97902095091606e-18	1.01060146350288e-17	-0.558325476987174
0	0	0	0	3.55137063916306e-18	-1.66909883716016e-17	-1.54250175302241
0	0	0	0	7.27735098404971e-18	-1.8254648844543e-17	1.34280769505856
0	0	0	0	4.10773613973758e-18	-2.14463975615004e-17	-1.7427768835731
0	0	0	0	8.50293804356779e-18	-1.89770312701187e-17	13.7481113905353
0	0	0	0	1.4035023463302e-17	-5.61510624214476e-17	6.35096970349353
0	0	0	0	6.4338526608393e-18	-7.50166165599936e-18	1.51488103439022
0	0	0	0	3.5337667650952e-18	-9.45701991479735e-18	0.889344542628099
0	0	0	0	4.30684264954602e-18	1.33950998564794e-17	2.16940788820655
0	0	0	0	1.24648056692609e-17	1.08807643464361e-16	4.77949526321768
0	0	0	0	8.82801415607831e-18	-4.76767800429132e-17	-2.202175239112
0	0	0	0	0.0226725044268997	0.0226725044275941	4.58302690114979
0	0	0	0	4.93477890975716e-18	2.88899687511771e-17	0.500585317744957
0	0	0	0	2.43433545982349e-18	1.93492765574086e-17	-7.49094520192167
0	0	0	0	3.23647047378295e-18	5.16047883423675e-18	-1.23172577647039
0	0	0	0	5.49328378081466e-18	-5.50986352731146e-17	2.8387023613702
0	0	0	0	2.48707590403434e-18	-2.10619851506685e-17	0.194956215269259
0	0	0	0	2.71474954933938e-18	4.60906636727133e-17	-2.85879450293592
0	0	0	0	3.31587971692381e-18	8.3053342252857e-18	-6.99418971044241
0	0	0	0	7.03145253536811e-18	-3.09294041661513e-18	1.01042980594905
0	0	0	0	3.5675734466082e-18	-3.25477536593278e-18	1.99914756967179
0	0	0	0	3.5556846405707e-18	2.11029157528444e-17	0.29109891258092
0	0	0	0	4.98250034428519e-17	-3.69964410189089e-17	3.70923369653184
0	0	0	0	4.45497455150596e-18	-1.39643710083638e-18	4.1587774683377
0	0	0	0	7.32233485384093e-18	2.60837195061593e-17	4.07692230496917
0.04	0.069029296875	0.0628364291553512	0.0628364291553514	0.0504023854290647	0.0504023854289883	15.9668292350264
0	0	0	0	1.07707586829642e-17	-3.73289311256603e-17	9.02214541382168
0	0	0	0	4.13438227737491e-18	-2.49965712532539e-18	0.408227216683109
0	0	0	0	2.10618853091646e-18	-5.22171219234776e-17	-4.70922862055602
0	0	0	0	4.46549103825938e-18	-2.2164353316236e-17	-0.575718907456706
0	0	0	0	2.02629938153124e-18	-1.20548905372363e-17	-2.70206224889065
0	0	0	0	1.89478901996736e-18	-6.01834060477449e-17	-0.728604182963897
0	0	0	0	2.26727875954058e-17	-4.73913215725788e-17	7.33197955332804
0	0	0	0	1.07798054406572e-17	-1.08937446668043e-17	14.8002461150371
0	0	0	0	7.51233744438341e-17	6.76315003728998e-18	7.15818060749995
0	0	0	0	1.93444782737045e-18	3.50879449925651e-17	-11.0738484388561
0	0	0	0	4.55577556370329e-18	3.74548199998271e-17	-3.23853685818786
0	0	0	0	1.27897631115068e-17	1.81075281467343e-17	8.74517038103569
0	0	0	0	1.07545489046405e-17	1.72727331073247e-17	5.99978315877217
0	0	0	0	2.34826940897372e-18	2.81097663320728e-17	-4.91256493840753
0	0	0	0	2.18619618171415e-18	-1.64974251332501e-17	-10.0758373890871
0	0	0	0	1.5733446586142e-17	9.96546572878308e-17	6.80357549135522
0	0	0	0	3.43356833707062e-18	-1.94814493780213e-18	-3.39594123965467
0	0	0	0	2.27694818059242e-18	-1.65267203284565e-17	2.22721189436908
0	0	0	0	4.1495413033912e-17	-5.586791569775e-17	7.89772369875043
0	0	0	0	3.97181767453661e-17	-2.37228717296829e-17	8.18565078036066
0	0	0	0	4.18780506614713e-18	1.61848778359574e-17	-1.2548799034699
0	0	0	0	3.81078521793166e-17	-1.85899057363207e-17	5.82589774392798
0	0	0	0	2.72948078701902e-18	-1.06161709661148e-17	-4.48773880956364
0	0	0	0	1.88816081299192e-18	1.47151837711208e-17	-6.88331431014449
0	0	0	0	5.20593119422534e-18	-5.25872706241838e-17	-0.216617885727357
0	0	0	0	1.03173553347582e-17	4.0058434265944e-17	-0.598463141661628
0	0	0	0	2.36147546773601e-18	1.41016383321196e-18	-6.97014275241074
0	0	0	0	2.13198112184874e-18	-3.99847051397067e-18	-4.60807722201795
0	0	0	0	2.31730972357689e-18	7.82205795248045e-18	-9.43558098428813
0	0	0	0	3.50168840603614e-18	2.25727049411539e-17	-4.47880942712977
0	0	0	0	2.46396987667477e-18	-1.92387912798202e-17	1.7254088099831
0	0	0	0	3.70025270776654e-18	-1.00241495874326e-17	2.71825890145132
0	0	0	0	2.98256471186178e-18	-7.10898594955988e-18	-0.747803014861459
0	0	0	0	2.31737061001357e-18	2.2309827480571e-17	-2.9293674143958
0.2	0.215688550990054	0.210525446756776	0.210525446756776	0.219676563436621	0.219676563434507	5.1652389965053
0	0	0	0	7.60860478753922e-18	-7.64608784604958e-17	15.0765283916132
0	0	0	0	1.7538460745408e-18	-1.88238740072467e-17	-6.88697324959403
0	0	0	0	2.52256601836739e-18	-6.49493340958083e-18	-3.39034601305553
0	0	0	0	4.0733557966884e-18	-4.84624501132754e-17	1.04857772250984
0	0	0	0	1.09670068741781e-17	-3.80016227046836e-19	5.55415304818574
0	0	0	0	2.69059164101479e-18	-5.55930652388099e-17	-8.58674361578182
0	0	0	0	1.0248084083648e-17	-1.00690974991931e-17	6.71082742161648
0	0	0	0	3.45452691957228e-18	3.90142297429077e-17	2.81373762608697
0	0	0	0	5.28010140522248e-16	1.93460739713076e-18	8.50998105719527
0	0	0	0	2.08050307658189e-18	4.31061495637094e-17	-8.11695107576351
0	0	0	0	2.97128072733453e-18	-1.39130187758464e-17	-2.28900597569637
0	0	0	0	3.26650178440547e-18	4.07601706151027e-17	0.308623603828617
0	0	0	0	1.81736958846671e-18	3.66927253733535e-18	-5.21600167409444
0	0	0	0	1.89535280860011e-18	-2.02994988958893e-17	-6.20722559619649
0	0	0	0	2.49399966085739e-18	1.1412029306236e-16	-5.04051840067098
0	0	0	0	6.83869262672172e-18	-3.09641628658993e-16	-0.704166293704355
0	0	0	0	2.37840272109575e-18	2.62971051343577e-17	-7.20683223798029
0	0	0	0	2.66017976904951e-17	1.63392222018549e-17	6.06866486235046
0	0	0	0	2.79785515827667e-18	-5.06662243035658e-17	3.48378699535288
0	0	0	0	4.41182198379932e-18	4.54183312832777e-17	2.87494065487474
0	0	0	0	3.78407718924438e-18	-1.28173862316738e-17	-1.31093222483963
0	0	0	0	3.87138060886051e-18	2.16491122457226e-17	-0.729148841777769
0	0	0	0	6.79815013410898e-18	-6.76350557071967e-18	4.43840057231628
0	0	0	0	3.1421765798658e-18	5.19527362573169e-17	-1.67667597773383
0	0	0	0	2.28018354734655e-18	5.40377862496227e-17	-3.31734822228442
0	0	0	0	1.84534020622626e-18	3.33594481710305e-18	-1.45539314931431
0	0	0	0	1.81199765429008e-18	-2.31055380189842e-17	-8.53593393984672
0	0	0	0	2.45867982171461e-18	-4.68609668251242e-17	0.984244328824328
0	0	0	0	5.188867839599e-18	5.06873514069102e-17	-0.709672687923524
0	0	0	0	2.73909384949191e-18	-1.03267027507647e-17	0.895597483642697
0	0	0	0	3.79719313496705e-18	-6.90673180622336e-17	-5.67909920485294
0	0	0	0	2.83729776519133e-18	-2.53375505470154e-17	-4.65145867182843
0	0	0	0	1.74107664352397e-18	8.1574632806988e-18	-3.79367903473172
0	0	0	0	2.970697623972e-18	-7.37068967685852e-18	-4.7819885433474
0	0	0	0	2.83032967593444e-18	-3.28761700806686e-17	-3.01145396837656
0	0	0	0	4.2989731474612e-18	-6.60295915332234e-18	1.04561985494659
0	0	0	0	2.200957885187e-18	1.5449876035005e-17	-8.21094080834478
0	0	0	0	2.64066681276964e-18	-3.69307152208168e-18	-1.51997791230636
0	0	0	0	6.93450030542613e-18	-4.9651549405505e-17	1.88699013884419
0	0	0	0	4.28080959879279e-18	2.93030352315227e-17	-1.61685583303384
0	0	0	0	5.40199807239604e-18	-3.6325250328317e-18	4.40852643470944
0	0	0	0	2.25887066323159e-18	5.33386066891035e-18	-7.82136244074043
0	0	0	0	2.32564006350395e-18	2.27775146221237e-17	-4.4648364536758
0	0	0	0	2.01620936953319e-18	-5.94454331297386e-17	-9.74912890320157
0	0	0	0	2.70991095475474e-17	1.60309903269469e-17	-0.59054342885376
0	0	0	0	2.96765451940781e-18	2.29243494463065e-17	-4.46386108036007
0	0	0	0	2.49414398108406e-17	1.89742343200848e-17	9.88393229748306
0	0	0	0	2.39808386701049e-18	-1.58321988505159e-17	-0.938066347054597
0	0	0	0	2.18741144855089e-17	-1.79239608551379e-17	10.0550930506055
0	0	0	0	1.87523379823997e-18	3.55678839505306e-17	-9.01813438788196
0	0	0	0	5.79105434598363e-17	-6.41032194505912e-17	14.0781423353417
0	0	0	0	1.45412294576199e-17	1.76278893585487e-17	4.60394681158625
0	0	0	0	2.13205289952883e-18	-3.43588572686418e-17	1.43777565523447
0	0	0	0	6.65582958987092e-18	1.48409927429147e-17	-2.22918692042483
0	0	0	0	9.63838648910632e-18	-1.32665388230893e-16	0.821742481881816
0	0	0	0	1.95879459277917e-18	-6.27765240915167e-18	-8.795650300683
0	0	0	0	7.13014152822393e-18	-1.35143352100122e-17	-1.72002022692835
0	0	0	0	2.49560106094455e-18	3.08007896977779e-17	0.32593228514255
0	0	0	0	4.61523312710662e-18	-2.60864175157218e-17	2.82672489584542
0	0	0	0	1.98255480667004e-18	-1.96175009397039e-17	-6.3868797325356
0	0	0	0	5.53934532812482e-18	8.19652840647089e-17	7.64907418877798
0	0	0	0	2.31124679253979e-18	-1.63520734504737e-17	-10.2278432990662
0	0	0	0	2.44285116794229e-18	-4.03288520329972e-17	-5.83823895866436
0	0	0	0	4.11898337843688e-18	1.41048467561653e-17	-1.98195017176297
0	0	0	0	6.79732229032258e-18	9.87925772215502e-18	3.45136686613389
0	0	0	0	1.773990490263e-18	1.05986980190904e-17	-8.72250218754753
0	0	0	0	3.8906577598879e-18	3.9627663693802e-17	-2.17805303963502
0	0	0	0	3.21045301350337e-18	-1.70991130236461e-17	3.42625072196164
0	0	0	0	5.45238266576681e-18	4.07681165672266e-17	-2.34145264539122
0	0	0	0	3.11044674136269e-18	-1.02639972130372e-17	-6.43817824287947
0	0	0	0	2.27063734286278e-18	-9.24036739695913e-18	-4.99590898907873
0	0	0	0	4.84543484262717e-18	2.24572101932947e-17	5.71635956745203
0.0733333333333333	0	0.025898570530578	0.0258985705305782	0.0227686179819447	0.0227686179807059	9.86706399893514
0	0	0	0	3.28041873832805e-18	-7.5378001676702e-18	-0.669968436451028
0	0	0	0	2.26854422061396e-18	6.03713982746303e-18	-8.7686997608402
0	0	0	0	2.23425567770314e-17	1.34154612693743e-17	4.2487454733077
0	0	0	0	2.20660467221878e-18	2.05814713881377e-17	-9.97083828286276
0	0	0	0	1.71346228209534e-17	1.27643981203611e-16	6.11099344123664
0	0	0	0	3.40866991365895e-17	3.05755936409718e-17	6.87205347641352
0	0	0	0	1.92328654665545e-17	3.31426731323113e-18	5.57147176443542
0	0	0	0	1.41229106484367e-16	-4.04306618220949e-18	1.98865594881176
0	0	0	0	3.62583921159985e-18	3.52812484505335e-17	-4.45836493212339
0	0	0	0	2.97825062807352e-18	8.57183762702662e-18	-4.1275709753047
0	0	0	0	3.41526935596239e-15	-8.93548164241236e-19	6.98788183557801
0.17	0.155851112000048	0.160466435373789	0.160466435373789	0.166465352166108	0.166465352178472	5.64009197827793
0	0	0	0	1.31942311065032e-17	-4.58933496614751e-17	3.2068412096908
0	0	0	0	3.17553960325079e-18	-8.28535060024182e-17	-5.43642186692824
0	0	0	0	2.60813785733855e-18	2.19610172904683e-17	-1.3844717183435
0	0	0	0	6.9980515372149e-18	4.14656389778937e-17	5.78349895241712
0	0	0	0	1.93058215816975e-18	4.44308902484494e-19	-8.5849215097211
0	0	0	0	6.45171246536017e-17	-9.82134830827807e-18	9.92734815824191
0	0	0	0	4.8132390689735e-18	-3.85049947206781e-17	4.39410993460533
0	0	0	0	6.58200097035929e-18	-3.09232458167666e-18	-1.33616637944063
0	0	0	0	5.12014073371657e-18	-3.28946373458969e-17	3.45149511575344
0	0	0	0	6.97922633356284e-18	-5.46014003417126e-18	2.23198279892823
0	0	0	0	1.99726695798321e-18	-7.11223118843268e-18	-5.12772134094691
0	0	0	0	1.12811909681106e-17	-5.83809539910387e-19	6.04437564230714
0	0	0	0	2.4003149138825e-18	2.79707602194597e-17	-3.99100305523793
0	0	0	0	3.24781317936456e-18	1.18917857920426e-17	-0.98104716290563
0	0	0	0	2.80480994145274e-17	-1.84504439581672e-17	6.94857851926079
0	0	0	0	5.03276849461926e-18	1.66899673797305e-17	5.21942137661167
0	0	0	0	2.74600477739316e-18	-4.47217519044782e-17	-3.24174815884669
0	0	0	0	2.2693500332453e-18	3.25693657181985e-17	-0.441825425674085
0	0	0	0	2.88430826353033e-18	-5.44712940927205e-17	-3.62452692965924
0	0	0	0	1.68960468443524e-17	6.04590749296479e-17	6.69520612620889
0	0	0	0	2.52043648324294e-18	3.11575002919612e-17	-11.047819038099
0	0	0	0	8.66318413628564e-18	6.29532093877802e-18	4.57458584467505
0	0	0	0	2.05328584684234e-18	6.10358952796636e-17	-9.89406649227316
0	0	0	0	5.19811374640369e-18	7.50793022696152e-18	-0.997159553116418
0	0	0	0	3.34853396172929e-18	-4.78928236241194e-18	1.99138849223732
0	0	0	0	2.25858110340607e-18	-1.68994923075604e-17	-2.37959825974567
0	0	0	0	6.1032418931258e-18	9.76104056445227e-17	0.616635092405575
0	0	0	0	3.67282655152947e-18	7.63625863681951e-17	1.49580517035398
0	0	0	0	6.47309868266716e-18	1.56296526992988e-17	1.22177721181517
0	0	0	0	2.82112434312336e-18	-1.62273112513372e-17	-1.09817404459802
0	0	0	0	7.00595501977379e-18	3.88407777264472e-17	6.67307771061294
0	0	0	0	3.08021254419031e-18	5.77526941295758e-17	-6.92958611774865
0	0	0	0	3.83390187755057e-18	6.36886395735097e-17	2.3800371938523
0	0	0	0	3.26552730617936e-18	3.63752677045051e-17	-6.3558738059617
0	0	0	0	4.18600223130093e-18	-9.19826536758157e-17	5.71019580806541
0	0	0	0	2.33384464713991e-18	1.01549186162299e-17	-2.91836488665101
0	0	0	0	6.88726319556667e-18	-1.29388169900979e-17	-0.818835802756058
0	0	0	0	2.40853143523299e-18	3.22959880434614e-17	-6.02215666753478
0	0	0	0	3.50431507746281e-18	-6.13053130008079e-18	-4.6932919878476
0	0	0	0	5.48840245383615e-18	-1.27486551121715e-17	-2.19409549176993
0	0	0	0	1.56894899456133e-17	-3.51548252651544e-17	3.84985311399932
0	0	0	0	3.53082585887505e-18	-6.66864929270532e-17	-3.50755947319358
0	0	0	0	1.94883298335751e-18	1.24025811471509e-16	-10.4530784708233
0	0	0	0	2.30682017227326e-18	-2.20637331138602e-16	-9.61892047261744
0	0	0	0	2.71788961925851e-18	1.80984046660771e-17	-4.62944034150906
0.15	0.111741174316406	0.121021875076858	0.121021875076858	0.126668720557711	0.126668720571338	10.6424931716197
0	0	0	0	2.01410146332671e-18	3.96758204856201e-17	-5.32281303419753
0	0	0	0	1.84320093257969e-18	-2.48128605803072e-18	-7.78648213632293
0	0	0	0	2.89077369215222e-18	-1.09406871409703e-16	-0.762672367996942
0	0	0	0	8.24704733869318e-18	6.83081434142625e-17	3.16659542827094
0	0	0	0	4.58546432761847e-17	-1.20201580252767e-17	7.24005858544857
0	0	0	0	6.61224587969277e-18	-1.94547396237872e-17	4.04689520377708
0	0	0	0	4.78397185251725e-18	-3.92648216587285e-17	11.4467132011678
0.213333333333333	0.274499963609974	0.264291439158164	0.264291439158164	0.261827395100131	0.261827395117455	10.299373489896
0	0	0	0	3.27907566674619e-18	9.63784851092597e-17	4.00848344215075
0	0	0	0	2.42099114766609e-18	-2.93955689258373e-17	-2.70834355045818
0	0	0	0	1.39556070829867e-16	-1.19816520138642e-18	5.81258886909279
0	0	0	0	2.69997638681987e-18	-1.22059919791847e-17	-2.98726977390132
