FW_Default	FW_LBM	FW_QBM	FW_NM	Direct	interior-point-convex	active-set
0	1.76229572748698e-05	0.00140929784785356	0.00140929784785361	3.64158617567167e-15	7.3682609913444e-18	NaN
0	1.76229572748698e-05	0.00140929784785356	0.00140929784785361	1.42933610450227e-15	-4.11342997147438e-18	NaN
0	1.76229572748698e-05	0.00140929784785356	0.00140929784785361	8.47335449409971e-16	-2.94431875009742e-17	NaN
0	1.76229572748698e-05	0.00140929784785356	0.00140929784785361	1.30263769877629e-15	2.45622796258548e-18	NaN
0	0	0	0	1.51893890492753e-15	-1.04201985144552e-16	NaN
0	0	0	0	7.56394841397042e-16	1.62782548175039e-16	NaN
0	0	0	0	1.01267217727279e-15	-8.79033424387108e-16	NaN
0.0984924166742349	0.0981527093203251	0.0972712419001413	0.0972712419001413	0.0964846237992791	-2.34975367129903e-16	NaN
0	0	0	0	2.29424545011447e-15	3.30081380357439e-16	NaN
0	0	0	0	1.26677377406089e-15	8.68126449976366e-16	NaN
0	1.76229572748698e-05	0.00140929784785356	0.00140929784785361	2.11314116412197e-15	1.23557807359905e-16	NaN
0	0	0	0	4.39195090118309e-15	-1.80225088214076e-15	NaN
0	0	0	0	9.76189643411759e-16	-8.48816623345977e-17	NaN
0	0	0	0	1.45670318747904e-15	1.47382729723332e-18	NaN
0	0	0	0	3.55172359318449e-15	1.13182782262839e-19	NaN
0	0	0	0	3.55579910815823e-15	-1.26739196445898e-18	NaN
0.0460902733630006	0.0506773791336245	0.046633396235059	0.046633396235059	0.0459031987282316	3.08533227091919e-17	NaN
0	0	0	0	1.11420861822763e-15	2.17935741663108e-31	NaN
0	0	0	0	1.69513740284819e-15	-3.0332668035762e-21	NaN
0	1.76229572748698e-05	0.00140929784785356	0.00140929784785361	3.250266858875e-15	3.88465031318754e-16	NaN
0	0	0	0	2.48290591147325e-15	-1.8321561720497e-19	NaN
0	0	0	0	7.30326892850097e-15	1.75188666374499e-20	NaN
0	0	0	0	7.19690167784281e-15	-6.99099908532176e-20	NaN
0	0	0	0	1.00430337748332e-15	8.8914016100021e-17	NaN
0	0	0	0	3.00272608265282e-15	1.22269187678019e-20	NaN
0	0	0	0	4.49923966259893e-15	2.2859891669402e-20	NaN
0	0	0	0	3.43546539669189e-15	1.3387548957105e-19	NaN
0	0	0	0	7.59768055268581e-15	1.78795756551412e-18	NaN
0.778706142342506	0.780731967877782	0.77916776206452	0.77916776206452	0.779656615377664	0.790218042143757	NaN
0	0	0	0	8.54454711345235e-16	1.70951873403552e-18	NaN
0.116701480337844	0.113075172780553	0.11354828307909	0.113548283079091	0.114509919519074	0.110523859171347	NaN
0	0	0	0	6.65589289446605e-15	2.97262165974928e-19	NaN
0	0	0	0	7.6021811977636e-16	-1.3092154625297e-18	NaN
0	0	0	0	1.97619979854083e-14	-7.68488535102445e-18	NaN
0	0	0	0	1.55031020204832e-15	-9.72678181045337e-20	NaN
0	0	0	0	1.71430896538839e-15	-3.29694978463996e-19	NaN
0	0	0	0	1.14491035913318e-15	5.01207945441822e-18	NaN
0	0	0	0	6.33495883404903e-15	9.48069250816653e-18	NaN
0	0	0	0	6.04942940665096e-15	-4.6530439368469e-18	NaN
0	0	0	0	2.56506643557053e-15	-2.29115015511303e-18	NaN
0	0	0	0	9.24541263509901e-16	-1.39354240899807e-18	NaN
0	0	0	0	7.96601849590757e-16	3.80447443749806e-19	NaN
0	0	0	0	2.03868422951233e-15	1.42241892152483e-18	NaN
0	0	0	0	1.72275470233013e-15	7.10277272896013e-19	NaN
0	0	0	0	7.98280366167349e-16	6.3187394193659e-19	NaN
0	0	0	0	4.05142976226233e-15	4.35289544591121e-18	NaN
0	0	0	0	1.08992451396672e-15	-4.65945284590827e-19	NaN
0.0850664487028124	0.0852115379083929	0.0858238474476311	0.0858238474476312	0.0867336752545268	-1.02137855595011e-18	NaN
0	0	0	0	7.4610932574852e-16	2.84429296300668e-19	NaN
0	0	0	0	3.64904478277344e-15	3.3201758117423e-18	NaN
0	0	0	0	2.5942657388866e-15	1.70202340215933e-18	NaN
0	0	0	0	1.5533426427894e-15	-1.79441368862182e-18	NaN
0	0	0	0	1.37150517189671e-15	-3.63657298176701e-18	NaN
0	0	0	0	1.47655331461967e-14	3.91412125352124e-18	NaN
0	0	0	0	1.7390764329247e-15	2.47737496976442e-18	NaN
0.111267520358429	0.113322899322671	0.113865609992338	0.113865609992338	0.114327053190497	-4.7772708705777e-19	NaN
0	1.76229572748698e-05	0.00140929784785356	0.00140929784785361	1.15706014231982e-15	-5.41498781783088e-17	NaN
0	0	0	0	9.1270919783334e-16	-1.93084010247433e-17	NaN
0	0	0	0	1.70601812091896e-15	3.39085901783358e-18	NaN
0	0	0	0	7.05782657021977e-16	-1.19295288178262e-16	NaN
0	0	0	0	1.79623349397473e-15	2.4308875548545e-17	NaN
0	0	0	0	9.59105979934993e-16	-2.25099871048577e-17	NaN
0	0	0	0	1.03590994036404e-15	9.07069567789041e-18	NaN
0	1.76229572748698e-05	0.00140929784785356	0.00140929784785361	1.13319898883687e-14	8.05444261787581e-18	NaN
0	0	0	0	9.87372995766545e-16	-2.73052848771556e-16	NaN
0	0	0	0	7.06430922557427e-16	1.85473036968702e-16	NaN
0	0	0	0	9.66021779383035e-15	-9.07822368635936e-18	NaN
0	0	0	0	7.78205909099913e-16	1.34227148699239e-17	NaN
0	0	0	0	8.21214669212185e-16	-1.76132323252329e-18	NaN
0	0	0	0	8.62381210523732e-16	-4.60992651061055e-18	NaN
0	0	0	0	7.96877554345706e-15	1.92006792001939e-18	NaN
0.034374716192898	0.0362171916585128	0.0342955958948688	0.0342955958948689	0.0332402863372435	3.60015003487027e-18	NaN
0	0	0	0	7.87334868604233e-16	-1.45302595591431e-17	NaN
0	0	0	0	8.34923272796234e-16	6.01342015342511e-19	NaN
0.773499228044683	0.769851173614029	0.772715235828333	0.772715235828333	0.7735885225955	0.784654758904948	NaN
0	0	0	0	1.06848016351651e-15	-2.02004596793954e-18	NaN
0	0	0	0	9.71044660422332e-16	-1.98334308706542e-17	NaN
0	0	0	0	2.03901052332626e-14	3.52688148495644e-17	NaN
0	0	0	0	1.9527208983224e-15	2.2924800614569e-18	NaN
0	0	0	0	8.65997192513673e-16	8.18082391380315e-20	NaN
0	0	0	0	1.21177503794488e-15	-4.01876464934711e-18	NaN
0	0	0	0	7.70892114298133e-16	2.21221390529868e-18	NaN
0	0	0	0	1.05015084228645e-15	8.45745244086284e-19	NaN
0	0	0	0	3.12692609162286e-15	1.2323037447122e-18	NaN
0	0	0	0	1.243454740255e-15	-1.2481777891962e-18	NaN
0.148381921109194	0.149692745687224	0.14931498107094	0.14931498107094	0.150968530190688	0.191158298513961	NaN
0	1.76229572748698e-05	0.00140929784785356	0.00140929784785361	1.17759444825661e-15	1.45579196962289e-16	NaN
0	0	0	0	1.53665420747073e-15	-1.40013111621202e-17	NaN
0	0	0	0	2.88219820098243e-15	-9.23226090164772e-19	NaN
0	0	0	0	1.08727292112038e-15	-7.29514733118262e-17	NaN
0	0	0	0	3.79003263348721e-15	1.36599221706675e-19	NaN
0	0	0	0	1.33689805894937e-15	-5.80309257455681e-19	NaN
0	0	0	0	6.82680683485429e-16	1.49515481718355e-19	NaN
0	0	0	0	1.1370608674419e-15	-7.77553166244978e-19	NaN
0	0	0	0	3.08415793202709e-15	-5.61997647482237e-18	NaN
0	0	0	0	3.37753406432358e-15	-1.51476180518818e-17	NaN
0	0	0	0	7.58981127023394e-16	8.94466100718692e-19	NaN
0	0	0	0	8.64821314341164e-16	-3.00167180849782e-19	NaN
0	0	0	0	7.74208795159989e-16	2.93178567189749e-18	NaN
0	0	0	0	9.31482834828594e-16	5.87177384422308e-18	NaN
0	0	0	0	1.38763355091634e-15	2.59554748225131e-18	NaN
0.00251263887627524	0.00109539642749375	0.00248340921707892	0.00248340921707899	0.000778693386415535	4.87891860902503e-18	NaN
0	0	0	0	1.04060124103781e-15	1.53950726905355e-17	NaN
0.0326794417703509	0.03166609929423	0.0310813339571276	0.0310813339571278	0.0317514169244559	-3.23617749943491e-18	NaN
0	0	0	0	9.09086974495074e-16	-1.86389761448205e-17	NaN
0	0	0	0	1.04464157089577e-15	-1.43120094282675e-18	NaN
0	0	0	0	9.26162636455748e-16	4.68538195878932e-18	NaN
0	0	0	0	1.13723839703573e-15	-7.47643177740948e-18	NaN
0	0	0	0	1.50755199727655e-15	-2.40603906049909e-18	NaN
0	0	0	0	8.41163953121823e-16	-4.01851417143279e-19	NaN
0	0	0	0	2.01258328495297e-15	2.44349885278806e-15	NaN
0	0	0	0	1.05228200792416e-15	3.67640808473032e-17	NaN
0	0	0	0	4.76531257483169e-14	1.4432786606685e-18	NaN
0	0	0	0	7.80166074925341e-16	-8.65235879473108e-18	NaN
0	0	0	0	1.94505234292241e-15	9.56995896520941e-18	NaN
0	0	0	0	1.06115008264141e-15	6.08647430249674e-18	NaN
0	0	0	0	8.63383572057321e-16	3.20420586200939e-17	NaN
0	0	0	0	9.07742815501604e-16	2.53544478761705e-17	NaN
0.0281385281385281	0.0265547838619011	0.0297798007268773	0.0297798007268773	0.0294177867954556	-1.15541366454488e-16	NaN
0.0860503133230406	0.0878138107170344	0.0823044399931541	0.0823044399931542	0.0831230362353682	1.80223582223766e-17	NaN
0	0	0	0	7.39445792764019e-16	-1.65712243020855e-18	NaN
0	0	0	0	7.8139906473669e-16	-7.74927892492081e-18	NaN
0.0618321072866527	0.061221132416837	0.0595449495222404	0.0595449495222401	0.0590558256110561	-1.92033164352902e-18	NaN
0	0	0	0	3.98974494298707e-15	1.04601355731981e-17	NaN
0.0201313837677474	0.02065054330931	0.0203808314592544	0.0203808314592545	0.0213875482827424	5.40799527413309e-17	NaN
0	0	0	0	8.41511427839064e-16	1.37720041891754e-17	NaN
0	0	0	0	1.62540650467263e-15	2.60606180593662e-17	NaN
0	0	0	0	2.27488326454727e-15	4.99077561212277e-17	NaN
0	0	0	0	1.81522159654953e-15	3.32902438647175e-18	NaN
0	0	0	0	7.72955232750476e-16	4.56848120200506e-17	NaN
0.112417885145158	0.114294497825089	0.114224338361809	0.114224338361809	0.115344756683486	0.126196178469174	NaN
0	0	0	0	7.20825669634255e-15	-3.1379972444328e-17	NaN
0	0	0	0	8.9404493124525e-16	9.7850611425897e-18	NaN
0	0	0	0	3.79421881367171e-15	1.87662653447881e-17	NaN
0	0	0	0	8.22373574511471e-16	3.23467772837827e-17	NaN
0	0	0	0	8.13689759276816e-16	4.14441379689342e-18	NaN
0	0	0	0	9.94584258178832e-16	-8.04409362305137e-18	NaN
0	0	0	0	9.22695873054546e-16	1.7026593200258e-17	NaN
0	0	0	0	8.79905899079037e-16	-4.96408474562088e-17	NaN
0	0	0	0	2.72772645092964e-14	-3.69418262795788e-17	NaN
0	0	0	0	1.35186138146361e-15	-1.46269250590288e-18	NaN
0	0	0	0	8.18493801802947e-16	1.07487297898704e-17	NaN
0	0	0	0	1.26003781309985e-14	-7.47133376885127e-17	NaN
0	0	0	0	7.77515695849254e-15	3.4786103241018e-17	NaN
0	0	0	0	9.17740760075747e-16	-2.94861065547058e-17	NaN
0	0	0	0	1.01081320518978e-15	3.1653005835004e-17	NaN
0	0	0	0	2.37482553573914e-15	-7.18849150610493e-18	NaN
0	0	0	0	2.1534889124758e-15	1.306632353579e-17	NaN
0	0	0	0	1.12358949735512e-14	-1.93583935308254e-17	NaN
0	0	0	0	7.95939315851727e-16	-2.0476590042831e-17	NaN
0	0	0	0	6.55297140565246e-15	-2.85022433100513e-18	NaN
0	0	0	0	2.16499500595308e-15	-7.13549529546955e-18	NaN
0	0	0	0	7.90470072624752e-16	8.86622380814817e-18	NaN
0	0	0	0	3.14736176944322e-15	-4.71923133335359e-17	NaN
0	0	0	0	8.41449980761107e-16	-9.29311361714753e-17	NaN
0	0	0	0	2.12736403356959e-15	1.24210425642489e-18	NaN
0	0	0	0	4.80524453218723e-15	-1.28707586981772e-17	NaN
0	0	0	0	3.24216328021517e-15	5.7296561255105e-17	NaN
0	0	0	0	3.8106108769541e-15	-9.83405320275319e-19	NaN
0	0	0	0	1.2751244558237e-15	4.74247252848101e-17	NaN
0	0	0	0	1.20098039942667e-15	-2.19708601213465e-17	NaN
0.0956316410861865	0.0921664851683816	0.0920523145593511	0.0920523145593511	0.0924563962780644	-3.2629211723479e-16	NaN
0	0	0	0	7.39011001562173e-16	-3.39453602660613e-16	NaN
0	0	0	0	2.91784637722181e-15	1.90077449526735e-17	NaN
0	0	0	0	2.88261498207073e-15	1.51641809132244e-17	NaN
0	0	0	0	2.63848037019186e-15	3.01425738454225e-17	NaN
0	0	0	0	4.27993783343395e-15	7.19072437121807e-18	NaN
0	0	0	0	7.70297402026061e-16	-2.50374613774147e-18	NaN
0	0	0	0	1.35174783116822e-15	4.43719852502222e-19	NaN
0	0	0	0	9.21986956710682e-16	2.00585033185318e-17	NaN
0	0	0	0	7.14360646664279e-16	3.72142241301811e-17	NaN
0	0	0	0	2.98134000520439e-15	1.9267841287135e-17	NaN
0	0	0	0	1.60180353356566e-15	5.42726794493267e-17	NaN
0	0	0	0	1.55661689288791e-15	-7.46924288830521e-17	NaN
0	0	0	0	1.95459644004301e-15	-1.42224595349175e-17	NaN
0.0593043320316048	0.0572225654802939	0.058116002769038	0.0581160027690377	0.0572694885177703	5.57951763046468e-17	NaN
0	0	0	0	4.5898706704229e-15	-4.64241678631631e-17	NaN
0	0	0	0	7.37183673692689e-16	1.75872018076137e-16	NaN
0	0	0	0	1.12677032068138e-15	6.26820570835485e-17	NaN
0	0	0	0	5.72535507917357e-15	-2.45242619509713e-17	NaN
0	0	0	0	8.31297810955255e-16	-1.78241791597127e-17	NaN
0	0	0	0	1.43458040767232e-15	-1.34839527417081e-17	NaN
0	0	0	0	7.5343425632949e-16	-2.61605244603269e-17	NaN
0	0	0	0	1.86824983288049e-15	-3.67736909228904e-17	NaN
0	0	0	0	1.03426768381227e-15	1.71522035969915e-17	NaN
0	0	0	0	2.36096042441397e-15	-3.94593401058299e-17	NaN
0	0	0	0	8.61156443490882e-15	4.89539156799462e-18	NaN
0	0	0	0	7.1735719507426e-16	-4.34940962902358e-17	NaN
0	0	0	0	1.65660975467799e-15	-2.72011621613903e-19	NaN
0	0	0	0	6.30792518428471e-15	-3.3091006005599e-18	NaN
0.0252626161717071	0.0244323989591333	0.0253665461703672	0.0253665461703672	0.0254253719845892	1.39321673255935e-17	NaN
0.294977749523204	0.29383706927583	0.295999311016581	0.295999311016581	0.295790318516659	0.298270399669745	NaN
0	0	0	0	1.30475300985431e-15	-1.02172693398455e-17	NaN
0	0	0	0	9.92940886177914e-15	1.18621599241464e-17	NaN
0	0	0	0	4.24303995593894e-15	-1.50377360802494e-17	NaN
0	0	0	0	2.12085496658456e-15	4.07867771611336e-17	NaN
0	0	0	0	7.67248341453334e-16	-3.27007509147751e-18	NaN
0	0	0	0	1.14160184079197e-15	8.73563076191285e-17	NaN
0	0	0	0	5.27110131565709e-15	3.88625060676122e-18	NaN
0	0	0	0	2.48359054114381e-13	-4.51080696335803e-17	NaN
0.319332182968547	0.321891638583287	0.32129592260372	0.321295922603719	0.319593642643694	0.31770250357205	NaN
0	0	0	0	4.27682146532717e-15	-5.20996130071032e-19	NaN
0.14935064935065	0.148383563167827	0.147440596504918	0.147440596504918	0.148732850415878	0.188382188988817	NaN
0	0	0	0	1.47622942833615e-15	-4.90723871315319e-16	NaN
0	0	0	0	1.54572017074667e-15	2.03629403663655e-16	NaN
0	0	0	0	8.55399363735896e-16	-8.95049494580383e-19	NaN
0	0	0	0	8.5441170866267e-16	-5.08511509749987e-16	NaN
0	0	0	0	8.27065912028986e-16	3.70286539862193e-16	NaN
0	0	0	0	2.03947023990524e-15	6.37287074658388e-17	NaN
0	0	0	0	1.48830264578699e-15	-1.2267055461519e-16	NaN
0	0	0	0	2.68857020244707e-15	-1.66489559535429e-17	NaN
0	0	0	0	8.92337515422382e-16	3.44427940285335e-17	NaN
0	0	0	0	9.4940464453783e-16	-8.82878350019421e-17	NaN
0	0	0	0	2.49196381045791e-15	-7.98054026559927e-18	NaN
0	0	0	0	3.54148693549029e-15	4.60043535145231e-17	NaN
0	0	0	0	9.7670284455865e-16	-3.28228040722299e-17	NaN
0	0	0	0	7.04347512506727e-16	1.92172512959427e-17	NaN
0	0	0	0	6.9140266720007e-16	2.97479864271091e-17	NaN
0	0	0	0	6.76425055895293e-16	8.46176056243711e-17	NaN
0.0773317591499409	0.0790838609233988	0.0783630179209329	0.0783630179209329	0.0791194981035396	0.0961704634707583	NaN
0	0	0	0	2.65155839612912e-15	-6.14307965807904e-17	NaN
0.0981745527200072	0.0958543744060244	0.0971398528681423	0.0971398528681424	0.0982476288927283	0.142955822899971	NaN
0	0	0	0	8.05196195279983e-16	9.22040813762759e-17	NaN
0	0	0	0	2.09089410416706e-15	5.32315098594893e-17	NaN
0	0	0	0	2.92836855723206e-15	-7.21091732320752e-20	NaN
0	0	0	0	1.99213804280191e-15	8.38642239936467e-17	NaN
0	0	0	0	6.74557989875567e-16	-6.15191522754346e-18	NaN
0	0	0	0	8.78096907342543e-16	-6.87551434932861e-18	NaN
0	0	0	0	9.35670309927454e-16	8.74091694877477e-19	NaN
0	0	0	0	9.94054901150676e-16	8.68193925779425e-19	NaN
0	0	0	0	8.02503750250845e-16	-2.36141263573528e-17	NaN
0	0	0	0	5.45602435476092e-15	6.50570547978464e-18	NaN
0	0	0	0	8.85880174451615e-15	3.48578400116081e-18	NaN
0	0	0	0	1.81377457041368e-15	1.67012259683293e-17	NaN
0	0	0	0	1.33858116608788e-15	9.30735086120656e-18	NaN
0	0	0	0	2.36885937811377e-15	-6.78261807607009e-18	NaN
0	0	0	0	7.37498898124994e-16	-6.80867768306025e-18	NaN
0	0	0	0	1.99313457576747e-15	-6.02313437007534e-19	NaN
0	0	0	0	1.63442605500439e-15	-3.65648140312614e-17	NaN
0	0	0	0	7.22467316862978e-16	-1.21288234867269e-16	NaN
0	0	0	0	1.70382188836703e-15	-6.22222388730119e-17	NaN
0	0	0	0	7.79186972593209e-16	1.88164597673297e-17	NaN
0	0	0	0	1.26319064378434e-15	-3.14397851764701e-17	NaN
0	0	0	0	9.21715064113009e-16	-1.20006458364666e-18	NaN
0	0	0	0	1.12579318448742e-15	6.58922904803846e-18	NaN
0	0	0	0	5.47913228513828e-15	-1.71991484650928e-16	NaN
0	0	0	0	2.69672030593737e-15	3.98344705018778e-17	NaN
0	0	0	0	1.28676147758301e-14	-4.39725270488319e-17	NaN
0	0	0	0	1.17331645360493e-15	1.70273233447122e-17	NaN
0	0	0	0	1.37201351211346e-15	-1.12672934257414e-16	NaN
0	0	0	0	1.8876796459963e-15	1.33682574360867e-16	NaN
0	0	0	0	7.84578083999263e-16	2.68117833517404e-17	NaN
0	0	0	0	8.26221080805231e-16	-1.61659967052682e-16	NaN
0	0	0	0	2.71402653487893e-15	8.69650957438511e-17	NaN
0	0	0	0	1.75957601309724e-15	-2.99347854788823e-17	NaN
0.0773620319074865	0.0818085234305095	0.0803651026123263	0.0803651026123262	0.0795402037963835	-5.68956972380647e-17	NaN
0	0	0	0	1.67564049753924e-15	6.02353855713617e-18	NaN
0	0	0	0	1.24144013032174e-15	-2.18340302128409e-18	NaN
0	0	0	0	2.94835229337884e-14	1.74744581411475e-17	NaN
0	0	0	0	2.93035710603591e-15	1.92094638575191e-17	NaN
0	0	0	0	1.16952393079999e-15	9.95116179701788e-17	NaN
0	0	0	0	1.261881588954e-15	-5.5060362393059e-17	NaN
0	0	0	0	3.3345095035918e-15	-2.17683592550082e-17	NaN
0	0	0	0	2.00631121183405e-15	-3.27993197812386e-17	NaN
0	0	0	0	9.42034985501836e-15	-1.58272867177438e-17	NaN
0	0	0	0	1.35142799316615e-14	-2.81892439467122e-17	NaN
0	0	0	0	7.3988352841811e-16	2.61900307549891e-17	NaN
0	0	0	0	2.1064636877224e-15	2.02433424359176e-17	NaN
0	0	0	0	1.46246455704062e-15	1.76988904047012e-16	NaN
0	0	0	0	2.5029104484409e-15	3.19284763433599e-17	NaN
0	0	0	0	7.08975524896828e-16	-8.93362843874634e-18	NaN
0	0	0	0	1.16454308289094e-15	-4.26844857345978e-18	NaN
0	0	0	0	1.05481797772761e-15	3.91912193712267e-18	NaN
0	0	0	0	1.14692459709596e-15	1.20112279674801e-17	NaN
0	0	0	0	1.33215707383674e-15	-3.66531711952643e-17	NaN
0	0	0	0	3.63153313632055e-15	-6.36525253534194e-17	NaN
0	0	0	0	6.59079415345327e-15	-1.05193095375179e-16	NaN
0	0	0	0	9.41431328292274e-15	6.2417028323016e-18	NaN
0	0	0	0	1.38669888640294e-14	2.19335817045284e-17	NaN
0	0	0	0	1.23579184551595e-14	3.58905457744265e-18	NaN
0.0776950322404868	0.0748989017892462	0.0748143394917426	0.0748143394917425	0.0755132657770611	-2.41352417452413e-17	NaN
0	0	0	0	1.15969881190908e-15	1.94114654872711e-17	NaN
0	0	0	0	8.87118336311648e-16	2.29993413120519e-18	NaN
0	0	0	0	9.08138284706637e-16	-6.71208273496552e-17	NaN
0	0	0	0	2.44649887783855e-15	7.12002803944951e-17	NaN
0	0	0	0	1.82585728578331e-15	-1.42708850427209e-17	NaN
0	0	0	0	8.40147918032236e-16	1.34756851762054e-18	NaN
0	0	0	0	9.96586122718863e-14	4.8328314312878e-18	NaN
0	0	0	0	7.71864951665135e-16	-6.05468237741053e-18	NaN
0	0	0	0	1.42572728692974e-15	-6.74762087453205e-18	NaN
0	0	0	0	1.8038454691594e-14	-5.9782075291439e-18	NaN
0	0	0	0	8.09812222819623e-16	4.95031039586604e-18	NaN
0	0	0	0	1.99840326348826e-15	6.54762550922413e-17	NaN
0	0	0	0	1.50952958548901e-15	-1.69047930467342e-18	NaN
0	0	0	0	1.39521545945334e-15	-4.99851468319686e-18	NaN
0	0	0	0	4.78528659873665e-15	9.18969545218194e-17	NaN
0	0	0	0	4.06112971311685e-15	6.3898355061123e-17	NaN
0	0	0	0	3.06169090425623e-15	1.28655208618935e-17	NaN
0	0	0	0	3.45553803639822e-15	1.74518484852638e-17	NaN
0	0	0	0	8.9076639987933e-16	-4.53399723933762e-18	NaN
0	0	0	0	1.43811413259742e-15	1.43207675754884e-17	NaN
0	0	0	0	6.45809115454188e-15	-6.04147508719148e-17	NaN
0	0	0	0	1.11491615939042e-15	-1.17035785932825e-18	NaN
0	0	0	0	9.60807172404768e-16	5.10238177541602e-17	NaN
0	0	0	0	1.4627988737292e-15	3.95720814062139e-18	NaN
0.0105954651409197	0.0146304941774407	0.0103639609410283	0.0103639609410283	0.00982565925895437	-8.0165274491995e-18	NaN
0	0	0	0	1.0147064716137e-14	-3.18580511979792e-16	NaN
0	0	0	0	1.17925370869248e-15	1.30786476128704e-18	NaN
0	0	0	0	7.41070207301789e-16	-7.67231424398281e-17	NaN
0	0	0	0	2.69432130464722e-15	8.78391824004208e-19	NaN
0	0	0	0	8.70216043399062e-16	-3.05572162799769e-18	NaN
0	0	0	0	5.61393305712227e-15	2.84592769356217e-17	NaN
0	0	0	0	7.95823257978517e-16	2.709040099599e-17	NaN
0	0	0	0	2.60652685237092e-15	-1.49083400011674e-16	NaN
0	0	0	0	9.94414293173014e-15	-1.64911980044658e-17	NaN
0	0	0	0	2.05713564665467e-15	-2.12446090764799e-17	NaN
0	0	0	0	7.37681905747725e-16	-1.59893264691813e-17	NaN
0	0	0	0	1.0059490342813e-14	5.37675761948717e-17	NaN
0	0	0	0	1.22039163229097e-15	-7.24124226589326e-18	NaN
0	0	0	0	1.56881169522676e-15	1.99575145861213e-17	NaN
0	0	0	0	1.45344006992117e-15	5.8914869003687e-17	NaN
0	0	0	0	1.98831197585832e-15	2.99230351611653e-17	NaN
0	0	0	0	1.26601166237594e-15	1.294695597837e-17	NaN
0	0	0	0	1.99105562175622e-15	-2.05700495135499e-17	NaN
0	0	0	0	1.3376883598934e-15	-4.08286986419181e-17	NaN
0	0	0	0	1.38830323269104e-15	1.96982661276929e-17	NaN
0	0	0	0	1.39161679220934e-15	7.33234310225728e-17	NaN
0	0	0	0	4.70480156918826e-15	-6.24177725824586e-17	NaN
0	0	0	0	1.57518131745336e-14	-9.56162459362208e-18	NaN
0	0	0	0	9.79199642854228e-16	-8.03913390809093e-18	NaN
0	0	0	0	8.08850860429519e-16	1.12986616005715e-17	NaN
0	0	0	0	1.0472487280013e-15	-9.43354326596815e-18	NaN
0	0	0	0	1.79287181330002e-15	-5.97985984256722e-18	NaN
0	0	0	0	2.23706908834819e-15	-1.54123415409592e-17	NaN
0	0	0	0	4.61673134204395e-09	-1.25404712565652e-17	NaN
0	0	0	0	1.53300243168294e-15	3.73713484473615e-17	NaN
0	0	0	0	8.06789977253807e-16	-5.66847009588393e-18	NaN
0	0	0	0	3.80068173973161e-15	-1.00080290782334e-17	NaN
0	0	0	0	3.00777899723108e-15	-2.77951916692562e-17	NaN
0.146853146853147	0.14892484909387	0.145542632277293	0.145542632277293	0.146015092662141	0.167953602717254	NaN
0	0	0	0	1.63476980753404e-15	3.2642581049963e-16	NaN
0	0	0	0	1.20263955639118e-15	3.98731664367719e-17	NaN
0	0	0	0	1.54562846687696e-15	-7.87428618360754e-17	NaN
0	0	0	0	1.04602274475494e-14	-8.7819117566871e-18	NaN
0	0	0	0	9.42744343404129e-16	8.00770887266974e-19	NaN
0.018451245723973	0.0189390954899034	0.0216621413073228	0.0216621413073226	0.0205079418443086	0.0616178586387293	NaN
0	0	0	0	1.11464367821814e-15	2.44612617783939e-17	NaN
0.0189053370871553	0.0166965282896595	0.0177254453450684	0.0177254453450684	0.0172451946250135	6.3042093594742e-17	NaN
0	0	0	0	8.96518342848956e-16	-8.69145645261734e-18	NaN
0	0	0	0	7.43115588570248e-15	-6.05241050257379e-20	NaN
0	0	0	0	8.09348552040208e-16	-1.98604407717304e-17	NaN
0	0	0	0	1.38535657650745e-14	6.2188828315661e-17	NaN
0	0	0	0	1.42219308143009e-14	5.18398051581837e-17	NaN
0	0	0	0	2.25622558071258e-15	-6.82303216461671e-18	NaN
0	0	0	0	1.62783189509015e-15	-6.14938925994282e-18	NaN
0	0	0	0	8.87532697431388e-16	2.00898047634582e-17	NaN
0	0	0	0	3.09207336562376e-15	-2.34461322764403e-16	NaN
0	0	0	0	1.82587099591436e-15	-2.35317595472783e-17	NaN
0	0	0	0	1.00228556740956e-15	-3.70594996846298e-17	NaN
0	0	0	0	8.53147066404652e-16	2.72315111444937e-18	NaN
0	0	0	0	1.11006764909873e-15	-3.30785404486671e-17	NaN
0	0	0	0	7.13683533410887e-16	6.80941372256666e-17	NaN
0	0	0	0	8.33100344016449e-16	-2.24121115570339e-17	NaN
0	0	0	0	2.87313908302578e-15	-3.11707700722009e-18	NaN
0	0	0	0	1.12272862163287e-15	-2.00116142932191e-17	NaN
0	0	0	0	6.83160963095354e-15	-4.85856702992085e-18	NaN
0	0	0	0	1.66624714447881e-15	-1.69232169169415e-17	NaN
0	0	0	0	1.0065220441013e-15	1.07911379189236e-17	NaN
0	0	0	0	1.57555034712568e-15	2.06465886907791e-18	NaN
0	0	0	0	7.94779343340723e-16	-2.08904739357214e-17	NaN
0	0	0	0	1.14870903689439e-15	-3.60553389493245e-17	NaN
0	0	0	0	4.20121249903088e-15	5.60623528112939e-17	NaN
0	0	0	0	9.85855518536004e-15	2.0658008832837e-16	NaN
0	0	0	0	1.17555087158698e-15	9.50095845343426e-18	NaN
0	0	0	0	1.97851072774112e-15	5.09575691844772e-17	NaN
0	0	0	0	6.51115629533457e-15	1.65344322545469e-17	NaN
0	0	0	0	2.16884426322964e-15	5.46910518281883e-18	NaN
0	0	0	0	2.82028704838884e-15	-4.08923502521226e-17	NaN
0	0	0	0	1.41411375292792e-14	-8.30461552897668e-17	NaN
0	0	0	0	9.93060022637515e-16	8.70981896966126e-17	NaN
0	0	0	0	3.50148342373268e-15	-3.76857452323978e-17	NaN
0	0	0	0	5.31629984138922e-15	4.55951154468582e-17	NaN
0	0	0	0	7.34377892971574e-16	-1.32538110841687e-17	NaN
0	0	0	0	1.07688536829303e-15	5.63333222178731e-17	NaN
0	0	0	0	1.49771623630429e-15	1.69349539173472e-16	NaN
0	0	0	0	1.4459684292209e-15	-2.49059996233688e-17	NaN
0	0	0	0	1.0651290579335e-15	-7.84114673258647e-18	NaN
0	0	0	0	5.18348937666176e-15	4.68006536323992e-17	NaN
0	0	0	0	3.55251767891342e-15	3.09590642572224e-17	NaN
0.0344201253292162	0.0314037553952622	0.032189074953864	0.0321890749538636	0.0317421587276295	-2.02045653060348e-17	NaN
0	0	0	0	9.44402921998463e-16	2.951624404033e-17	NaN
0	0	0	0	1.67755135095422e-15	-4.56870259678153e-18	NaN
0	0	0	0	1.6893230253541e-15	-1.07261391912889e-17	NaN
0	0	0	0	1.36788459396807e-15	4.24207944312614e-17	NaN
0	0	0	0	8.95291656596083e-16	-4.12502046874722e-17	NaN
0	0	0	0	8.41743451001252e-16	-6.07261564610444e-17	NaN
0	0	0	0	5.40899281389943e-15	-4.38327265718151e-19	NaN
0	0	0	0	8.14565708946412e-15	2.82664035172414e-17	NaN
0	0	0	0	1.06254702531491e-15	-4.55817116222103e-17	NaN
0	0	0	0	1.82826117428992e-15	6.83802934640336e-17	NaN
0	0	0	0	1.05118149672372e-15	1.25469004172427e-17	NaN
0	0	0	0	1.04826197231058e-15	3.41989373130985e-17	NaN
0	0	0	0	9.46647195266452e-16	5.27824305201243e-17	NaN
0	0	0	0	1.02188958482728e-15	7.54025493832971e-17	NaN
0	0	0	0	1.20837247022003e-15	-1.34644700026851e-16	NaN
0	0	0	0	6.66418288529553e-16	1.06403688457801e-17	NaN
0	0	0	0	4.99318057037499e-15	-9.46457501677738e-17	NaN
0.270714134350498	0.271545997106261	0.271336523976773	0.271336523976773	0.27275154565507	0.270889821397289	NaN
0	0	0	0	3.09168009335886e-15	3.53592634378695e-17	NaN
0	0	0	0	8.60265659224406e-16	-1.49123796454947e-18	NaN
0	0	0	0	1.05081610056522e-15	-3.04563684620571e-17	NaN
0	0	0	0	2.44924789282286e-15	-4.15747407811723e-17	NaN
0	0	0	0	2.31794862725838e-15	-1.57493142524709e-18	NaN
0	0	0	0	8.26796698146579e-16	-2.98780757236269e-19	NaN
0.511064692882875	0.5169916986454	0.514474207208572	0.514474207208571	0.514243436413866	0.522069433181657	NaN
0	0	0	0	1.47267648660466e-14	6.46883466505136e-17	NaN
0	0	0	0	9.55570743043058e-16	8.70017617247256e-17	NaN
0	0	0	0	1.08732290645998e-15	1.30000787674285e-17	NaN
0	0	0	0	2.03897784906049e-15	6.85868933952136e-18	NaN
0	0	0	0	1.43270424425981e-15	1.63784425433556e-17	NaN
0	0	0	0	9.86692820252465e-16	-2.21295793234987e-17	NaN
0	0	0	0	1.59449225265666e-15	-4.00754816188373e-17	NaN
0	0	0	0	1.43525114767192e-15	3.67674427337262e-17	NaN
0	0	0	0	1.20406052596575e-15	2.94530950365851e-17	NaN
0	0	0	0	1.53523855869676e-15	-4.50721010697159e-17	NaN
0	0	0	0	2.40766176163735e-15	1.64197189988675e-17	NaN
0.162231707686253	0.160083070830245	0.159579610500992	0.159579610500992	0.162110177095218	0.208607129499662	NaN
0	0	0	0	7.66227104987164e-16	4.56875032887717e-17	NaN
0	0	0	0	1.3126482898714e-15	-6.61528279632221e-17	NaN
0	0	0	0	1.52557730253384e-15	1.22846948821607e-16	NaN
0	0	0	0	1.32016908716768e-15	-4.66997326712323e-18	NaN
0	0	0	0	6.78556285479132e-15	7.12226934744491e-18	NaN
0	0	0	0	7.9754030199526e-16	-5.8671598438041e-17	NaN
0	0	0	0	1.60939270934256e-14	-1.14249792485446e-17	NaN
0	0	0	0	5.22653730249027e-15	7.00177048521831e-17	NaN
0.0714891169436624	0.0680259800443034	0.0711992775506633	0.0711992775506635	0.070876424458342	0.107630999720621	NaN
0	0	0	0	1.07477780874284e-15	6.56461183698831e-17	NaN
0	0	0	0	4.35232032858643e-15	-1.73552006337343e-17	NaN
0	0	0	0	1.20683847094653e-15	-6.52198758780897e-17	NaN
0	0	0	0	1.15507563633107e-15	-5.20557957683063e-19	NaN
0	0	0	0	1.62201514206493e-15	6.87588784687398e-17	NaN
0	0	0	0	7.27829655052422e-16	1.33479656025851e-17	NaN
0	0	0	0	4.22501506865795e-15	2.44208688062389e-17	NaN
0	0	0	0	1.01904193699156e-15	9.95387664357014e-18	NaN
0	0	0	0	6.57482214891563e-15	5.13717256640137e-18	NaN
0	0	0	0	1.29222513197707e-15	9.34246162344887e-18	NaN
0	0	0	0	1.54901480819424e-15	-3.26450401632663e-17	NaN
0	0	0	0	2.36300034783173e-15	-5.15055421768177e-17	NaN
0	0	0	0	4.25070826994481e-15	1.10485057363246e-16	NaN
0	0	0	0	1.13457789042308e-15	2.63433205380839e-17	NaN
0	0	0	0	1.51179012496689e-15	-1.11606119558245e-17	NaN
0	0	0	0	1.99943404442821e-15	2.41972952080186e-17	NaN
0	0	0	0	4.36152578561948e-15	-9.00040352851486e-18	NaN
0	0	0	0	1.47575486974812e-15	1.06062187747229e-16	NaN
0	0	0	0	6.87952852759756e-16	-3.27648157509111e-17	NaN
0.216465352828989	0.220654661688976	0.217194124335685	0.217194124335685	0.217549427232984	0.205927523044159	NaN
0	0	0	0	3.42167921796733e-15	-7.19201862959567e-17	NaN
0.0218417945690673	0.0204599446473586	0.0233990701714317	0.0233990701714317	0.0226621917962262	0.0539085959460616	NaN
0	0	0	0	1.03269285432534e-15	-1.10486644412047e-17	NaN
0	0	0	0	1.36090955757632e-15	1.466473871234e-17	NaN
0.0540217358399177	0.0585618827114676	0.0568058032407813	0.0568058032407811	0.0556407173159329	0.069162484919091	NaN
0	0	0	0	3.30134760344034e-15	1.27326104492417e-17	NaN
0	0	0	0	1.53843051856587e-15	-1.15193016274877e-17	NaN
0	0	0	0	7.76344781288762e-15	-2.75605616761669e-17	NaN
0	0	0	0	1.08360439046092e-15	4.37244034700536e-17	NaN
0	0	0	0	2.42033650575299e-15	5.92680057345873e-17	NaN
0	0	0	0	5.90733373620689e-15	4.41599149708079e-17	NaN
0	0	0	0	3.09311300887794e-15	-1.82642258060414e-18	NaN
0	0	0	0	2.75718631449616e-15	-1.6622627513299e-16	NaN
0	0	0	0	4.59824457086531e-15	-6.26973946043053e-18	NaN
0	0	0	0	1.30880517553501e-13	-4.03833747980472e-17	NaN
0	0	0	0	9.22279178521999e-16	3.88147029284743e-17	NaN
0	0	0	0	1.11371984755945e-15	4.14098566433801e-17	NaN
0.0447431356522266	0.0423164410613829	0.0429691279253123	0.0429691279253126	0.042963429686488	1.17105961977732e-17	NaN
0	0	0	0	2.2865157131458e-15	-8.42847260738413e-18	NaN
0	0	0	0	4.49540683361606e-15	-1.20961324312498e-17	NaN
0	0	0	0	1.04445237525767e-15	-5.0047965518901e-18	NaN
0	0	0	0	7.1316111678473e-16	-3.65579196661724e-17	NaN
0	0	0	0	8.41887905177082e-16	-8.58529294398736e-18	NaN
0	0	0	0	1.22730977289349e-15	-1.92232976035627e-17	NaN
0	0	0	0	1.05040640344251e-15	-7.39787193020798e-17	NaN
0	0	0	0	7.34833834168711e-16	-6.87693452885552e-18	NaN
0	0	0	0	1.84032505618121e-15	1.50044676121134e-17	NaN
0	0	0	0	7.53428462038277e-16	-1.82724302374358e-17	NaN
0	0	0	0	9.26197065420531e-16	1.29674234954749e-17	NaN
0	0	0	0	8.84999811929999e-16	-5.02279978750072e-17	NaN
0	0	0	0	4.72381098453251e-15	-1.20439070539631e-17	NaN
0	0	0	0	4.02922827702601e-15	-1.14018658159439e-16	NaN
0	0	0	0	2.79498917181074e-15	-3.01441071250394e-17	NaN
0	0	0	0	1.64304036138418e-15	6.00119181931552e-17	NaN
0	0	0	0	7.19079406859848e-16	6.55925987218836e-17	NaN
0	0	0	0	1.22614483527925e-15	-3.2432967886336e-17	NaN
0	0	0	0	6.28828773004119e-15	2.0235715878606e-16	NaN
0	0	0	0	3.85394048542174e-15	4.67827865549867e-17	NaN
0	0	0	0	5.42738943936167e-15	4.03081605916138e-17	NaN
0.0107165561711016	0.00890570993240968	0.00789471831568028	0.00789471831568034	0.00677775414410774	-4.27188878088239e-17	NaN
0	0	0	0	1.45381975984821e-15	-8.56416451294127e-18	NaN
0	0	0	0	8.22298534769553e-16	1.63264183353361e-17	NaN
0	0	0	0	1.58816034205519e-15	5.9716291067648e-17	NaN
0	0	0	0	6.83618943274147e-16	5.67091056074883e-18	NaN
0	0	0	0	8.37465471426534e-16	2.05551329479071e-17	NaN
0	0	0	0	4.39901982013907e-15	1.33946515687824e-16	NaN
0	0	0	0	8.45677884205844e-16	6.75443323592847e-17	NaN
0.116368480004844	0.119238342280961	0.11608038493378	0.11608038493378	0.11616841503382	0.156819645456203	NaN
0	0	0	0	2.63015739215058e-15	1.24487696566029e-17	NaN
0	0	0	0	1.47246536019643e-15	9.36213487265861e-18	NaN
0	0	0	0	1.53457926161498e-15	-1.17696258240143e-18	NaN
0	0	0	0	1.01328639034182e-15	-1.51610653469057e-18	NaN
0	0	0	0	1.64328153989219e-15	6.1985417357995e-17	NaN
0	0	0	0	1.59952545468674e-14	-1.14888240066591e-17	NaN
0	0	0	0	9.75465703399021e-16	-3.89401417310548e-17	NaN
0.0265340719886174	0.0258857888896399	0.0264493410161651	0.0264493410161649	0.0263771858407966	-3.05557061569474e-17	NaN
0	0	0	0	2.49929196020589e-15	-7.22099864475206e-17	NaN
0	0	0	0	6.48707366548841e-15	-5.25227240574647e-17	NaN
0	0	0	0	7.19293153032477e-16	-1.96538969597336e-17	NaN
0	0	0	0	2.39184989083222e-15	-1.1783445638206e-17	NaN
0	0	0	0	9.16696378974341e-16	1.06822754840598e-16	NaN
0	0	0	0	1.06589777255027e-15	7.17473614244068e-18	NaN
0	0	0	0	1.67289111722281e-12	-2.39207035694136e-17	NaN
0.0239457512184785	0.0232958651569796	0.027686339004524	0.0276863390045238	0.0257511865530291	3.90005625305089e-17	NaN
0	0	0	0	9.78297585811741e-16	4.88618438242734e-17	NaN
0	0	0	0	6.57500261968741e-14	-1.82637540280695e-18	NaN
0.309629764175219	0.306328231911065	0.308928108768214	0.308928108768214	0.307802101294732	0.325536230212846	NaN
0	0	0	0	1.14330343770371e-15	-2.6253138627915e-16	NaN
0	0	0	0	1.30676578771473e-15	-2.48990252268872e-17	NaN
0	0	0	0	1.42490131461637e-15	-3.62675230018104e-17	NaN
0.221293857657494	0.219268032122218	0.22083223793548	0.22083223793548	0.220343384622335	0.209781957856244	NaN
0	0	0	0	7.51862904731682e-16	-7.48765220860217e-17	NaN
0	0	0	0	1.59813834388414e-15	-4.43442129527652e-17	NaN
0	0	0	0	1.00850989367617e-15	7.3775049626934e-18	NaN
0	0	0	0	4.46706060244794e-15	-6.89573950023458e-17	NaN
0	0	0	0	1.33334642019726e-15	-3.28252531861259e-17	NaN
0.22977022977023	0.232952160374648	0.229667212929904	0.229667212929904	0.231063319734575	0.269878387915053	NaN
0	0	0	0	1.10489184452249e-15	-1.9652560319986e-17	NaN
0	0	0	0	9.37487764547084e-16	2.08623524822323e-17	NaN
0	0	0	0	2.17582823882399e-15	8.10481605761168e-17	NaN
0	0	0	0	7.62155506575959e-16	-2.22058469280685e-17	NaN
0	0	0	0	1.22984497979558e-15	2.99935206224669e-17	NaN
0	0	0	0	8.58934535149129e-16	2.44788056050286e-18	NaN
0	0	0	0	7.57847106995071e-16	9.5830144382875e-18	NaN
0	0	0	0	6.16526070583967e-15	-8.86099055225122e-17	NaN
0	0	0	0	1.27924757078482e-14	-1.94657258429226e-17	NaN
0	0	0	0	2.50704564934249e-15	3.78375435583863e-17	NaN
0	0	0	0	1.13246517622587e-15	5.84311772149896e-17	NaN
0	0	0	0	1.1394848260508e-15	-3.41963073992675e-17	NaN
0	0	0	0	1.09675503088075e-15	-4.43775024245299e-17	NaN
0	0	0	0	1.94339359042622e-15	4.56761936985634e-17	NaN
0.0405806314897224	0.0401112245769043	0.037929877943288	0.0379298779432881	0.0379395595263291	0.0486089430251991	NaN
0	0	0	0	7.44933709165319e-16	5.01017983617238e-17	NaN
0	0	0	0	7.76906237203979e-16	4.29020498545761e-17	NaN
0.0148790603336058	0.0128673207891813	0.0147865717012611	0.0147865717012611	0.0135794498960806	0.0456418658263973	NaN
0	0	0	0	3.12854704934225e-15	4.31848770192992e-17	NaN
0.187872733327279	0.191874875502199	0.191925942046683	0.191925942046683	0.192643992781271	0.228173612936257	NaN
0	0	0	0	1.32785324731477e-15	4.04439425720909e-17	NaN
0	0	0	0	1.63845695988529e-15	-5.33871854321434e-18	NaN
0	0	0	0	7.290313145976e-16	2.40600684301176e-17	NaN
0	0	0	0	4.41182359438353e-15	-7.24989994232671e-17	NaN
0	0	0	0	1.52433018907957e-15	-4.12409597404872e-17	NaN
0	0	0	0	1.18630775254844e-15	-1.31239645376302e-18	NaN
0	0	0	0	5.92420775993132e-14	-3.08858845031721e-17	NaN
0.0162716071806981	0.0168389017601854	0.0167223342005113	0.0167223342005114	0.0172469823075981	-2.29517865697429e-17	NaN
0	0	0	0	5.61983823163426e-15	2.06676817238275e-17	NaN
0	0	0	0	8.83901581746346e-16	2.05218939858387e-16	NaN
0	0	0	0	9.85656559907017e-16	8.67806337634235e-17	NaN
0	0	0	0	7.73350950305453e-16	9.19092898256271e-18	NaN
0	0	0	0	1.0429357743654e-15	2.16648441069247e-17	NaN
0	0	0	0	1.32274586462743e-15	1.55438540900593e-17	NaN
0	0	0	0	1.04240781731705e-15	2.08835839109006e-17	NaN
0.114839705748797	0.114295911337375	0.111224520462481	0.111224520462481	0.112374223784089	0.116187830939757	NaN
0	0	0	0	1.04126230701978e-15	-5.12895815028686e-18	NaN
0	0	0	0	3.34108054950659e-15	5.54280644681738e-17	NaN
0	0	0	0	1.07480683910983e-15	-1.61058683972592e-16	NaN
0	0	0	0	4.37250295396192e-11	8.6219980179935e-17	NaN
0.0100808282626464	0.013530159718179	0.0109703803866245	0.0109703803866246	0.0112926556455283	0.0394142788419136	NaN
0	0	0	0	8.4705253012611e-16	-9.7589913419702e-17	NaN
0	0	0	0	8.06184189645915e-15	-4.22561262097402e-17	NaN
0	0	0	0	3.22679739348217e-15	-7.9237071716338e-17	NaN
0	0	0	0	1.5677214305283e-15	2.59667263476235e-17	NaN
0	0	0	0	1.30908126901844e-15	-8.60986684166938e-17	NaN
0	0	0	0	2.44591660922051e-15	-1.36260349224941e-17	NaN
0	0	0	0	8.11366821906183e-16	-2.08388300260371e-17	NaN
0	0	0	0	7.5378516036396e-16	5.9436276528746e-17	NaN
0	0	0	0	2.80328804593994e-15	-3.40258334657498e-17	NaN
0	0	0	0	8.40897786166668e-16	-2.20072094563071e-17	NaN
0	0	0	0	2.93904653289995e-15	-5.97788387366117e-17	NaN
0	0	0	0	8.01324078665948e-16	-2.96535531223063e-19	NaN
0	0	0	0	9.1942926439622e-16	-4.25380480835603e-18	NaN
0	0	0	0	2.32855750280794e-15	-1.3407147279704e-16	NaN
0	0	0	0	4.23017227108641e-15	4.2101256155182e-19	NaN
0	0	0	0	2.09824020429131e-15	-1.55453969317359e-17	NaN
0	0	0	0	9.25511676389007e-16	1.58489429318911e-16	NaN
0	0	0	0	1.0286166600966e-15	-7.49775638131137e-18	NaN
0	0	0	0	2.17219824027381e-15	1.27878617306636e-17	NaN
0.101262373989647	0.100433921713165	0.102760484917088	0.102760484917088	0.102023607226953	0.127774905403764	NaN
0	0	0	0	1.64423748821439e-15	2.28026120232697e-19	NaN
0	0	0	0	4.61926927282695e-15	1.67108908160098e-16	NaN
0	0	0	0	1.33874262874915e-15	-6.01099100276065e-17	NaN
0	0	0	0	7.80543826614921e-16	1.84912068567077e-17	NaN
0.0913934550298186	0.0912348477725277	0.0876293897337876	0.0876293897337879	0.0888081860554695	0.0817601011079952	NaN
0	0	0	0	2.42866389732876e-15	-3.83474275605707e-18	NaN
0	0	0	0	9.62568951046498e-16	2.12140008362702e-17	NaN
0	0	0	0	1.18049298954191e-15	2.9367720276224e-18	NaN
0	0	0	0	3.44630195497439e-15	4.56022686736247e-17	NaN
0	0	0	0	9.64434437415463e-15	-4.4714847122846e-17	NaN
0	0	0	0	7.17942515498953e-16	5.80338833071296e-17	NaN
0	0	0	0	1.39665395147899e-15	9.94870393808002e-18	NaN
0	0	0	0	1.2119434515641e-15	1.53300752586825e-16	NaN
0	0	0	0	9.59480309297686e-16	9.21183113463674e-17	NaN
0	0	0	0	2.754524171498e-15	5.24286024055091e-17	NaN
0	0	0	0	8.89600962488288e-16	-5.12478714978645e-17	NaN
0	0	0	0	1.07770876950742e-15	-2.5499334288309e-17	NaN
0	0	0	0	1.99976765839569e-15	-1.14702196184707e-17	NaN
0.0181031090121999	0.0197011837045166	0.0182677642616321	0.018267764261632	0.0184348310296924	-5.95663048765736e-17	NaN
0	0	0	0	2.21458431137723e-15	5.61146817338871e-17	NaN
0	0	0	0	1.62097607672043e-15	1.41817018826835e-17	NaN
0	0	0	0	7.55545880093055e-16	7.42587118552783e-18	NaN
0	0	0	0	1.06626663065931e-15	2.24183733114088e-17	NaN
0	0	0	0	7.75744158361105e-16	1.05277844401917e-16	NaN
0	0	0	0	1.01163028176059e-15	2.56295187890045e-17	NaN
0	0	0	0	1.10766940598641e-15	-5.30682389622771e-17	NaN
0.177519450246723	0.17608880023013	0.175466005220678	0.175466005220678	0.175895349859153	0.173131484142107	NaN
0	0	0	0	3.11758800932927e-15	-1.11344344256101e-16	NaN
0	0	0	0	2.98912395803129e-15	2.69091325195018e-17	NaN
0	0	0	0	1.55464355314464e-15	-2.23160064763767e-18	NaN
0.0622407895135168	0.0619688927460658	0.0600214581538174	0.0600214581538174	0.0614041346107587	0.0831704809417854	NaN
0	0	0	0	1.37559460001267e-15	1.6661714557886e-17	NaN
0	0	0	0	1.15686641261003e-15	-7.53350034967029e-17	NaN
0.332198104925378	0.334458752955697	0.335730759109324	0.335730759109324	0.33587219562864	0.349079677824969	NaN
0	0	0	0	8.68321065839837e-16	-1.17705293784044e-18	NaN
0.0217207035388854	0.0178492236486245	0.0195484129978798	0.0195484129978799	0.0193089406152867	2.03939463362814e-17	NaN
0	0	0	0	1.38025143742882e-15	-4.50451893961396e-18	NaN
0	0	0	0	1.46637647304597e-15	2.05218446309946e-17	NaN
0	0	0	0	7.58903933698164e-16	-3.26205169977578e-18	NaN
0	0	0	0	7.87996013366138e-16	7.71068725079898e-17	NaN
0	0	0	0	7.37192949691851e-16	-7.5121546082146e-17	NaN
0	0	0	0	1.55056087712377e-15	7.67443550606933e-19	NaN
0	0	0	0	1.79123716714395e-15	-2.6007265987964e-16	NaN
0	0	0	0	1.04230157538477e-15	2.43957457646393e-17	NaN
0	0	0	0	4.24457289502377e-15	4.18522513850158e-17	NaN
0	0	0	0	1.13234132567861e-15	3.74643712046035e-17	NaN
0	0	0	0	1.16898424186179e-15	8.52902207749707e-18	NaN
0	0	0	0	9.24376078137331e-16	-1.02536061707396e-16	NaN
0	0	0	0	2.0811579859418e-15	7.20413519277308e-18	NaN
0	0	0	0	1.17855815362919e-15	-7.29383884801293e-18	NaN
0	0	0	0	7.51764943785587e-16	3.72640505743617e-17	NaN
0	0	0	0	7.38776405900528e-16	2.52079611080228e-17	NaN
0.0356007628734902	0.0390846750080903	0.0365757813004338	0.0365757813004336	0.0370585921615339	0.0561395021205373	NaN
0	0	0	0	9.23219632228696e-16	-2.10382179720817e-18	NaN
0	0	0	0	1.31949165033399e-15	2.95437671078299e-17	NaN
0	0	0	0	9.43681049725028e-15	-5.91871576771078e-17	NaN
0	0	0	0	8.75802036532573e-16	4.95594397868328e-17	NaN
0	0	0	0	1.45340833507045e-15	-6.91201274405899e-17	NaN
0	0	0	0	8.37987156088331e-16	-2.14810723542792e-17	NaN
0	0	0	0	1.47243557683318e-15	1.04451356759823e-16	NaN
0	0	0	0	2.46304643741041e-15	6.43087628594617e-18	NaN
0	0	0	0	2.32563371650238e-15	-4.8635192758563e-17	NaN
0	0	0	0	4.27389913687466e-15	-4.92558526366151e-17	NaN
0	0	0	0	1.51110474673607e-15	1.48358022973191e-16	NaN
0	0	0	0	6.20971976967533e-15	7.99072698527025e-18	NaN
0	0	0	0	7.96987981849689e-16	-4.52618522066184e-17	NaN
0	0	0	0	2.37496316993527e-15	3.35181218561661e-17	NaN
0	0	0	0	1.07469923278732e-15	-3.37518842662077e-17	NaN
0	0	0	0	1.65145789499495e-15	-5.21040992757999e-17	NaN
0	0	0	0	1.4500906893338e-14	1.33383746985094e-16	NaN
0.127327218236309	0.125250891468118	0.126931314708627	0.126931314708627	0.128194463475043	0.184169148168093	NaN
0	0	0	0	3.22146606229708e-15	1.02147704145415e-16	NaN
0	0	0	0	1.73912848680798e-15	4.08447576510641e-17	NaN
0	0	0	0	1.4325145758643e-15	-7.56483558193666e-19	NaN
0	0	0	0	3.84516257865764e-15	-4.8023179279948e-18	NaN
0	0	0	0	9.96714113539456e-16	-2.07319603520695e-17	NaN
0	0	0	0	8.41892056283705e-16	-6.76764532510044e-18	NaN
0	0	0	0	8.51236415693059e-16	1.14803840778973e-17	NaN
0	0	0	0	1.15038823294888e-15	2.05712220804189e-18	NaN
0	0	0	0	1.93575172429614e-15	-4.71834430589894e-17	NaN
0	0	0	0	3.63560981346735e-15	1.93975672221154e-17	NaN
0	0	0	0	7.33147389390331e-14	-1.97289321468986e-17	NaN
0	0	0	0	6.20820651224619e-15	5.93348236167342e-17	NaN
0.00634214270577907	0.00368246332668907	0.00267285609540139	0.00267285609540148	0.00340199594445182	1.22139977937532e-17	NaN
0	0	0	0	9.31104721395081e-16	-5.15586950709046e-17	NaN
0	0	0	0	2.89738968429825e-15	1.26514041817556e-17	NaN
0	0	0	0	7.8062066095307e-16	1.00059988238909e-16	NaN
0	0	0	0	1.20183656894394e-15	-3.70263965333302e-17	NaN
0	0	0	0	1.09110892808072e-15	-1.2968150946758e-16	NaN
0	0	0	0	1.55588594751792e-15	8.85871719532981e-18	NaN
0	0	0	0	9.21446003664604e-16	-2.94835497199096e-17	NaN
0	0	0	0	1.29142027498659e-15	-4.88649865807726e-17	NaN
0	0	0	0	7.92378588563449e-16	-2.76730889517906e-17	NaN
0	0	0	0	1.50888328625095e-14	-3.79561234349639e-17	NaN
0	0	0	0	1.40563666937186e-15	1.02765552123772e-17	NaN
0	0	0	0	5.04094818732961e-15	2.3501389282659e-17	NaN
0	0	0	0	2.19568610041079e-15	-1.21969980765782e-17	NaN
0	0	0	0	3.02705179962022e-15	3.50737814454612e-17	NaN
0	0	0	0	1.42087134972394e-15	-6.37254929657137e-18	NaN
0	0	0	0	9.99100344886928e-16	1.03617125665739e-16	NaN
0	0	0	0	8.87136364406831e-16	-5.75878530754667e-17	NaN
0	0	0	0	2.15690605158755e-15	-1.29172164216e-16	NaN
0	0	0	0	4.11349758150994e-15	6.72204677173732e-17	NaN
0	0	0	0	5.14721321655624e-15	-1.09278181176887e-16	NaN
0	0	0	0	2.09666644505468e-15	1.46455536846259e-16	NaN
0	0	0	0	9.75552838997556e-16	1.2509944293959e-17	NaN
0	0	0	0	1.06825033620286e-15	-1.65645631063855e-19	NaN
0	0	0	0	1.17772619411113e-15	-2.16009744575113e-16	NaN
0	0	0	0	1.73095628044215e-15	-5.43055861425781e-18	NaN
0	0	0	0	8.21202823163072e-16	-6.97908124609806e-17	NaN
0	0	0	0	1.04314920127897e-15	6.60221572166084e-17	NaN
0	0	0	0	1.37447965803965e-15	5.59983336282067e-18	NaN
0	0	0	0	1.66800331837123e-15	-1.97968149889128e-16	NaN
0	0	0	0	9.17525908913159e-16	2.3524272249814e-17	NaN
0	0	0	0	1.16194013039251e-15	-1.04373305644356e-16	NaN
0	0	0	0	1.02691604459392e-14	-8.47786325591375e-17	NaN
0	0	0	0	7.01992234030988e-15	-1.05906307050735e-16	NaN
0	0	0	0	1.35542038700959e-15	7.53904565572603e-17	NaN
0	0	0	0	8.99559349429988e-16	3.44398642032123e-17	NaN
0	0	0	0	1.10054266267068e-15	9.52873698283873e-19	NaN
0	0	0	0	1.09235868016445e-15	-5.46217071655062e-17	NaN
0	0	0	0	7.57516388398057e-16	2.73602901833851e-17	NaN
0	0	0	0	1.7876566228784e-15	1.15037948257091e-17	NaN
0	0	0	0	1.05335117974933e-15	-7.29813754945775e-18	NaN
0	0	0	0	3.12107012499002e-14	4.18292644645126e-17	NaN
0	0	0	0	3.27622184345512e-15	-1.05179593795595e-15	NaN
0	0	0	0	7.10234840578849e-16	1.50178787516027e-17	NaN
0.346865255956165	0.345460945769708	0.346541679764812	0.346541679764812	0.347396160673488	0.344845105965279	NaN
0	0	0	0	1.26009829881335e-15	2.15609500673311e-18	NaN
0.574909938546302	0.570793456958515	0.573146558588781	0.573146558588781	0.573518209758332	0.577132089453318	NaN
0	0	0	0	9.2110139599107e-16	1.55998576724678e-17	NaN
0	0	0	0	9.81405563266426e-16	4.9338455548646e-17	NaN
0	0	0	0	3.13497687507577e-15	-5.07091893587777e-17	NaN
0	0	0	0	2.72270036475778e-15	-8.41935458794018e-18	NaN
0	0	0	0	1.35386574391522e-15	-6.41507355661976e-18	NaN
0	0	0	0	1.00507335721419e-15	8.23165106184332e-17	NaN
0.0784064420428057	0.0822342373490208	0.0799692336217192	0.0799692336217193	0.0812826741016157	0.124568176460031	NaN
0	0	0	0	1.11932914950685e-15	5.67258933283589e-17	NaN
0	0	0	0	7.47247037711632e-16	1.42113327732426e-17	NaN
0	0	0	0	8.10947251026384e-16	-4.69430134706202e-17	NaN
0	0	0	0	2.24693850086955e-15	-2.36477699418363e-17	NaN
0	0	0	0	6.65423206155607e-15	-2.52897096317481e-16	NaN
0	0	0	0	5.49808139675492e-15	8.43765341631583e-17	NaN
0	0	0	0	9.30943850000388e-16	1.43725101824741e-17	NaN
0	0	0	0	2.72191282645104e-15	1.12092067838437e-17	NaN
0	0	0	0	1.51921060415474e-15	-4.16182324581079e-18	NaN
0.425090061453698	0.429188920084211	0.425444143563365	0.425444143563365	0.426481790241665	0.422867910546683	NaN
0	0	0	0	1.42486413725641e-15	-1.14083208571794e-16	NaN
0	0	0	0	4.67540346810133e-15	2.53816485179541e-17	NaN
0	0	0	0	1.12202094924799e-15	-2.88448076680154e-17	NaN
0	0	0	0	1.36078959623281e-15	-4.58140688575267e-17	NaN
0	0	0	0	1.19838343337613e-15	-9.54434452607298e-18	NaN
0	0	0	0	7.99850567470548e-16	-6.25448834895937e-18	NaN
0	0	0	0	2.06533154783419e-15	-3.31252482531308e-18	NaN
0	0	0	0	1.58894838648382e-15	7.06643039476387e-17	NaN
0	0	0	0	3.98832272775179e-15	1.3768822051861e-16	NaN
0.226500771955318	0.23014882638597	0.227284764171667	0.227284764171667	0.2264114774045	0.215345241095052	NaN
0	0	0	0	2.20611873889438e-14	1.02069460046581e-16	NaN
0	0	0	0	9.37357695729935e-16	-8.81374330341266e-18	NaN
0	0	0	0	1.28862857861961e-15	-3.04196828570721e-17	NaN
0	0	0	0	7.18257677613972e-16	-4.13327080639819e-17	NaN
0	0	0	0	2.90801244667231e-15	3.70591479544643e-17	NaN
0	0	0	0	8.94101775886256e-16	1.43028977312174e-17	NaN
0	0	0	0	1.93464497177137e-15	-5.30193403808509e-17	NaN
0	0	0	0	8.92484781787007e-16	-9.21915777093561e-17	NaN
0	0	0	0	2.8107573818052e-15	-1.90342478651864e-17	NaN
0	0	0	0	1.93684277309714e-15	5.08869056431337e-17	NaN
0	0	0	0	1.54940291272443e-15	-1.08825112246642e-17	NaN
0	0	0	0	4.50962715462046e-15	-1.85780967970709e-17	NaN
0.0791935337389883	0.0759981047527046	0.0786200284815133	0.0786200284815133	0.0794204731676357	0.0888744553203089	NaN
0	0	0	0	1.60815752526674e-15	-4.69094510262309e-17	NaN
0	0	0	0	1.22004972715785e-15	-2.5275034115083e-17	NaN
0.359065177246995	0.358703572105309	0.361243948585766	0.361243948585766	0.36227424768818	0.352348415803238	NaN
0	0	0	0	1.84290429262527e-15	-2.03782671568772e-16	NaN
0	0	0	0	1.61104598974582e-15	5.92188641789481e-17	NaN
0	0	0	0	1.08825226935674e-15	8.9336993320822e-17	NaN
0	0	0	0	8.8486068564026e-16	2.70077887259259e-18	NaN
0	0	0	0	1.07843125165121e-15	1.74698160767323e-17	NaN
0	0	0	0	9.0202225721078e-16	7.38717887019145e-17	NaN
0	0	0	0	7.98723200313465e-16	-1.62540763193991e-17	NaN
0	0	0	0	2.19084840754888e-15	8.79223358603989e-19	NaN
0	0	0	0	2.52786850345997e-15	-1.32701702250449e-16	NaN
0	0	0	0	1.380626998663e-15	-4.97861054566257e-17	NaN
0	0	0	0	1.55678300260147e-15	5.92459026973599e-17	NaN
0	0	0	0	3.6831529804692e-15	-3.84231093645385e-18	NaN
0	0	0	0	9.01885929609835e-16	4.01425190310197e-17	NaN
0	0	0	0	8.1587422179914e-16	-8.41261599875026e-18	NaN
0	0	0	0	7.10740773537946e-16	7.38007675098639e-17	NaN
0	0	0	0	2.97401972439514e-15	9.04035146663502e-18	NaN
0	0	0	0	1.06048858467812e-14	1.86651311542077e-17	NaN
0	0	0	0	1.73976837760873e-15	-3.18382231593494e-17	NaN
0	0	0	0	2.82045183965535e-15	-1.81610442530182e-19	NaN
0	0	0	0	1.82258628344881e-15	-4.48560151957001e-17	NaN
0	0	0	0	5.79176491103152e-15	-4.77186128809425e-17	NaN
0	0	0	0	3.67493644750955e-15	-1.89274803145635e-17	NaN
0	0	0	0	1.44872913930719e-15	-2.36026003219283e-17	NaN
0	0	0	0	1.53145057496571e-15	-4.39430966459988e-17	NaN
0	0	0	0	1.88537599786539e-15	-1.81814565607e-17	NaN
0	0	0	0	5.7140120027603e-15	5.8785441639076e-17	NaN
0	0	0	0	4.56609950921422e-15	-6.09941113548566e-17	NaN
0	0	0	0	1.83327193356566e-15	-2.83158838874392e-17	NaN
0.151969242878334	0.150160421194192	0.154097701786431	0.154097701786431	0.153644541264962	0.168124214578808	NaN
0	0	0	0	2.28669352641803e-14	5.73909450905701e-17	NaN
0	0	0	0	1.72823639193609e-15	2.64492039601332e-16	NaN
0	0	0	0	1.22769338224932e-15	1.03169575933344e-17	NaN
0	0	0	0	4.23476704388411e-15	-7.39870571691325e-17	NaN
0	0	0	0	2.16591268357999e-15	5.94145855923812e-17	NaN
0	0	0	0	1.12303925261106e-15	2.17644450700582e-17	NaN
0	0	0	0	1.22523804894137e-15	4.45737869249443e-17	NaN
0	0	0	0	1.31163646169757e-15	9.43723448042123e-17	NaN
0	0	0	0	1.18396032348215e-15	-6.37654180780039e-17	NaN
0	0	0	0	3.62895143307343e-15	-4.61760461217647e-18	NaN
0	0	0	0	1.51972688829613e-15	-1.36776988962997e-17	NaN
0	0	0	0	1.68511135022918e-15	-5.55593971793765e-19	NaN
1.51363787727424e-05	6.78216840578326e-05	0.00526724846738561	0.00526724846738581	4.24902589462089e-14	8.71279066416781e-17	NaN
0	0	0	0	1.6619867442118e-15	-1.66562355032259e-17	NaN
0	0	0	0	8.05250392504479e-16	2.3639182734282e-18	NaN
0.26553749281022	0.265065708183213	0.266350733624431	0.266350733624431	0.26770685650925	0.272481809123854	NaN
0	0	0	0	4.25601324441821e-15	9.43295847725279e-17	NaN
0	0	0	0	1.99678863642943e-15	2.174430240629e-17	NaN
0	0	0	0	2.34902875748608e-15	-1.14839935646399e-17	NaN
0	0	0	0	7.64210968526904e-16	1.80691006326792e-16	NaN
0	0	0	0	7.27267944341201e-16	-9.07291142812237e-17	NaN
0	0	0	0	4.48462746640708e-15	6.1542168775082e-18	NaN
0	0	0	0	7.51571427190266e-16	-5.06932196016793e-17	NaN
0	0	0	0	1.04099617717055e-13	-2.31710985785754e-17	NaN
0.0891078618351346	0.0900388106267738	0.0890638392332856	0.0890638392332857	0.0897765355480422	0.152880400523238	NaN
0	0	0	0	7.90966270796415e-16	8.41090950249361e-18	NaN
0	0	0	0	3.66014256140673e-15	6.40983235445473e-17	NaN
0	0	0	0	2.37082681534864e-14	-7.66887402556517e-19	NaN
0	0	0	0	9.87455036477817e-16	3.13959197651245e-17	NaN
0	0	0	0	9.13673133025386e-16	6.23712829194868e-17	NaN
0	0	0	0	6.68794739908861e-15	-2.10863130380875e-17	NaN
0	0	0	0	8.66961979662197e-16	3.11842395285257e-17	NaN
0	0	0	0	1.98316490535832e-15	-1.01798082221652e-16	NaN
0	0	0	0	1.33324919640384e-15	7.67535241882362e-17	NaN
0	0	0	0	7.68722693924671e-16	4.54912227736678e-18	NaN
0	0	0	0	4.97863074250878e-15	1.06029609287584e-16	NaN
0	0	0	0	7.28340070859069e-16	-2.39207605934109e-17	NaN
0	0	0	0	7.27573269488279e-15	5.08433336880212e-17	NaN
0	0	0	0	8.44633615222788e-16	-6.90343441513344e-17	NaN
0	0	0	0	2.49471706819468e-15	2.15285974077962e-17	NaN
0.0963581872672781	0.0993787084866773	0.0987620423155348	0.0987620423155346	0.0984502870275503	0.139276025279183	NaN
0	0	0	0	8.88787193891406e-16	-9.17347778796495e-18	NaN
0	0	0	0	9.58410016672427e-16	8.04623508242567e-17	NaN
0	0	0	0	1.55562201116933e-15	2.71037429162006e-17	NaN
0	0	0	0	1.09577759048406e-15	-4.92778137677835e-17	NaN
0.14207005116096	0.137529732627617	0.137574815178763	0.137574815178763	0.138360402912623	0.133085460853064	NaN
0	0	0	0	7.37233743018291e-16	7.02145921647786e-17	NaN
0	0	0	0	1.56801155594027e-15	-1.99842388435004e-17	NaN
0	0	0	0	1.12514592374234e-15	3.24829735311034e-19	NaN
0	0	0	0	9.41102706225459e-16	-2.99222062957485e-17	NaN
0.0475282293464111	0.0474591464957683	0.0459674313865937	0.0459674313865938	0.0455469244960634	0.0526686369591512	NaN
0	0	0	0	8.81691471704528e-16	-2.75753997527826e-16	NaN
0	0	0	0	2.84663651773205e-15	-9.63029821849659e-17	NaN
0	0	0	0	7.8925517173847e-16	8.47895151102125e-18	NaN
0	0	0	0	1.81592049351275e-15	1.27778439078692e-16	NaN
0	0	0	0	1.48202028783479e-15	-6.49709036744828e-17	NaN
0	0	0	0	5.18064505773194e-15	-2.38409013756098e-17	NaN
0	0	0	0	6.66851460250995e-15	-1.97075444600624e-17	NaN
0	0	0	0	1.36668961929943e-15	-2.26663440719623e-19	NaN
0.130187993824357	0.132227586305902	0.130744624824033	0.130744624824033	0.13094775592449	0.161825717998665	NaN
0	0	0	0	8.29714777206534e-16	-7.53254344158242e-18	NaN
0	0	0	0	1.5494989121836e-15	3.35799333414101e-17	NaN
0	0	0	0	1.49002414679291e-15	7.28075053619344e-17	NaN
0	0	0	0	3.97226963047798e-15	6.64778130142083e-17	NaN
0	0	0	0	6.91882188592531e-16	4.07068934834909e-17	NaN
0	0	0	0	7.65147310862776e-16	4.01784825590406e-17	NaN
0	0	0	0	1.95561359472433e-15	1.23963321740138e-17	NaN
0	0	0	0	1.01804905370139e-15	4.54523432128081e-17	NaN
0	0	0	0	1.20262569010535e-15	-1.57619605536549e-17	NaN
0	0	0	0	4.51738864752705e-15	-3.15567033332296e-16	NaN
0	0	0	0	1.21422739910426e-14	5.01249797197442e-17	NaN
0	0	0	0	4.56676259302948e-15	2.14662717417432e-17	NaN
0	0	0	0	1.32263043038921e-12	-1.8148009366694e-18	NaN
0	0	0	0	2.84211505667212e-14	-1.76461866180626e-17	NaN
0.0739260739260739	0.0726170298815641	0.0741793202576194	0.0741793202576196	0.0742537748915538	0.0982267685563843	NaN
0	0	0	0	1.15697698034549e-15	-1.55794801305421e-17	NaN
0	0	0	0	5.27204997783411e-15	1.71810735713458e-17	NaN
0	0	0	0	1.77911728560883e-15	8.44159074078515e-18	NaN
0	0	0	0	1.44076587138421e-15	3.96977633537823e-17	NaN
0	0	0	0	1.46677143921656e-15	-5.68486087374976e-17	NaN
0	0	0	0	4.88488223640346e-15	3.30427594879981e-17	NaN
0	0	0	0	2.80991226102542e-15	1.96544326802725e-17	NaN
0	0	0	0	1.441284156505e-15	-5.50376157103326e-17	NaN
0	0	0	0	1.03051474638063e-15	2.47063184182738e-17	NaN
0	0	0	0	7.24758142497283e-16	-1.74401445042222e-17	NaN
0	0	0	0	6.93501310293888e-16	1.16953476386899e-16	NaN
0	0	0	0	9.81172859324048e-16	2.3177872314821e-17	NaN
0	0	0	0	2.58586644764722e-15	-4.95030130432747e-17	NaN
0	0	0	0	4.63058518355365e-15	-9.93375007675577e-17	NaN
0	0	0	0	1.0899406263116e-15	-5.16019772023057e-17	NaN
0	0	0	0	1.58036316318928e-15	1.56713870115937e-17	NaN
0	0	0	0	8.97905605337736e-16	-4.40929211820196e-17	NaN
0	0	0	0	3.82336109725883e-15	-9.7114215425834e-17	NaN
0	0	0	0	7.12556769048739e-16	-1.33748147037299e-17	NaN
0	0	0	0	1.30269725774779e-15	-3.45288307883707e-17	NaN
0	0	0	0	1.23033000420204e-15	-3.08473737191823e-17	NaN
0	0	0	0	8.17605609834559e-16	-1.74609769161006e-17	NaN
0	0	0	0	1.66613351259053e-15	2.85182515397785e-17	NaN
0	0	0	0	1.58160001312636e-15	-1.47032497714368e-16	NaN
0	0	0	0	3.01651950436311e-15	-1.61839924774968e-17	NaN
0	0	0	0	3.04520091671684e-15	-3.83844956283846e-17	NaN
0	0	0	0	1.6746575569397e-15	1.4542823958542e-17	NaN
0	0	0	0	9.4131073608502e-16	-8.09649864012735e-19	NaN
0	0	0	0	9.40492443704607e-16	-1.63151534053323e-17	NaN
0.0312868949232585	0.0337129492446125	0.03261970225467	0.0326197022546701	0.0338641414717376	0.0282028498584453	NaN
0	0	0	0	1.25518012312106e-15	-3.62639430158434e-17	NaN
0	0	0	0	1.47426454024249e-14	4.89830495632456e-17	NaN
0.0926346380891836	0.0890213436573513	0.0899496547859648	0.0899496547859647	0.0910864153455416	0.131442729214105	NaN
0	0	0	0	7.83149934446466e-16	1.49188974486572e-17	NaN
0	0	0	0	6.35851226134656e-15	5.75985605047091e-17	NaN
0	0	0	0	7.36005867137962e-15	2.98493750621075e-17	NaN
0	0	0	0	1.05638038774961e-15	-1.27387731908049e-16	NaN
0	0	0	0	1.95127417000877e-14	1.98530697716625e-16	NaN
0	0	0	0	3.70835435775803e-15	8.12607483101918e-18	NaN
0	0	0	0	1.23031473717145e-15	-4.35369388718152e-17	NaN
0	0	0	0	7.72030454253478e-16	-3.78363358955198e-18	NaN
0	0	0	0	2.97163987386887e-15	1.50335105457374e-17	NaN
0	0	0	0	9.37045510885784e-16	-7.48359033060284e-17	NaN
0	0	0	0	1.65623104283873e-15	-2.17962985711736e-17	NaN
0	0	0	0	1.58010916105399e-15	2.4039794852093e-17	NaN
0	0	0	0	8.89731032541587e-16	1.87648395288539e-16	NaN
0	0	0	0	1.8654790671518e-15	8.57187260028623e-17	NaN
0	0	0	0	9.51297936720566e-16	-4.12298393046963e-17	NaN
0	0	0	0	4.37620977431514e-15	-8.92809917948986e-18	NaN
0	0	0	0	1.06250653279616e-15	2.19395756904014e-17	NaN
0	0	0	0	9.92992540396672e-16	-7.65748534301731e-17	NaN
0	0	0	0	4.58398265443072e-15	4.16470554012575e-17	NaN
0	0	0	0	6.61369009083361e-16	-1.34452627599093e-16	NaN
0	0	0	0	1.75555703881346e-15	3.09833495895441e-17	NaN
0	0	0	0	1.24133060138934e-15	-3.3960331330215e-17	NaN
0	0	0	0	1.16484151184355e-15	-1.07502353816344e-16	NaN
0	0	0	0	6.20553838339326e-15	-3.62477121539616e-17	NaN
0	0	0	0	1.9081358078947e-15	-4.59089582384658e-18	NaN
0	0	0	0	1.37869662683679e-15	6.45268562809556e-17	NaN
0	0	0	0	1.32885300586072e-15	2.23150513887742e-17	NaN
0	0	0	0	1.01859531410038e-15	3.56263983745639e-19	NaN
0	0	0	0	2.2622452667316e-15	-3.00484109485929e-17	NaN
0.109133290951473	0.105924361774084	0.104198920220005	0.104198920220005	0.105338336652685	0.137378630119051	NaN
0.680667817031453	0.678108361416713	0.67870407739628	0.678704077396281	0.680406357356303	0.682297496427952	NaN
0	0	0	0	1.26356344012682e-15	8.17948110412583e-17	NaN
0	0	0	0	1.22787930783988e-15	3.50161155498602e-17	NaN
0	0	0	0	1.40573929407669e-14	5.42290336430699e-18	NaN
0	0	0	0	3.48916298012718e-15	-1.41095309438591e-18	NaN
0	0	0	0	9.35194588996329e-16	3.06826542379221e-17	NaN
0	0	0	0	5.91911809684648e-15	-5.37643086517671e-17	NaN
0	0	0	0	7.64723030343335e-15	1.33198479520558e-17	NaN
0	0	0	0	9.23364282258971e-15	-1.14325131826667e-16	NaN
0	0	0	0	2.47803616137413e-15	1.41810393134445e-17	NaN
0	0	0	0	1.54713741271435e-15	-3.35938212283382e-17	NaN
0	0	0	0	1.9955574423291e-15	-1.51861445130316e-17	NaN
0	0	0	0	1.193056546224e-15	-5.30741812189769e-17	NaN
0	0	0	0	7.46799387374543e-16	9.51899705048579e-17	NaN
0	0	0	0	2.3814873320352e-15	3.25646717617959e-17	NaN
0.0464989555898647	0.047708022373882	0.0490634025735608	0.0490634025735609	0.0483542457952743	0.114033656182373	NaN
0	0	0	0	6.49624990349134e-15	-2.30509065868367e-17	NaN
0	0	0	0	4.59541085573034e-15	1.51113090170413e-16	NaN
0	0	0	0	2.88185556695728e-15	-6.40773247816222e-20	NaN
0	0	0	0	7.44615501689989e-15	-1.08871943284763e-17	NaN
0	0	0	0	1.91903957297578e-15	-1.2100314858437e-18	NaN
0	0	0	0	2.35342140803878e-15	4.20187019648117e-17	NaN
0	0	0	0	2.68788991563883e-15	1.64495502100752e-16	NaN
0	0	0	0	1.22190133581955e-15	-3.73973449464721e-17	NaN
0	0	0	0	8.56415897203615e-16	7.88968386518496e-18	NaN
0	0	0	0	3.10461579533046e-15	1.76707269780461e-17	NaN
0	0	0	0	1.0329397193603e-15	7.44534296881509e-17	NaN
0	0	0	0	1.11654324303085e-15	-2.88540020948365e-18	NaN
0	0	0	0	7.093075387019e-14	0.0171158072096215	NaN
0	0	0	0	1.80682536772688e-15	-4.32944588119172e-18	NaN
0	0	0	0	1.27304614390438e-15	9.71896814869456e-17	NaN
0	0	0	0	1.01815273392254e-15	9.32548418075589e-18	NaN
0	0	0	0	1.14531026600596e-15	-6.11105147424704e-17	NaN
0	0	0	0	4.89457729562187e-15	-2.68535130893615e-17	NaN
0	0	0	0	1.06186216066172e-15	8.66924067466879e-17	NaN
0	0	0	0	5.34249278872351e-15	5.50516221253193e-17	NaN
0	0	0	0	8.14951356911665e-16	1.00436031218564e-16	NaN
0	0	0	0	1.82330526981581e-15	-5.6057344140106e-17	NaN
0	0	0	0	1.3662970964491e-15	8.16516822596277e-18	NaN
0	0	0	0	8.84036727727285e-16	-5.73101625227186e-17	NaN
0	0	0	0	2.45110824446057e-15	1.45076124678344e-17	NaN
0	0	0	0	6.73319884846082e-15	2.07246056083179e-16	NaN
0	0	0	0	2.94577801968358e-15	6.27884498987564e-17	NaN
0	0	0	0	1.19388388623754e-15	-9.45927009175962e-18	NaN
0	0	0	0	7.77216327340961e-16	2.54394052272166e-18	NaN
0	0	0	0	2.93668963738635e-15	-2.23015428955709e-17	NaN
0	0	0	0	2.87055243395366e-15	6.58498633214672e-17	NaN
0	0	0	0	2.10748169649794e-15	-5.50960296075486e-16	NaN
0	0	0	0	1.43615469882367e-15	4.15396348871085e-17	NaN
0	0	0	0	1.60265621753759e-15	6.88873338218274e-17	NaN
0	0	0	0	9.14455840288584e-16	3.92736837954655e-17	NaN
0	0	0	0	1.70115316405721e-15	5.72371120529578e-17	NaN
0	0	0	0	2.12485868470572e-15	5.64549355881846e-17	NaN
0	0	0	0	1.4462733017501e-14	-1.16530588848359e-16	NaN
0	0	0	0	7.09129434683581e-16	1.68012415694986e-17	NaN
0	0	0	0	1.11450031378787e-15	-7.08746646965672e-17	NaN
0.0506614597523688	0.0521798579740349	0.0506855550047734	0.0506855550047735	0.0502532964676461	0.0954285767995372	NaN
0	0	0	0	7.67171551141702e-16	-2.782875298805e-17	NaN
0	0	0	0	7.29090703960639e-16	9.17662872867708e-18	NaN
0	0	0	0	1.17144982919721e-15	1.0157373619208e-18	NaN
0	0	0	0	1.26687724224154e-14	-3.99949762294848e-16	NaN
0	0	0	0	1.80287315250985e-15	6.34115646910536e-17	NaN
0.13345745163927	0.127218115515951	0.129419846785354	0.129419846785354	0.130702812444596	0.180239700701017	NaN
0	0	0	0	1.22002590406464e-15	-1.04188958469619e-16	NaN
0.0798746707837617	0.084706354090653	0.0838857873513721	0.0838857873513723	0.0826662198079393	0.100042107383458	NaN
0	0	0	0	1.0771107082661e-15	1.53410730484333e-16	NaN
