FW_Default	FW_LBM	FW_QBM	FW_NM	Direct	interior-point-convex	active-set
0	0.0513053677192155	0.0509127396850956	0.0509127396850956	5.90586433099582e-10	1	NaN
0	0	0	0	1.85344321889436e-10	0	NaN
0	0	0	0	7.32263908558334e-10	0	NaN
0	0	0	0	1.66011256644488e-09	0	NaN
0.0909090909090909	0.0513053677192155	0.0509127396850956	0.0509127396850956	0.0620085120016883	1	NaN
0	0	0	0	0.0037408116808867	0	NaN
0	0	0	0	4.84371160749425e-10	0	NaN
0	0	0	0	1.88120526426119e-09	0	NaN
0	0	0	0	2.35269715380785e-10	0	NaN
0	0	0	0	2.03186647374025e-10	0	NaN
0	0	0	0	8.70360971028952e-10	0	NaN
0	0	0	0	1.90051146189684e-10	0	NaN
0	0	0	0	8.73307922027033e-10	0	NaN
0	0	0	0	4.88199181862478e-10	0	NaN
0	0	0	0	2.58355609123672e-10	0	NaN
0	0	0	0	1.85650434571604e-10	0	NaN
0	0	0	0	2.2256435449583e-10	0	NaN
0	0	0	0	7.1497670459796e-10	0	NaN
0	0	0	0	2.26024516031767e-10	0	NaN
0	0	0	0	2.73609060786847e-10	0	NaN
0	0	0	0	3.7332559579301e-10	0	NaN
0	0	0	0	5.76274620435811e-10	0	NaN
0	0	0	0	5.29491420249757e-10	0	NaN
0	0	0	0	2.37209175925826e-10	0	NaN
0	0	0	0	2.10472459454392e-08	0	NaN
0	0	0	0	5.27244324336354e-10	0	NaN
0	0	0	0	3.41965628304578e-10	0	NaN
0	0	0	0	0.0295667389503395	0	NaN
0	0	0	0	9.92030169484162e-10	0	NaN
0	0	0	0	2.9183918915041e-10	0	NaN
0	0	0	0	6.50488562857542e-10	0	NaN
0	0	0	0	3.56000926091595e-10	0	NaN
0	0	0	0	3.3428993555837e-10	0	NaN
0	0	0	0	2.9064568128175e-10	0	NaN
0	0	0	0	5.58505074648725e-10	0	NaN
0	0	0	0	9.27528287068864e-10	0	NaN
0	0	0	0	3.38864228056603e-10	0	NaN
0	0	0	0	2.36977478745536e-10	0	NaN
0	0	0	0	3.86211340102772e-10	0	NaN
0	0	0	0	4.12113989441292e-10	0	NaN
0	0	0	0	4.02463127036357e-09	0	NaN
0	0	0	0	2.60135018454403e-10	0	NaN
0	0	0	0	2.9300715714686e-10	0	NaN
0	0	0	0	5.92497507938804e-10	0	NaN
0	0	0	0	5.0079586585117e-10	0	NaN
0	0	0	0	2.00108494936925e-10	0	NaN
0	0	0	0	6.17786762067685e-10	0	NaN
0	0	0	0	5.06136968703944e-10	0	NaN
0	0	0	0	1.50532987635899e-09	0	NaN
0	0	0	0	5.28838311482323e-10	0	NaN
0	0.0513053677192155	0.0509127396850956	0.0509127396850956	3.139447251476e-10	1	NaN
0	0	0	0	2.76785837562415e-10	0	NaN
0	0	0	0	4.56628130353437e-10	0	NaN
0	0	0	0	8.24160166706916e-10	0	NaN
0	0	0	0	2.42097409559188e-10	0	NaN
0	0	0	0	1.08071556592654e-09	0	NaN
0	0	0	0	3.60543432601215e-10	0	NaN
0	0	0	0	7.71151997323822e-10	0	NaN
0	0	0	0	6.51853587984432e-10	0	NaN
0	0	0	0	2.09032225258919e-10	0	NaN
0	0	0	0	0.0217457012211457	0	NaN
0	0	0	0	1.1818284744632e-09	0	NaN
0	0	0	0	2.45360911049099e-10	0	NaN
0	0	0	0	5.55752001290238e-10	0	NaN
0	0	0	0	4.3799278915216e-10	0	NaN
0	0	0	0	0.0249954271071357	0	NaN
0	0	0	0	1.77436128848226e-09	0	NaN
0	0	0	0	2.95548389838993e-10	0	NaN
0	0	0	0	8.07789833329227e-09	0	NaN
0	0	0	0	1.41157711323207e-09	0	NaN
0	0	0	0	2.06080232502756e-10	0	NaN
0	0	0	0	5.12896097999719e-10	0	NaN
0	0	0	0	0.019490213861366	0	NaN
0	0	0	0	2.18088878272486e-10	0	NaN
0.163636363636364	0.092041194152832	0.117492611323127	0.117492611323127	0.0745290418329677	0	NaN
0	0	0	0	2.12164777248273e-10	0	NaN
0	0	0	0	5.52474145643096e-10	0	NaN
0	0	0	0	5.11625697638373e-10	0	NaN
0	0	0	0	6.69881918891157e-10	0	NaN
0	0	0	0	3.89064190924891e-10	0	NaN
0	0	0	0	1.010803842874e-09	0	NaN
0	0	0	0	8.43005010580177e-10	0	NaN
0	0	0	0	4.96789391302682e-10	0	NaN
0	0	0	0	8.61598772707072e-10	0	NaN
0	0	0	0	3.70486928236208e-10	0	NaN
0	0	0	0	1.90554564685792e-10	0	NaN
0	0	0	0	7.68855338169065e-10	0	NaN
0	0	0	0	1.84064016905974e-10	0	NaN
0	0	0	0	2.83753657006249e-10	0	NaN
0	0	0	0	4.11188831229122e-10	0	NaN
0	0	0	0	3.25528040183065e-10	0	NaN
0	0	0	0	1.05468835713653e-08	0	NaN
0	0	0	0	2.11186649198649e-10	0	NaN
0	0	0	0	1.89485101591902e-10	0	NaN
0	0	0	0	1.82238976585345e-09	0	NaN
0.127272727272727	0.173676086154794	0.175393963478032	0.175393963478032	0.154945903884662	0	NaN
0	0	0	0	3.575819927242e-10	0	NaN
0	0	0	0	7.75989499555355e-10	0	NaN
0	0	0	0	7.37524006487753e-10	0	NaN
0	0	0	0	5.41998961152091e-09	0	NaN
0	0	0	0	1.84514953213062e-10	0	NaN
0	0	0	0	8.85033634933341e-10	0	NaN
0	0	0	0	4.11518129992918e-10	0	NaN
0	0	0	0	1.67079532535569e-09	0	NaN
0	0	0	0	6.78916661579969e-10	0	NaN
0	0	0	0	3.23398378605606e-10	0	NaN
0	0	0	0	2.78157632322362e-10	0	NaN
0.0727272727272728	0.0759793115376961	0.0750012064227952	0.0750012064227952	0.0409268930476837	0	NaN
0	0	0	0	6.61198256535163e-10	0	NaN
0	0	0	0	2.38119683059849e-10	0	NaN
0	0	0	0	5.049311668003e-10	0	NaN
0	0	0	0	6.07862235472701e-10	0	NaN
0	0	0	0	3.09045083905242e-10	0	NaN
0	0	0	0	2.81575393484086e-08	0	NaN
0	0	0	0	1.40555643372442e-09	0	NaN
0	0	0	0	1.97730447436644e-10	0	NaN
0	0	0	0	2.4908735344103e-10	0	NaN
0	0	0	0	4.65919822196376e-10	0	NaN
0	0	0	0	2.49917018989095e-09	0	NaN
0	0	0	0	0.0369878766207591	0	NaN
0	0	0	0	2.44100657408867e-08	0	NaN
0	0	0	0	3.86749527708948e-09	0	NaN
0	0	0	0	3.54624274054722e-10	0	NaN
0	0	0	0	3.19793950354115e-10	0	NaN
0	0	0	0	6.50230657158266e-10	0	NaN
0	0	0	0	1.86989726705101e-10	0	NaN
0	0	0	0	2.24867995259171e-09	0	NaN
0	0	0	0	3.07990015029483e-10	0	NaN
0	0	0	0	1.82881542480624e-09	0	NaN
0	0	0	0	1.48605319334652e-09	0	NaN
0	0	0	0	3.41390200407123e-10	0	NaN
0	0	0	0	3.6314872911296e-10	0	NaN
0	0	0	0	3.328788500187e-10	0	NaN
0	0	0	0	1.81943260353549e-10	0	NaN
0	0	0	0	3.25833394789168e-10	0	NaN
0	0	0	0	4.79145981519529e-10	0	NaN
0	0	0	0	2.37406145864812e-10	0	NaN
0	0	0	0	2.41800353463142e-10	0	NaN
0	0	0	0	1.47534309637745e-09	0	NaN
0	0	0	0	2.12114584178472e-10	0	NaN
0	0	0	0	2.47339337046613e-10	0	NaN
0	0	0	0	3.82322851324082e-10	0	NaN
0	0	0	0	6.05250798147954e-10	0	NaN
0	0	0	0	2.89643592575237e-10	0	NaN
0	0	0	0	1.89248856139348e-10	0	NaN
0	0	0	0	1.9240897198966e-10	0	NaN
0	0	0	0	1.57362543017421e-09	0	NaN
0	0	0	0	1.88302951674827e-10	0	NaN
0	0	0	0	7.52107829605321e-10	0	NaN
0	0	0	0	6.53665472222777e-10	0	NaN
0	0	0	0	2.52233068391127e-10	0	NaN
0	0	0	0	6.27652214711185e-10	0	NaN
0	0	0	0	1.87851529365274e-10	0	NaN
0	0	0	0	0.00261717298253373	0	NaN
0	0	0	0	2.71916216620448e-10	0	NaN
0	0	0	0	2.8375085556966e-10	0	NaN
0	0	0	0	2.44267475468235e-10	0	NaN
0	0	0	0	4.17762053074642e-10	0	NaN
0	0	0	0	4.38726591458762e-10	0	NaN
0	0	0	0	0.021770284965086	0	NaN
0	0	0	0	3.88543512454749e-10	0	NaN
0	0	0	0	6.51911311201909e-10	0	NaN
0	0	0	0	5.78365496473687e-09	0	NaN
0	0	0	0	3.29330326075082e-10	0	NaN
0	0	0	0	2.24065229402502e-10	0	NaN
0	0	0	0	1.80352605389121e-09	0	NaN
0	0	0	0	1.62341874281967e-09	0	NaN
0	0	0	0	2.28438399095158e-10	0	NaN
0	0	0	0	3.6110018694944e-10	0	NaN
0	0	0	0	3.48999184738622e-10	0	NaN
0	0	0	0	2.01983714634745e-10	0	NaN
0	0	0	0	6.6005204249171e-10	0	NaN
0	0	0	0	6.87935920102683e-10	0	NaN
0	0	0	0	0.061884939550183	0	NaN
0	0	0	0	2.67984687857623e-10	0	NaN
0	0	0	0	3.69918478445973e-09	0	NaN
0	0	0	0	3.90641248648389e-10	0	NaN
0	0	0	0	1.87002557965889e-10	0	NaN
0.0545454545454546	0.100007768811492	0.0982452764937139	0.0982452764937138	0.0636774036206952	0	NaN
0	0	0	0	2.54954221468454e-10	0	NaN
0	0	0	0	8.12511093337864e-10	0	NaN
0	0	0	0	1.88722230650618e-10	0	NaN
0	0	0	0	3.1642996942604e-10	0	NaN
0	0	0	0	2.83688878700105e-10	0	NaN
0	0	0	0	4.29977771605967e-10	0	NaN
0	0	0	0	3.93335230508469e-10	0	NaN
0	0	0	0	2.25361971225636e-10	0	NaN
0	0	0	0	4.19842179794028e-10	0	NaN
0	0	0	0	3.49538362263013e-10	0	NaN
0	0	0	0	5.99921270295617e-05	0	NaN
0	0	0	0	3.84646542021438e-10	0	NaN
0	0	0	0	8.45096757331585e-10	0	NaN
0	0	0	0	6.52610296832414e-10	0	NaN
0	0	0	0	6.21768651317961e-10	0	NaN
0	0	0	0	1.437423472115e-09	0	NaN
0	0	0	0	4.50417893985583e-10	0	NaN
0	0	0	0	1.10091222101811e-09	0	NaN
0	0	0	0	1.39498246490855e-09	0	NaN
0	0	0	0	0.00817127820132437	0	NaN
0	0	0	0	1.30024184557967e-09	0	NaN
0	0	0	0	1.8671244947736e-10	0	NaN
0	0	0	0	3.32673794557151e-10	0	NaN
0	0	0	0	3.92682971996148e-10	0	NaN
0	0	0	0	2.35209420812446e-10	0	NaN
0	0	0	0	1.19487263432785e-09	0	NaN
0	0	0	0	4.11448446965998e-10	0	NaN
0	0	0	0	4.94416795858874e-10	0	NaN
0	0	0	0	5.70708989107251e-10	0	NaN
0	0	0	0	2.77924225193913e-10	0	NaN
0	0	0	0	7.37705161637529e-10	0	NaN
0	0	0	0	1.26895450117979e-09	0	NaN
0	0	0	0	1.81679123901372e-08	0	NaN
0	0	0	0	3.4112389073123e-10	0	NaN
0	0	0	0	1.003828351278e-09	0	NaN
0	0	0	0	3.50010348438236e-10	0	NaN
0	0	0	0	1.92166869733276e-09	0	NaN
0	0	0	0	2.93296687930188e-09	0	NaN
0	0	0	0	2.31015794584084e-10	0	NaN
0	0	0	0	8.51138690643093e-10	0	NaN
0	0	0	0	3.08761191211216e-10	0	NaN
0	0	0	0	1.99850086453742e-10	0	NaN
0	0	0	0	1.7343421293597e-09	0	NaN
0	0	0	0	1.22013292502717e-09	0	NaN
0	0	0	0	2.5836489193088e-10	0	NaN
0	0	0	0	7.95722047540402e-09	0	NaN
0	0	0	0	3.45841951613644e-10	0	NaN
0	0	0	0	2.14685323742002e-10	0	NaN
0	0	0	0	4.50734732771323e-10	0	NaN
0	0	0	0	2.10601943597492e-10	0	NaN
0	0	0	0	4.48630211543554e-10	0	NaN
0	0	0	0	2.84246733181657e-10	0	NaN
0	0	0	0	2.50607555199786e-10	0	NaN
0	0	0	0	2.2124025758572e-10	0	NaN
0	0	0	0	2.51096550658261e-10	0	NaN
0	0	0	0	2.87917430679804e-10	0	NaN
0	0	0	0	3.15125493385988e-10	0	NaN
0	0	0	0	2.02292966285071e-09	0	NaN
0	0	0	0	6.96619712231429e-10	0	NaN
0.109090909090909	0.158799554415047	0.164609791881042	0.164609791881042	0.143496076232865	0	NaN
0	0	0	0	9.92329267183827e-10	0	NaN
0	0	0	0	1.80186692476545e-10	0	NaN
0	0	0	0	9.5855635068549e-10	0	NaN
0	0	0	0	1.85027152821198e-10	0	NaN
0	0	0	0	4.80490584103166e-10	0	NaN
0	0	0	0	0.0357364033264542	0	NaN
0	0	0	0	8.47338834651168e-10	0	NaN
0	0	0	0	3.75592301119964e-09	0	NaN
0	0	0	0	3.31690363727587e-10	0	NaN
0	0	0	0	3.44130801243049e-10	0	NaN
0	0	0	0	1.09580403210689e-09	0	NaN
0	0	0	0	3.1347125275291e-10	0	NaN
0	0	0	0	3.3573518299787e-10	0	NaN
0	0	0	0	2.20650517785192e-10	0	NaN
0	0	0	0	1.92960132203573e-10	0	NaN
0	0	0	0	2.39375661484679e-10	0	NaN
0	0	0	0	1.91780494157356e-10	0	NaN
0	0	0	0	3.43466151854774e-09	0	NaN
0	0	0	0	1.03530836106774e-09	0	NaN
0	0	0	0	1.85963241871182e-10	0	NaN
0	0	0	0	2.75858261819508e-10	0	NaN
0	0	0	0	7.01652200113979e-10	0	NaN
0	0	0	0	2.99400253577064e-10	0	NaN
0	0	0	0	3.97053171035997e-10	0	NaN
0	0	0	0	2.04761686600223e-10	0	NaN
0	0	0	0	6.23406346819687e-10	0	NaN
0	0	0	0	9.05821899384673e-10	0	NaN
0	0	0	0	3.2822104909065e-09	0	NaN
0	0	0	0	1.92850372108025e-10	0	NaN
0	0	0	0	4.0164484616565e-10	0	NaN
0	0	0	0	0.00245309676320332	0	NaN
0	0	0	0	3.6229749750576e-10	0	NaN
0	0	0	0	2.76138180478521e-10	0	NaN
0	0	0	0	1.18330433350629e-09	0	NaN
0	0	0	0	3.48943991268898e-10	0	NaN
0	0	0	0	8.08957038576892e-10	0	NaN
0	0	0	0	2.24176247661997e-10	0	NaN
0	0	0	0	7.08081515949617e-10	0	NaN
0	0	0	0	1.8826454881952e-10	0	NaN
0	0	0	0	3.64174648559825e-10	0	NaN
0	0	0	0	5.27911950224759e-10	0	NaN
0	0	0	0	0.0577360474494122	0	NaN
0	0	0	0	0.015805583730165	0	NaN
0	0	0	0	2.93033099552949e-10	0	NaN
0	0	0	0	1.39100508951866e-09	0	NaN
0	0	0	0	1.21759252111199e-09	0	NaN
0	0	0	0	3.17072286133512e-10	0	NaN
0	0	0	0	4.61476757292718e-10	0	NaN
0	0	0	0	3.01788962372097e-10	0	NaN
0	0	0	0	7.06769522195432e-10	0	NaN
0	0	0	0	1.90188283193266e-09	0	NaN
0	0	0	0	3.5905760969845e-10	0	NaN
0	0	0	0	3.12315802980525e-10	0	NaN
0	0	0	0	2.43018704626165e-10	0	NaN
0	0	0	0	1.38078686831473e-09	0	NaN
0	0	0	0	2.37700335048596e-10	0	NaN
0	0	0	0	2.64731161983417e-10	0	NaN
0	0	0	0	2.03527981347807e-09	0	NaN
0	0	0	0	2.7625485735496e-10	0	NaN
0	0	0	0	2.14814173453494e-10	0	NaN
0	0	0	0	2.20201171470914e-10	0	NaN
0	0	0	0	3.32944073918225e-10	0	NaN
0	0	0	0	5.36255290587176e-09	0	NaN
0	0	0	0	5.06528361842629e-10	0	NaN
0	0	0	0	6.05771092996292e-10	0	NaN
0	0	0	0	9.36473744801071e-10	0	NaN
0	0	0	0	3.49127822768771e-10	0	NaN
0	0	0	0	2.2149236927624e-10	0	NaN
0	0	0	0	2.04779699116788e-10	0	NaN
0	0	0	0	3.78969134840842e-10	0	NaN
0	0	0	0	7.30618618919086e-10	0	NaN
0	0	0	0	1.98987355959369e-10	0	NaN
0	0	0	0	5.38834474761844e-10	0	NaN
0	0	0	0	2.67105439599348e-10	0	NaN
0	0	0	0	2.34474424007805e-10	0	NaN
0	0	0	0	2.63556197833213e-10	0	NaN
0	0	0	0	4.91282304472364e-10	0	NaN
0	0	0	0	1.20005176236243e-09	0	NaN
0	0	0	0	2.98778258387755e-10	0	NaN
0	0	0	0	1.84861725085293e-10	0	NaN
0	0	0	0	2.8548073632095e-10	0	NaN
0	0	0	0	2.11251256454271e-10	0	NaN
0	0	0	0	3.38894493343937e-10	0	NaN
0	0	0	0	5.11911608529003e-10	0	NaN
0.127272727272727	0.100007768811492	0.0982452764937139	0.0982452764937138	0.0905697920123952	0	NaN
0	0	0	0	2.40262707718055e-10	0	NaN
0	0	0	0	1.90523803565107e-09	0	NaN
0	0	0	0	2.14764463759191e-10	0	NaN
0	0	0	0	2.65764918087181e-10	0	NaN
0	0	0	0	1.79816660059119e-10	0	NaN
0.545454545454546	0.544225396465835	0.551644214174028	0.551644214174029	0.558221707200633	1	NaN
0	0	0	0	2.94790636336926e-07	0	NaN
0	0	0	0	2.13877233649626e-10	0	NaN
0	0	0	0	6.07232200112084e-10	0	NaN
0	0	0	0	5.29559316417042e-09	0	NaN
0	0	0	0	2.1257882477502e-10	0	NaN
0	0	0	0	6.58678209663818e-10	0	NaN
0	0	0	0	7.41116926919183e-10	0	NaN
0	0	0	0	2.49345450673196e-10	0	NaN
0	0	0	0	6.69971669028622e-10	0	NaN
0	0	0	0	0.0406323822298074	0	NaN
0	0	0	0	7.12196188878431e-10	0	NaN
0	0	0	0	4.91582831185326e-10	0	NaN
0	0	0	0	2.27131954958303e-10	0	NaN
0	0	0	0	3.10206291867953e-10	0	NaN
0	0	0	0	3.44804152757493e-10	0	NaN
0	0	0	0	6.75921499743143e-10	0	NaN
0.2	0.149322497118057	0.143627864861969	0.143627864861969	0.125409300082708	0	NaN
0	0	0	0	2.87518563331498e-10	0	NaN
0	0	0	0	2.25025649452244e-10	0	NaN
0	0	0	0	5.63904120650658e-10	0	NaN
0	0	0	0	2.81753581748111e-10	0	NaN
0	0	0	0	0.00682092263213674	0	NaN
0	0	0	0	2.12444827500749e-08	0	NaN
0	0	0	0	2.1924062065485e-10	0	NaN
0	0	0	0	6.92556623212798e-10	0	NaN
0	0	0	0	3.52851229690711e-10	0	NaN
0	0	0	0	3.54161506885195e-10	0	NaN
0	0	0	0	1.89540460427096e-09	0	NaN
0	0	0	0	1.99155094167796e-10	0	NaN
0	0	0	0	2.65075848265556e-10	0	NaN
0	0	0	0	1.99733290023424e-09	0	NaN
0	0	0	0	2.0601506991677e-10	0	NaN
0	0	0	0	1.12705549885992e-09	0	NaN
0.145454545454545	0.106725397825241	0.0929883042133638	0.0929883042133638	0.0445294047205439	0	NaN
0	0	0	0	1.71391377582023e-09	0	NaN
0	0	0	0	2.16495362825665e-10	0	NaN
0	0	0	0	1.52142412443688e-09	0	NaN
0	0	0	0	1.14407853209667e-08	0	NaN
0	0	0	0	1.39647030650798e-09	0	NaN
0	0	0	0	8.44003403560075e-10	0	NaN
0	0	0	0	5.40328006957319e-10	0	NaN
0	0	0	0	1.02842117080191e-09	0	NaN
0	0	0	0	2.60432520322158e-10	0	NaN
0	0	0	0	6.01148463440922e-10	0	NaN
0	0	0	0	1.84654182470498e-10	0	NaN
0	0	0	0	6.22793353186728e-10	0	NaN
0	0	0	0	1.96490751889748e-10	0	NaN
0	0	0	0	5.75948990661718e-10	0	NaN
0	0	0	0	1.83247163209662e-10	0	NaN
0	0	0	0	2.33996106868836e-10	0	NaN
0	0	0	0	5.72052697058703e-09	0	NaN
0	0	0	0	2.85127702122196e-10	0	NaN
0	0	0	0	2.29322868399272e-10	0	NaN
0	0	0	0	1.35291433411361e-09	0	NaN
0	0	0	0	2.45765305884729e-10	0	NaN
0	0	0	0	1.09292938088843e-09	0	NaN
0	0	0	0	7.68937718325584e-10	0	NaN
0	0	0	0	2.13924299208876e-10	0	NaN
0	0	0	0	7.70978776002062e-10	0	NaN
0	0	0	0	2.47178201348424e-09	0	NaN
0	0	0	0	2.42331976928195e-10	0	NaN
0.363636363636364	0.291743397222673	0.281445960785208	0.281445960785208	0.300989135444038	0	NaN
0	0	0	0	4.34649089535341e-10	0	NaN
0	0	0	0	6.47206047438476e-09	0	NaN
0	0	0	0	2.43569546277313e-10	0	NaN
0	0	0	0	6.25697880724299e-10	0	NaN
0	0	0	0	1.98981511026569e-10	0	NaN
0	0	0	0	3.05186731965098e-10	0	NaN
0	0	0	0	2.38613366955669e-10	0	NaN
0	0	0	0	7.88161018597345e-10	0	NaN
0	0	0	0	3.67379985304847e-10	0	NaN
0	0	0	0	1.08094564784277e-09	0	NaN
0	0	0	0	2.91974144514698e-10	0	NaN
0	0	0	0	4.97833986221066e-10	0	NaN
0	0	0	0	3.4227452666074e-10	0	NaN
0	0	0	0	2.32673726419727e-09	0	NaN
0	0	0	0	2.31076623864761e-10	0	NaN
0	0	0	0	3.21409753228834e-10	0	NaN
0	0	0	0	1.97380682143148e-10	0	NaN
0	0	0	0	1.9659698345409e-10	0	NaN
0	0	0	0	6.08079949794478e-10	0	NaN
0	0	0	0	3.35247687520952e-10	0	NaN
0	0	0	0	6.01721663722565e-10	0	NaN
0	0	0	0	1.05823982825444e-09	0	NaN
0	0	0	0	2.09967389155271e-10	0	NaN
0	0	0	0	3.7134471316982e-10	0	NaN
0	0	0	0	2.08259068502212e-10	0	NaN
0	0	0	0	2.51826137804318e-10	0	NaN
0	0	0	0	4.38045968063763e-10	0	NaN
0	0	0	0	2.56549592150151e-10	0	NaN
0	0	0	0	2.21839901046159e-10	0	NaN
0	0	0	0	1.51575857479242e-09	0	NaN
0	0	0	0	2.41021743478675e-10	0	NaN
0	0	0	0	3.28292522197614e-10	0	NaN
0	0	0	0	2.46247090921363e-09	0	NaN
0	0	0	0	3.28136341726938e-10	0	NaN
0	0	0	0	3.07527078826325e-10	0	NaN
0	0	0	0	6.8297746780055e-10	0	NaN
0	0	0	0	4.35347473099961e-10	0	NaN
0	0	0	0	6.10806820457886e-10	0	NaN
0	0	0	0	1.97127070813343e-09	0	NaN
0	0	0	0	6.2947047243001e-09	0	NaN
0	0	0	0	6.79898385033944e-10	0	NaN
0	0	0	0	1.93250499824256e-10	0	NaN
0	0	0	0	2.53652466513936e-10	0	NaN
0	0	0	0	2.2899224084137e-10	0	NaN
0	0	0	0	6.81666520369118e-10	0	NaN
0	0	0	0	3.81003780292303e-10	0	NaN
0	0	0	0	5.11357312627839e-10	0	NaN
0	0	0	0	1.98918614033699e-10	0	NaN
0	0	0	0	2.47454603374936e-09	0	NaN
0	0	0	0	1.88684701215982e-10	0	NaN
0	0	0	0	5.02940741470363e-10	0	NaN
0	0	0	0	1.92989267642817e-10	0	NaN
0	0	0	0	3.9728182979944e-10	0	NaN
0	0	0	0	2.54994421050763e-10	0	NaN
0	0	0	0	2.74482398444902e-10	0	NaN
0	0	0	0	3.14816755099095e-10	0	NaN
0	0	0	0	1.94704522264734e-10	0	NaN
0	0	0	0	4.168848840742e-10	0	NaN
0	0	0	0	3.20952296494623e-10	0	NaN
0	0	0	0	2.98592919570728e-10	0	NaN
0	0	0	0	3.44968465094817e-10	0	NaN
0	0	0	0	2.02337030657956e-10	0	NaN
0	0	0	0	4.35043462335558e-10	0	NaN
0	0	0	0	4.05236392238e-10	0	NaN
0	0	0	0	8.04823242756975e-10	0	NaN
0	0	0	0	3.60938433948742e-10	0	NaN
0	0	0	0	2.89865569132976e-10	0	NaN
0	0	0	0	1.90622118475858e-10	0	NaN
0	0	0	0	2.01106836305967e-10	0	NaN
0	0	0	0	9.5351953371485e-10	0	NaN
0	0	0	0	1.89304984258022e-10	0	NaN
0	0	0	0	5.12896117036203e-10	0	NaN
0	0	0	0	2.23086425516433e-10	0	NaN
0	0	0	0	2.14671885194299e-10	0	NaN
0	0	0	0	2.01417440525842e-10	0	NaN
0	0	0	0	5.65354635982928e-10	0	NaN
0	0	0	0	1.89215553602088e-10	0	NaN
0	0	0	0	9.37265746199219e-10	0	NaN
0	0	0	0	5.79236071928623e-09	0	NaN
0	0	0	0	2.55196120546018e-10	0	NaN
0	0	0	0	3.36595463114203e-10	0	NaN
0	0	0	0	2.17847508746871e-10	0	NaN
0	0	0	0	6.36305335217128e-10	0	NaN
0	0	0	0	3.71248490657728e-10	0	NaN
0	0	0	0	6.99868685960206e-10	0	NaN
0	0	0	0	2.25020256815344e-10	0	NaN
0	0	0	0	2.48614833742068e-10	0	NaN
0	0	0	0	6.75917186785524e-10	0	NaN
0	0	0	0	4.98737820450839e-10	0	NaN
0	0	0	0	6.5540160181061e-10	0	NaN
0	0	0	0	8.47399984846975e-09	0	NaN
0	0	0	0	1.79461997868018e-10	0	NaN
0	0	0	0	3.49011471894905e-10	0	NaN
0	0	0	0	2.09678060407501e-10	0	NaN
0	0	0	0	3.94663698891907e-10	0	NaN
0	0	0	0	4.75286346252038e-09	0	NaN
0	0	0	0	1.99184898812144e-10	0	NaN
0	0	0	0	3.09451530432203e-10	0	NaN
0	0	0	0	1.95427199511963e-10	0	NaN
0	0	0	0	0.0197412046423564	0	NaN
0	0	0	0	2.4248087646507e-10	0	NaN
0	0	0	0	6.36149252503774e-09	0	NaN
0	0	0	0	6.18554719633167e-10	0	NaN
0	0	0	0	6.82038375868764e-10	0	NaN
0	0	0	0	1.80506758483833e-10	0	NaN
0	0	0	0	3.200431623554e-10	0	NaN
0	0	0	0	2.07478115210096e-10	0	NaN
0	0	0	0	3.11210615358401e-10	0	NaN
0	0	0	0	2.90252217599931e-10	0	NaN
0	0	0	0	1.8442891211765e-10	0	NaN
0	0	0	0	2.51769906616345e-10	0	NaN
0	0	0	0	7.70085287430007e-10	0	NaN
0	0	0	0	6.7810756698643e-10	0	NaN
0	0	0	0	3.30260827117344e-10	0	NaN
0	0	0	0	2.3940083585852e-10	0	NaN
0	0	0	0	2.18176928649364e-09	0	NaN
0	0	0	0	2.60333455815581e-10	0	NaN
0	0	0	0	6.71306473848698e-10	0	NaN
0	0	0	0	8.361582506409e-10	0	NaN
0	0	0	0	1.93359139178405e-10	0	NaN
0	0	0	0	3.86424525449071e-10	0	NaN
0	0	0	0	2.3253173377275e-10	0	NaN
0	0	0	0	1.81305480630093e-10	0	NaN
0	0	0	0	1.07271701652572e-09	0	NaN
0	0	0	0	3.70635977321143e-10	0	NaN
0	0	0	0	2.28002693904956e-10	0	NaN
0	0	0	0	7.16455005292861e-09	0	NaN
0	0	0	0	8.04300069390515e-10	0	NaN
0	0	0	0	7.11483155816572e-10	0	NaN
0	0	0	0	2.57429953955684e-09	0	NaN
0	0	0	0	4.24931359118511e-10	0	NaN
0	0	0	0	5.47675258256082e-10	0	NaN
0	0	0	0	2.57637986717423e-10	0	NaN
0	0	0	0	3.80937735593203e-09	0	NaN
0	0	0	0	2.98128661990508e-10	0	NaN
0	0	0	0	7.64402537858082e-10	0	NaN
0	0	0	0	9.7274491850653e-10	0	NaN
0	0	0	0	1.83010447505432e-10	0	NaN
0	0	0	0	3.69038456855108e-10	0	NaN
0	0	0	0	3.49019623783082e-10	0	NaN
0	0	0	0	2.07142428416091e-10	0	NaN
0	0	0	0	4.24112539103159e-10	0	NaN
0	0	0	0	4.35861264036253e-09	0	NaN
0	0	0	0	7.21179340891703e-10	0	NaN
0	0	0	0	3.09030214172819e-10	0	NaN
0	0	0	0	2.13011120169931e-10	0	NaN
0	0	0	0	2.60275394889535e-10	0	NaN
0	0	0	0	4.60750479083065e-10	0	NaN
0	0	0	0	4.73780813085935e-10	0	NaN
0	0	0	0	2.5683085295632e-10	0	NaN
0	0	0	0	0.100240745502448	0	NaN
0	0	0	0	1.01518883902119e-09	0	NaN
0	0	0	0	2.14172301530302e-10	0	NaN
0	0	0	0	2.82954592174837e-10	0	NaN
0	0	0	0	2.96280105677394e-10	0	NaN
0	0	0	0	6.49738751816225e-10	0	NaN
0	0	0	0	3.0410964649292e-10	0	NaN
0	0	0	0	4.03887350560039e-10	0	NaN
0	0	0	0	3.34067229356445e-10	0	NaN
0	0	0	0	4.16897442106855e-10	0	NaN
0	0	0	0	2.6285090662094e-10	0	NaN
0	0	0	0	8.4628366497364e-09	0	NaN
0	0	0	0	1.24083294657412e-09	0	NaN
0	0	0	0	1.10178660341568e-09	0	NaN
0	0	0	0	5.70037886368487e-09	0	NaN
0	0	0	0	2.25046210797594e-10	0	NaN
0	0	0	0	2.51043090598158e-10	0	NaN
0	0	0	0	2.31276405881637e-10	0	NaN
0	0	0	0	5.64648570805894e-10	0	NaN
0	0	0	0	3.59428386619587e-10	0	NaN
0	0	0	0	4.95179671165316e-10	0	NaN
0	0	0	0	3.39772756923341e-10	0	NaN
0	0	0	0	7.13894687271788e-10	0	NaN
0	0	0	0	3.0068092304452e-10	0	NaN
0	0	0	0	3.04170447166118e-10	0	NaN
0	0	0	0	2.78950266803126e-10	0	NaN
0	0	0	0	1.82403828208641e-09	0	NaN
0	0	0	0	3.05130392503418e-10	0	NaN
0	0	0	0	1.75509946525042e-09	0	NaN
0	0	0	0	9.13233066734021e-10	0	NaN
0	0	0	0	1.96756829523003e-10	0	NaN
0	0	0	0	4.29455874656537e-10	0	NaN
0	0	0	0	4.1121060540701e-09	0	NaN
0	0	0	0	2.07829038436859e-10	0	NaN
0	0	0	0	2.22342772838827e-10	0	NaN
0	0	0	0	2.91592801781234e-10	0	NaN
0	0	0	0	4.10230247421476e-10	0	NaN
0	0	0	0	2.20312653176492e-10	0	NaN
0	0	0	0	2.7438341000731e-09	0	NaN
0	0	0	0	1.0787348192668e-09	0	NaN
0	0	0	0	5.62962391989058e-10	0	NaN
0	0	0	0	1.99040048226403e-10	0	NaN
0	0	0	0	2.26143549259819e-10	0	NaN
0	0	0	0	9.15401085475671e-09	0	NaN
0	0	0	0	3.51963535668621e-07	0	NaN
0	0	0	0	3.70403913281011e-10	0	NaN
0	0	0	0	2.60875984961729e-10	0	NaN
0	0	0	0	2.48894591237074e-10	0	NaN
0	0	0	0	2.11722951442198e-10	0	NaN
0	0	0	0	3.50364038831031e-10	0	NaN
0	0	0	0	3.94343541981599e-10	0	NaN
0	0	0	0	2.37189615668546e-10	0	NaN
0	0	0	0	4.08667380042372e-10	0	NaN
0	0	0	0	1.85795627836223e-10	0	NaN
0	0	0	0	4.33683539755735e-10	0	NaN
0	0	0	0	2.17172942311683e-10	0	NaN
0	0	0	0	2.41033591540145e-10	0	NaN
0	0	0	0	7.36923916508549e-10	0	NaN
0	0	0	0	1.82458363574931e-10	0	NaN
0	0	0	0	2.86889496313558e-10	0	NaN
0	0	0	0	1.95701569778481e-10	0	NaN
0	0	0	0	2.06483070199735e-10	0	NaN
0	0	0	0	1.22361095654687e-09	0	NaN
0	0	0	0	2.10379034351689e-09	0	NaN
0	0	0	0	0.0176137679878381	0	NaN
0.0727272727272728	0.0759793115376961	0.0750012064227952	0.0750012064227952	0.0580390077236821	0	NaN
0	0	0	0	2.32191130120357e-10	0	NaN
0	0	0	0	1.9046659223469e-10	0	NaN
0	0	0	0	9.4778575705865e-10	0	NaN
0	0	0	0	5.01125448942539e-10	0	NaN
0	0	0	0	1.09627011857805e-09	0	NaN
0	0	0	0	3.03293384517598e-10	0	NaN
0	0	0	0	2.53328636457825e-10	0	NaN
0	0	0	0	2.36638420553567e-10	0	NaN
0	0	0	0	2.10912413765694e-10	0	NaN
0	0	0	0	1.2033454105501e-08	0	NaN
0	0	0	0	0.0421663499374361	0	NaN
0	0	0	0	3.7597766746707e-10	0	NaN
0	0	0	0	8.86722515847398e-09	0	NaN
0	0	0	0	1.96109300388941e-10	0	NaN
0	0	0	0	5.07233970015531e-10	0	NaN
0	0	0	0	4.79045716712685e-10	0	NaN
0	0	0	0	1.30134698405864e-09	0	NaN
0	0	0	0	7.61362591529038e-10	0	NaN
0	0	0	0	1.92322666587516e-10	0	NaN
0	0	0	0	3.01055766142715e-10	0	NaN
0	0	0	0	2.07704020776695e-10	0	NaN
0	0	0	0	5.54701978134446e-09	0	NaN
0	0	0	0	1.8527820477858e-10	0	NaN
0	0	0	0	5.62941373037202e-10	0	NaN
0	0	0	0	2.43090525107693e-10	0	NaN
0	0	0	0	2.60350669463769e-10	0	NaN
0	0	0	0	2.13377791541881e-10	0	NaN
0	0	0	0	2.40189583789829e-10	0	NaN
0	0	0	0	2.16512232585915e-10	0	NaN
0	0	0	0	1.39792755016791e-09	0	NaN
0	0	0	0	2.18083182703967e-10	0	NaN
0.181818181818182	0.149322497118057	0.143627864861969	0.143627864861969	0.174942348335138	0	NaN
0	0	0	0	2.26022948206763e-10	0	NaN
0	0	0	0	2.88999704337628e-10	0	NaN
0.0909090909090909	0.0759793115376961	0.0750012064227952	0.0750012064227952	0.0737797835859831	0	NaN
0	0	0	0	3.15860463498238e-10	0	NaN
0	0	0	0	7.1606338526953e-10	0	NaN
0	0	0	0	8.87645623937741e-10	0	NaN
0	0	0	0	1.95987302778958e-10	0	NaN
0	0	0	0	4.03944625113164e-10	0	NaN
0	0	0	0	2.66661356318237e-09	0	NaN
0	0	0	0	1.32899089298789e-09	0	NaN
0	0	0	0	4.09440663477276e-10	0	NaN
0	0	0	0	2.66093271644211e-10	0	NaN
0	0	0	0	4.73142808456651e-10	0	NaN
0	0	0	0	2.14550411286497e-10	0	NaN
0	0	0	0	3.06287959851956e-09	0	NaN
0	0	0	0	2.7660708515254e-10	0	NaN
0	0	0	0	2.04880313630925e-10	0	NaN
0	0	0	0	2.98737959914693e-10	0	NaN
0	0	0	0	6.44125529242404e-10	0	NaN
0	0	0	0	1.95285063296692e-10	0	NaN
0	0	0	0	9.61446819215202e-10	0	NaN
0	0	0	0	2.00227385293547e-10	0	NaN
1	1	1	1	1	1	NaN
0	0	0	0	2.4561387047285e-10	0	NaN
0	0	0	0	3.83299546315562e-10	0	NaN
0	0	0	0	3.02833975309393e-10	0	NaN
0	0	0	0	1.844605875061e-10	0	NaN
0	0	0	0	1.89879755819504e-10	0	NaN
0	0	0	0	6.32307950974614e-10	0	NaN
0	0	0	0	2.77573510223568e-10	0	NaN
0	0	0	0	2.33542692628139e-10	0	NaN
0	0	0	0	0.0787526143545675	0	NaN
0	0	0	0	6.18432460433549e-10	0	NaN
0	0	0	0	1.88329282765568e-10	0	NaN
0	0	0	0	1.95463685786827e-10	0	NaN
0	0	0	0	9.38800855345936e-10	0	NaN
0	0	0	0	4.60316311638748e-10	0	NaN
0	0	0	0	7.18895197565125e-10	0	NaN
0	0	0	0	7.81318381718522e-10	0	NaN
0	0	0	0	2.13001582695915e-10	0	NaN
0	0	0	0	2.86364382246067e-10	0	NaN
0	0	0	0	0.0114121971889008	0	NaN
0	0	0	0	3.1405329169482e-10	0	NaN
0	0	0	0	3.97953440596009e-10	0	NaN
0	0	0	0	2.13345046007664e-10	0	NaN
0	0	0	0	9.51981900936064e-10	0	NaN
0	0	0	0	2.25549513351355e-10	0	NaN
0	0	0	0	2.59060161157768e-10	0	NaN
0	0	0	0	7.86327588569009e-10	0	NaN
0	0	0	0	4.39748127102225e-10	0	NaN
0	0	0	0	6.31987526716143e-10	0	NaN
0	0	0	0	4.20300888448705e-10	0	NaN
0	0	0	0	2.28237768179004e-10	0	NaN
0	0	0	0	4.6930695762149e-10	0	NaN
0	0	0	0	2.02834762888216e-10	0	NaN
0	0	0	0	2.32167371461726e-09	0	NaN
0	0	0	0	3.28188240068455e-10	0	NaN
0	0	0	0	4.31994594115995e-10	0	NaN
0	0	0	0	2.31009690161083e-08	0	NaN
0	0	0	0	8.04347508588492e-10	0	NaN
0	0	0	0	2.83758366449085e-10	0	NaN
0.181818181818182	0.092041194152832	0.117492611323127	0.117492611323127	0.0449992347533232	0	NaN
0	0	0	0	2.75099801162867e-10	0	NaN
0	0	0	0	4.49320678504627e-10	0	NaN
0	0	0	0	8.22751802763303e-10	0	NaN
0	0	0	0	3.0628006641891e-10	0	NaN
0	0	0	0	2.42649738734737e-10	0	NaN
0	0	0	0	8.34995577017449e-09	0	NaN
0	0	0	0	1.70290112869751e-09	0	NaN
0	0	0	0	4.34998003729543e-09	0	NaN
0	0	0	0	2.1564583641596e-08	0	NaN
0	0	0	0	1.86993125435851e-09	0	NaN
0	0	0	0	2.48671309201346e-10	0	NaN
0	0	0	0	3.10690842602537e-10	0	NaN
0	0	0	0	4.67422145343253e-10	0	NaN
0	0	0	0	2.24755974824646e-09	0	NaN
0	0	0	0	8.81320533094654e-10	0	NaN
0	0	0	0	1.88262059819716e-10	0	NaN
0	0	0	0	6.97885855774543e-10	0	NaN
0	0	0	0	2.56589424562842e-10	0	NaN
0	0	0	0	2.19319933868676e-10	0	NaN
0	0	0	0	1.72985554017674e-09	0	NaN
0	0	0	0	2.32607288532936e-10	0	NaN
0	0	0	0	1.19703601347622e-09	0	NaN
0	0	0	0	1.78951623037857e-09	0	NaN
0	0	0	0	4.83402094875969e-10	0	NaN
0	0	0	0	3.35486815008748e-10	0	NaN
0	0	0	0	2.98813062255868e-10	0	NaN
0	0	0	0	2.26520292147697e-10	0	NaN
0	0	0	0	2.22388270236721e-10	0	NaN
0	0	0	0	5.05476041440025e-10	0	NaN
0	0	0	0	3.41507336540565e-10	0	NaN
0	0	0	0	0.0137829761792136	0	NaN
0	0	0	0	4.20360172165146e-10	0	NaN
0	0	0	0	2.47341768676849e-10	0	NaN
0	0	0	0	3.31295395539293e-09	0	NaN
0	0	0	0	4.48111306908105e-10	0	NaN
0	0	0	0	2.28556963200047e-10	0	NaN
0	0	0	0	2.89025978324187e-10	0	NaN
0	0	0	0	6.96179540039364e-10	0	NaN
0	0	0	0	1.91164066012313e-10	0	NaN
0	0	0	0	2.48075179934068e-10	0	NaN
0	0	0	0	2.13595886615688e-10	0	NaN
0	0	0	0	7.57103457645007e-10	0	NaN
0	0	0	0	2.76803732177632e-10	0	NaN
0	0	0	0	7.63029589518829e-10	0	NaN
0	0	0	0	2.14150718151032e-09	0	NaN
0	0	0	0	2.48257739773002e-10	0	NaN
0	0	0	0	2.4162420733013e-10	0	NaN
0	0	0	0	2.43733924567878e-10	0	NaN
0	0	0	0	6.81849922085109e-10	0	NaN
0	0	0	0	2.30935567670284e-10	0	NaN
0	0	0	0	3.95728265140257e-10	0	NaN
0.0181818181818182	0.109652648654794	0.106729414930982	0.106729414930982	0.0571803274716831	0	NaN
0	0	0	0	0.00408674034767273	0	NaN
0	0	0	0	1.86172133065793e-10	0	NaN
0	0	0	0	2.26881443124742e-10	0	NaN
0	0	0	0	3.43874955986834e-10	0	NaN
0	0	0	0	5.43374828032927e-10	0	NaN
0	0	0	0	3.00686465239169e-10	0	NaN
0	0	0	0	1.31326443405011e-09	0	NaN
0	0	0	0	1.98245093355023e-10	0	NaN
0.127272727272727	0.0900495544150472	0.0983806291402178	0.0983806291402177	0.103023495243302	0	NaN
0	0	0	0	4.50586898981626e-10	0	NaN
0	0	0	0	2.27105450273665e-10	0	NaN
0	0.092142822265625	0.0763359167140079	0.0763359167140079	0.0270636767134866	0	NaN
0	0	0	0	1.74977005061703e-09	0	NaN
0	0	0	0	2.12463121195765e-10	0	NaN
0	0	0	0	2.03783955533421e-10	0	NaN
0	0	0	0	5.2156950261075e-10	0	NaN
0	0	0	0	3.21184717808414e-09	0	NaN
0	0	0	0	4.68597294205509e-10	0	NaN
0	0	0	0	2.57880087396796e-10	0	NaN
0	0	0	0	5.68112216035004e-10	0	NaN
0	0	0	0	7.19535799601196e-10	0	NaN
0	0	0	0	3.42929918875793e-10	0	NaN
0	0	0	0	4.45152322014739e-10	0	NaN
0	0	0	0	7.65942148895021e-10	0	NaN
0	0	0	0	3.50569489903585e-09	0	NaN
0	0	0	0	5.10180327326473e-10	0	NaN
0	0	0	0	6.01015048952279e-10	0	NaN
0	0	0	0	2.34776742393974e-10	0	NaN
0	0	0	0	1.30534408558485e-09	0	NaN
0	0	0	0	1.29827092723681e-08	0	NaN
0	0	0	0	2.48165554607693e-10	0	NaN
0	0	0	0	2.46907198122114e-10	0	NaN
0	0	0	0	2.79269537593543e-10	0	NaN
0	0	0	0	5.70781164075191e-10	0	NaN
0	0	0	0	2.30980424672413e-10	0	NaN
0	0	0	0	2.80071707141849e-10	0	NaN
0	0	0	0	0.0147610320779976	0	NaN
0	0	0	0	4.55462705696919e-10	0	NaN
0	0	0	0	5.95537407724446e-10	0	NaN
0	0	0	0	4.37149066409769e-10	0	NaN
0	0	0	0	6.19531180943874e-10	0	NaN
0	0.06875	0.0716214876676779	0.071621487667678	0.0277071699814924	0	NaN
0	0	0	0	2.48300803225561e-10	0	NaN
0	0	0	0	2.58283296710078e-10	0	NaN
0	0	0	0	2.31022230093216e-10	0	NaN
0	0	0	0	8.93013857064915e-10	0	NaN
0	0	0	0	1.70932172685587e-09	0	NaN
0	0	0	0	2.78687627521158e-10	0	NaN
0	0	0	0	1.92799590438083e-09	0	NaN
0	0	0	0	2.94703414904873e-10	0	NaN
0	0	0	0	1.9985429185959e-10	0	NaN
0	0	0	0	3.0431440202709e-10	0	NaN
0	0	0	0	3.27830610819947e-09	0	NaN
0	0	0	0	4.65371235949068e-10	0	NaN
0	0	0	0	2.3057594876673e-10	0	NaN
0	0	0	0	1.33561072523246e-09	0	NaN
0	0	0	0	1.30950718813805e-09	0	NaN
0	0	0	0	7.26557829869451e-10	0	NaN
0	0	0	0	4.06175001246551e-10	0	NaN
0	0	0	0	1.03256665979149e-09	0	NaN
0	0	0	0	1.09366820737662e-09	0	NaN
0	0	0	0	1.93212946193832e-10	0	NaN
0	0	0	0	5.05946064752341e-10	0	NaN
0	0	0	0	4.806998406143e-10	0	NaN
0	0	0	0	3.36966238676647e-10	0	NaN
0	0	0	0	5.19467582305697e-10	0	NaN
0.145454545454545	0.0900495544150472	0.0983806291402178	0.0983806291402177	0.0275160903770749	0	NaN
0	0	0	0	1.99813608668054e-10	0	NaN
0	0	0	0	4.57754932509422e-10	0	NaN
0	0	0	0	2.13974562546757e-10	0	NaN
0	0	0	0	3.44399042588325e-10	0	NaN
0	0	0	0	1.74865103265281e-09	0	NaN
0	0	0	0	6.303998819776e-09	0	NaN
0	0	0	0	2.43228384918301e-09	0	NaN
0	0	0	0	0.0127078814431504	0	NaN
0	0	0	0	3.94892687681145e-10	0	NaN
0	0	0	0	4.13175905217405e-10	0	NaN
0	0	0	0	9.98510406096358e-10	0	NaN
0	0	0	0	3.01524721754649e-10	0	NaN
0.0545454545454546	0.06875	0.0716214876676779	0.071621487667678	0.0506793187900871	0	NaN
0	0	0	0	2.13030062774624e-10	0	NaN
0	0	0	0	2.42736634214071e-08	0	NaN
0	0	0	0	2.35363631153837e-10	0	NaN
0	0	0	0	4.89269106741896e-10	0	NaN
0	0	0	0	2.92549234782121e-10	0	NaN
0	0	0	0	9.29373659802029e-10	0	NaN
0	0	0	0	2.55196009499601e-10	0	NaN
0	0	0	0	1.87987881584831e-10	0	NaN
0	0	0	0	6.32588747287185e-10	0	NaN
0	0	0	0	2.28429991842006e-10	0	NaN
0.0909090909090909	0.164031206311492	0.166909825040764	0.166909825040764	0.140789157355329	0	NaN
0	0	0	0	2.8045475197918e-10	0	NaN
0	0	0	0	3.26608489553208e-10	0	NaN
0	0	0	0	6.27410566757634e-10	0	NaN
0	0	0	0	1.9959671971776e-10	0	NaN
0.0909090909090909	0.106725397825241	0.0929883042133638	0.0929883042133638	0.0443046545451997	0	NaN
0	0	0	0	1.24934486430982e-09	0	NaN
0	0	0	0	6.03675359578121e-09	0	NaN
0	0	0	0	2.36824798480834e-10	0	NaN
0	0	0	0	7.77228840252658e-09	0	NaN
0	0	0	0	8.37558658844814e-10	0	NaN
0	0	0	0	9.71482839319618e-10	0	NaN
0	0	0	0	0.011768849535166	0	NaN
0	0	0	0	3.93811254335009e-10	0	NaN
0	0	0	0	8.4202953960324e-10	0	NaN
0	0	0	0	6.60337068557112e-10	0	NaN
0	0	0	0	2.42129576666305e-10	0	NaN
0	0	0	0	2.81480079106493e-10	0	NaN
0	0	0	0	6.07838738089895e-10	0	NaN
0	0	0	0	3.03533060645553e-09	0	NaN
0	0	0	0	2.3631478632223e-09	0	NaN
0	0	0	0	2.87969388720892e-10	0	NaN
0	0	0	0	6.08262684560221e-10	0	NaN
0	0	0	0	3.61565687700594e-10	0	NaN
0	0	0	0	9.04840678704362e-10	0	NaN
0	0	0	0	2.93854758806805e-10	0	NaN
0	0	0	0	1.42838163948619e-09	0	NaN
0	0	0	0	8.3632876107257e-10	0	NaN
0	0	0	0	2.11797572246387e-10	0	NaN
0	0	0	0	1.99679613380195e-10	0	NaN
0	0	0	0	4.40408397869236e-10	0	NaN
0	0	0	0	1.350218325214e-09	0	NaN
0	0	0	0	1.12638970307143e-09	0	NaN
0	0	0	0	2.50978978169771e-09	0	NaN
0	0	0	0	3.03849585429054e-10	0	NaN
0	0	0	0	3.41610482890445e-10	0	NaN
0	0	0	0	3.68212248688524e-10	0	NaN
0	0	0	0	5.66103690717315e-10	0	NaN
0	0	0	0	9.73671483256824e-10	0	NaN
0	0	0	0	6.52651515322361e-09	0	NaN
0	0	0	0	3.82973953570626e-10	0	NaN
0	0	0	0	4.33364238317893e-10	0	NaN
0	0	0	0	2.62804319015674e-10	0	NaN
0	0	0	0	3.0611745199931e-10	0	NaN
0	0	0	0	3.56698855242838e-10	0	NaN
0	0	0	0	1.42537096243104e-09	0	NaN
0	0	0	0	2.2967830439772e-10	0	NaN
0	0	0	0	2.5454606499426e-10	0	NaN
0	0	0	0	5.05609486062818e-10	0	NaN
0	0	0	0	3.16852439707146e-10	0	NaN
0	0	0	0	1.96215126605005e-10	0	NaN
0	0	0	0	0.0245330027232614	0	NaN
0	0	0	0	3.92006920914856e-10	0	NaN
0	0	0	0	1.90110694067035e-10	0	NaN
0	0	0	0	4.26243552538691e-10	0	NaN
0	0	0	0	3.45389044836394e-10	0	NaN
0	0	0	0	9.96340851936031e-10	0	NaN
0	0	0	0	3.5530818377625e-10	0	NaN
0	0	0	0	5.35926998903594e-10	0	NaN
0	0	0	0	1.29494102331465e-09	0	NaN
0	0	0	0	3.39787011596076e-10	0	NaN
0	0	0	0	2.74965557433864e-10	0	NaN
0	0	0	0	1.33088355846216e-09	0	NaN
0	0	0	0	2.84903095218995e-10	0	NaN
0	0	0	0	3.23998590271363e-10	0	NaN
0	0	0	0	3.39493265834702e-10	0	NaN
0	0	0	0	2.67639261435475e-10	0	NaN
0	0	0	0	2.43837123625732e-10	0	NaN
0	0	0	0	2.05527328508017e-10	0	NaN
0	0	0	0	4.47670264893942e-05	0	NaN
0	0	0	0	5.02391495230176e-10	0	NaN
0	0	0	0	2.50877204503953e-10	0	NaN
0	0	0	0	1.85464057755034e-10	0	NaN
0	0	0	0	3.94870877066938e-10	0	NaN
0	0	0	0	2.30775772018282e-10	0	NaN
0	0	0	0	1.19190376786781e-09	0	NaN
0	0	0	0	5.67202110544189e-09	0	NaN
0	0.0640234375	0.0686645485470501	0.0686645485470501	0.0314807160704441	0	NaN
0	0	0	0	8.14852276243534e-10	0	NaN
0	0	0	0	1.88432276802539e-10	0	NaN
0	0	0	0	2.2230423887174e-10	0	NaN
0	0	0	0	2.1759694893776e-10	0	NaN
0	0	0	0	1.8875586840654e-10	0	NaN
0	0	0	0	9.73575816417828e-10	0	NaN
0	0	0	0	1.20067668788266e-09	0	NaN
0	0	0	0	3.22250580011794e-10	0	NaN
0	0	0	0	4.79262505717724e-10	0	NaN
0	0	0	0	1.94291159844334e-10	0	NaN
0	0	0	0	2.78062482338184e-10	0	NaN
0	0	0	0	2.52804119378097e-10	0	NaN
0	0	0	0	1.15956990638589e-09	0	NaN
0	0	0	0	1.7817343221181e-09	0	NaN
0	0	0	0	2.72320348691343e-10	0	NaN
0	0	0	0	2.73918722045096e-10	0	NaN
0	0	0	0	1.90417233585278e-10	0	NaN
0	0	0	0	1.45719454829613e-09	0	NaN
0	0	0	0	8.19788361137084e-09	0	NaN
0	0	0	0	5.76882660835982e-10	0	NaN
0	0	0	0	3.27348507842804e-10	0	NaN
0	0	0	0	2.85572218380541e-09	0	NaN
0.181818181818182	0.092142822265625	0.0763359167140079	0.0763359167140079	0.063915313083766	0	NaN
0	0	0	0	2.96866027138019e-10	0	NaN
0	0	0	0	3.92599176550171e-10	0	NaN
0	0	0	0	1.81091732648253e-09	0	NaN
0	0	0	0	2.96076798694712e-10	0	NaN
0	0	0	0	1.13769719529682e-09	0	NaN
0	0	0	0	0.00112658528789462	0	NaN
0	0	0	0	6.46418528506286e-10	0	NaN
0	0	0	0	2.2388889672618e-10	0	NaN
0	0	0	0	3.70539394173445e-10	0	NaN
0	0	0	0	5.25344071192501e-10	0	NaN
0	0	0	0	2.22792490019996e-10	0	NaN
0	0	0	0	3.40293465086858e-10	0	NaN
0	0	0	0	9.82049679981818e-10	0	NaN
0	0	0	0	3.3301656806782e-10	0	NaN
0.236363636363636	0.164031206311492	0.166909825040764	0.166909825040764	0.149856770724277	0	NaN
0	0	0	0	9.43371028769745e-10	0	NaN
0	0	0	0	1.41495939781437e-09	0	NaN
0	0	0	0	4.99997530813234e-10	0	NaN
0	0	0	0	1.62248791313715e-09	0	NaN
0	0	0	0	4.01771088842423e-10	0	NaN
0	0	0	0	2.39315346420763e-10	0	NaN
0	0	0	0	1.69535408207877e-09	0	NaN
0	0	0	0	1.90137676268985e-10	0	NaN
0	0	0	0	2.9849174290073e-10	0	NaN
0	0	0	0	4.59767846474641e-10	0	NaN
0	0	0	0	3.07161543728825e-10	0	NaN
0	0.149322497118057	0.143627864861969	0.143627864861969	0.0482747339696877	0	NaN
0	0	0	0	3.90875174215053e-10	0	NaN
0	0	0	0	2.76432295082668e-10	0	NaN
0	0	0	0	6.285276246548e-10	0	NaN
0	0	0	0	4.04919964548796e-10	0	NaN
0	0	0	0	3.24563495549242e-10	0	NaN
0	0	0	0	2.08009359262384e-10	0	NaN
0	0	0	0	2.26968838099617e-10	0	NaN
0	0	0	0	2.1814623784072e-10	0	NaN
0	0	0	0	2.58253961688802e-10	0	NaN
0.109090909090909	0	0	0	2.92770011035114e-08	0	NaN
0	0	0	0	2.01092279069066e-10	0	NaN
0	0	0	0	3.8505402019403e-10	0	NaN
0	0	0	0	0.00278609540288143	0	NaN
0	0	0	0	3.26654811526956e-10	0	NaN
0	0	0	0	5.89746055045295e-10	0	NaN
0	0	0	0	2.0592985962105e-10	0	NaN
0	0	0	0	1.15127810186922e-09	0	NaN
0	0	0	0	2.18744490937578e-10	0	NaN
0.0363636363636364	0	0	0	9.92578801358858e-10	0	NaN
0	0	0	0	0.013478720319681	0	NaN
0	0	0	0	3.33213090858907e-10	0	NaN
0	0	0	0	6.55218276707477e-10	0	NaN
0	0	0	0	3.27120763148242e-10	0	NaN
0	0	0	0	4.93790743311285e-10	0	NaN
0	0	0	0	2.18650923248665e-10	0	NaN
0.381818181818182	0.400562062898492	0.398938572108335	0.398938572108335	0.457925005565657	0	NaN
0	0	0	0	2.43340423857775e-10	0	NaN
0	0	0	0	4.52429768458681e-10	0	NaN
