FW_Default	FW_LBM	FW_QBM	FW_NM	Direct	interior-point-convex	active-set
0	0.00110046456302027	0	0	7.94952473370843e-17	1	-3.26777361940224
0	0.00110046456302027	0	0	7.66964944828749e-17	1	-7.31798128866573
0	0	0	0	2.01811307879785e-16	0	0.173430599285206
0	0	0	0	1.07191522553074e-16	0	1.63433549543917
0	0	0	0	4.08205624550049e-16	0	8.6195270645986
0	0	0	0	8.62947474932993e-17	0	-2.04412490231157
0	0	0	0	6.90565189643601e-17	0	-8.24367972259861
0	0	0	0	6.34615502402339e-17	0	-5.48286631788379
0	0	0	0	6.43356009751323e-17	0	-1.83187184109087
0	0	0	0	6.77411178697965e-17	0	-5.53611175296401
0	0	0	0	2.75998815036258e-16	0	4.67990319880708
0	0	0	0	1.66067220112938e-16	0	1.39667518348845
0	0.00110046456302027	0	0	9.30993621766485e-17	1	-3.9138142253048
0	0	0	0	1.13558024329347e-15	0	5.48876586066932
0	0	0	0	2.05666804585714e-16	0	0.615274724479517
0	0	0	0	3.03139479230117e-16	0	6.10927704957777
0	0	0	0	1.74061676316004e-16	0	2.13970053842811
0	0	0	0	7.51559671308505e-17	0	-6.43485922013053
0	0	0	0	3.02570534056636e-15	0	10.1889333785921
0	0	0	0	4.7203743692906e-16	0	6.07775598456257
0	0	0	0	1.90872829156133e-15	0	6.3474846121964
0	0	0	0	2.46691575394473e-16	0	9.10527342414332
0	0	0	0	9.95395544552693e-17	0	-1.04958955756743
0	0	0	0	1.34983347618992e-16	0	-0.219409925187847
0	0	0	0	6.80499826772859e-17	0	-7.33004362915201
0	0	0	0	6.69452161284539e-17	0	-4.70820728852613
0	0	0	0	3.35301162363694e-15	0	7.32290228179353
0	0	0	0	1.73506098452145e-15	0	9.40833096974683
0	0	0	0	5.88047728825108e-17	0	-8.01128190410709
0	0	0	0	5.98920071871987e-17	0	-4.47240356641767
0	0	0	0	7.95764206349719e-17	0	-10.2577698973912
0	0	0	0	9.60491578562591e-17	0	-4.94538860670985
0	0	0	0	1.35102830142704e-16	0	-0.152823985358734
0	0	0	0	8.90728840077721e-17	0	-4.40000873347685
0	0	0	0	1.49568191067874e-16	0	-2.03297883130699
0	0	0	0	7.4959121647426e-17	0	-5.54405855870645
0	0	0	0	1.59674203791618e-16	0	-0.937242455360428
0	0	0	0	9.84748393135236e-17	0	-2.30526553494973
0	0	0	0	2.86351027169739e-16	0	2.98556028579771
0	0	0	0	6.13461257384153e-17	0	-13.7446571854103
0	0	0	0	7.47557774206193e-17	0	-2.67236473542322
0	0	0	0	2.15816114756987e-16	0	-2.89817324995925
0	0	0	0	2.87258341916e-16	0	0.273930968769308
0	0	0	0	2.01242276102879e-16	0	3.3905455568494
0	0	0	0	7.74389250177067e-17	0	-8.39885380748225
0	0	0	0	9.80761778763787e-17	0	-6.01861407650223
0	0	0	0	8.31444635043407e-16	0	6.43087770814466
0	0	0	0	7.10003895105293e-17	0	-3.19429188035996
0	0	0	0	1.15815352269848e-16	0	0.751824296178581
0	0	0	0	6.05851629194409e-17	0	-9.6622850331786
0	0	0	0	7.21985655698405e-17	0	-2.02791771058397
0	0	0	0	7.44970014518376e-17	0	2.03662565207658
0	0	0	0	1.21254248476582e-16	0	2.95115944682826
0	0	0	0	7.01958232557792e-17	0	-5.91376362109945
0	0	0	0	1.51693108398271e-16	0	-0.421969028132339
0	0	0	0	1.71197601083423e-16	0	3.6396491223872
0	0	0	0	1.60603351047273e-16	0	-0.979522150492756
0	0	0	0	5.76382111834768e-17	0	-6.75608504435188
0	0	0	0	3.73289840069137e-16	0	0.538150984632933
0	0	0	0	8.1038251703859e-17	0	0.567274910122402
0	0	0	0	2.09684404932483e-16	0	-0.087327841626644
0	0	0	0	2.22899801040098e-16	0	10.4542298291178
0	0	0	0	7.94171067309117e-17	0	-3.92067652813992
0	0	0	0	1.83796104539094e-16	0	3.27027571171953
0	0	0	0	8.75776910639544e-17	0	-2.69955063965131
0	0	0	0	1.21364898565641e-16	0	-1.63139689596575
0	0	0	0	6.54586091260279e-17	0	-8.28159318253073
0	0	0	0	1.53086595469146e-16	0	3.113647836809
0	0.00110046456302027	0	0	1.72564575816049e-16	1	0.800643250226836
0	0	0	0	3.1142341938489e-16	0	3.40333040806426
0	0	0	0	1.07688292655273e-16	0	-2.66912578399417
0	0	0	0	1.80601891319781e-16	0	6.23243153701044
0	0	0	0	1.12610871672567e-16	0	-7.10567551724384
0	0	0	0	1.09028339031428e-16	0	-4.05342895340301
0	0.00110046456302027	0	0	6.93744763385288e-16	1	10.7095039487534
0	0	0	0	2.41314467228231e-16	0	4.61607340834478
0	0	0	0	3.40987418743672e-16	0	4.7730677817875
0	0	0	0	7.04643358612428e-17	0	-3.1578614509931
0	0	0	0	5.88720367219614e-17	0	-5.38482566686333
0	0	0	0	1.92392369733526e-16	0	6.41855160624907
0	0	0	0	7.19315848624331e-17	0	-1.87692951180923
0	0	0	0	6.5543136167808e-17	0	-6.65231170196343
0	0	0	0	8.52252950552128e-17	0	-5.14027393303326
0	0	0	0	2.16795873628975e-15	0	6.93877893214851
0	0	0	0	6.94920927039761e-17	0	-5.12487180505676
0.0948717948717949	0.0542246451887332	0.0604549688529997	0.0604549688529995	0.0561029104840882	0	8.96843897304868
0	0	0	0	2.59926448175027e-16	0	2.34405106272559
0	0	0	0	6.21604806523916e-17	0	-3.72849252773051
0	0	0	0	5.85817474058814e-17	0	-1.81315042537764
0	0	0	0	8.0701464451272e-17	0	-5.24655772771148
0	0	0	0	9.30650720152606e-17	0	0.981903184349172
0	0	0	0	1.0734175802079e-16	0	-3.62048497634886
0	0	0	0	2.19984371120078e-16	0	-1.72341125025533
0	0	0	0	6.03718739952271e-17	0	-7.54790864169263
0	0	0	0	2.01132668681319e-15	0	8.84528565480884
0	0	0	0	7.31315862551695e-17	0	-5.32101191207091
0	0	0	0	7.74720090091879e-17	0	-3.50850608408213
0	0	0	0	5.87801400189818e-17	0	-10.1515232570517
0	0	0	0	1.66129241955075e-16	0	2.96847539892218
0	0	0	0	1.68998761906774e-16	0	12.989082310923
0	0	0	0	6.16516319036265e-17	0	-7.91845615979257
0	0	0	0	7.67898959416336e-17	0	-3.0777062859593
0	0	0	0	1.30672150298275e-16	0	1.68446806544706
0	0	0	0	7.72916444967916e-17	0	0.171362690239385
0	0	0	0	7.80203099866216e-17	0	-0.902357073876433
0	0	0	0	3.38923072950928e-16	0	6.44056603275305
0	0	0	0	7.92301701183427e-17	0	-1.86559255786644
0	0	0	0	1.05620641263808e-16	0	-2.02241196677336
0	0	0	0	6.90161029887263e-16	0	7.74470550352579
0	0	0	0	6.86213425214265e-17	0	1.31475437370639
0	0	0	0	6.05055632250809e-17	0	-9.08177435715722
0	0	0	0	1.31032176163417e-16	0	2.31203326914106
0	0	0	0	1.01561596269883e-16	0	4.66797236821706
0	0	0	0	6.63769914140316e-17	0	-8.05667519940738
0	0	0	0	4.092279417859e-16	0	7.13966581957413
0	0	0	0	3.9988907603588e-16	0	-1.00482924268239
0	0	0	0	6.5151640625687e-17	0	-3.59440167697669
0	0	0	0	2.08697951667614e-16	0	2.31100422569725
0	0	0	0	6.26361773398874e-17	0	-7.62277273901473
0	0	0	0	7.46793710559368e-17	0	-2.92724068335544
0	0	0	0	2.58843173422746e-16	0	9.12822667858337
0	0	0	0	6.1147017217982e-17	0	-5.32163543141944
0	0	0	0	5.7636969396074e-17	0	-3.01371376515115
0	0	0	0	2.02699561303464e-16	0	2.11199223938954
0	0	0	0	2.84002654571186e-16	0	-1.909528380224
0	0	0	0	9.16427885770706e-17	0	-1.74074615684516
0	0	0	0	1.45542948617512e-16	0	5.85811842757002
0	0	0	0	5.99167575945932e-17	0	-7.96044697053425
0	0	0	0	8.88124516003268e-17	0	0.39679226913197
0	0	0	0	1.15199187011242e-16	0	-0.722039013957717
0	0	0	0	5.7413548135498e-16	0	8.11146713944343
0	0	0	0	1.04304719486818e-16	0	-2.41018535665754
0	0	0	0	1.6597598733593e-16	0	6.5305805918066
0	0	0	0	9.59792821534302e-17	0	-1.3533826958475
0	0	0	0	2.39555661235368e-16	0	6.74931657174929
0	0.00110046456302027	0	0	3.52006523702097e-16	1	2.16602016724155
0	0	0	0	5.90485441143462e-17	0	-7.40896494971943
0	0	0	0	1.30197419612584e-16	0	-0.857376081439887
0	0	0	0	9.73141876548553e-17	0	5.62309271961764
0	0	0	0	7.14457986091274e-17	0	-5.08032451323187
0	0	0	0	4.16467808768335e-16	0	5.63069445995311
0	0	0	0	1.84827952645544e-16	0	2.04892769325496
0	0	0	0	1.29396204047947e-15	0	7.34398427803194
0	0	0	0	2.01493622541265e-16	0	2.98075305374876
0	0	0	0	1.81088969951912e-16	0	0.612186966289114
0	0	0	0	1.04499057068141e-16	0	-4.17936410541217
0	0	0	0	1.49174163630676e-16	0	1.14803505417993
0	0	0	0	1.01678972876315e-16	0	-1.45960576658995
0	0	0	0	2.83901119198872e-16	0	9.24694915113751
0	0	0	0	2.1243272341762e-16	0	-1.4768303033881
0	0	0	0	1.14676171020078e-16	0	-1.76734556313894
0	0	0	0	5.90228705468232e-17	0	-8.18571668809843
0	0	0	0	4.38174848248144e-16	0	5.22510259693963
0	0	0	0	6.37503128924754e-17	0	-4.72659517794194
0	0	0	0	7.77320310429495e-17	0	-4.0859263962444
0	0	0	0	3.49266387323128e-16	0	9.72814048191901
0	0	0	0	9.96629116236026e-17	0	1.69482086351305
0	0	0	0	2.25574810126233e-16	0	2.35937774804339
0.197435897435897	0.213195354410765	0.215303497155016	0.215303497155016	0.216672573259099	0	7.29324823721129
0	0	0	0	8.81707744314069e-17	0	-6.60956593661
0.733333333333333	0.727029964816963	0.731536630290688	0.731536630290688	0.732849327734397	0	6.82933011692076
0	0	0	0	1.39341917658919e-16	0	-0.0360826937318728
0	0	0	0	1.6364106388318e-16	0	-0.0595886348389529
0	0	0	0	2.07516056328532e-16	0	8.84224062291405
0	0	0	0	6.6218914309306e-15	0	9.0138786591677
0	0	0	0	8.73767942099997e-17	0	-1.38327424868169
0	0	0	0	2.28398573347452e-16	0	3.69298107422949
0	0	0	0	4.18155228190466e-16	0	5.99926501722135
0	0	0	0	7.35983195889795e-17	0	-5.85200998292438
0	0	0	0	2.07257608598701e-16	0	0.893187819089213
0	0	0	0	1.04782521836632e-16	0	1.1439549530653
0	0	0	0	1.82980309671663e-16	0	1.38768038609261
0	0	0	0	1.82445822202812e-16	0	2.5084932729676
0	0	0	0	1.01954008338426e-16	0	-8.32847010009264
0	0	0	0	6.30475954013263e-17	0	-4.64492264181249
0	0	0	0	7.49382800346002e-17	0	-8.16851203603513
0	0	0	0	2.49644414981872e-16	0	4.10551735801378
0	0	0	0	1.08902306182793e-16	0	2.57669955201048
0	0.00110046456302027	0	0	2.00769274412995e-16	1	4.24355568054689
0	0	0	0	1.81845558581508e-16	0	3.68926220951174
0	0	0	0	3.55028943539568e-16	0	4.44128835941921
0	0	0	0	6.8263646790892e-17	0	-6.03504802716221
0	0	0	0	8.71652747869032e-17	0	1.62028313523265
0	0	0	0	0.00913840028150367	0	10.5077223725554
0	0	0	0	6.81963114709349e-16	0	12.0758407967548
0	0	0	0	6.10616032345251e-17	0	-6.43013481580976
0	0	0	0	1.64450192264031e-16	0	-1.90761451719287
0	0	0	0	1.30687835151088e-16	0	0.87039939492055
0	0	0	0	3.75486507454651e-16	0	3.12243125880485
0	0	0	0	8.01945016033797e-17	0	-8.08650294632276
0	0	0	0	9.37394217487713e-17	0	0.661102353675525
0	0	0	0	6.04473101163705e-17	0	-6.26119878764345
0	0	0	0	1.32609949646558e-16	0	3.21665298516902
0	0	0	0	7.75062769842689e-16	0	4.46089430377242
0	0	0	0	8.15409252413299e-17	0	-2.85222788067125
0	0	0	0	4.30330728729824e-16	0	3.57169607720172
0	0	0	0	6.46242124236685e-17	0	-1.91319930321161
0	0	0	0	1.19268659536777e-16	0	-5.32225245202558
0.102564102564103	0.139758999503574	0.192310076921107	0.192310076921106	0.127288056786902	0	11.1783885666054
0	0	0	0	6.65798932207937e-16	0	7.06623269536428
0	0	0	0	1.48914120081715e-16	0	0.596716847640335
0	0	0	0	7.71758737025104e-17	0	-2.83238135839296
0	0	0	0	1.67900031121901e-16	0	6.24341650285036
0	0	0	0	1.31561417779157e-16	0	-2.27226389638434
0	0	0	0	7.88798197638835e-17	0	-8.06817920321511
0	0	0	0	5.50064714633023e-15	0	-1.36266814094986
0	0	0	0	1.00792784056424e-16	0	3.87918448999095
0	0	0	0	2.16038047366063e-16	0	6.45076923187361
0	0	0	0	4.68626181763905e-16	0	8.94096550254993
0	0	0	0	7.88505092764891e-17	0	-5.8971407976763
0	0	0	0	1.54367423319749e-16	0	5.62340733492762
0	0	0	0	6.03727923156749e-17	0	-8.75283075987254
0	0	0	0	8.11544180745531e-17	0	-4.04749605118874
0	0	0	0	8.56229347774481e-17	0	-1.8410067939351
0	0	0	0	5.74337742481778e-17	0	-12.3886334692157
0	0	0	0	1.87522977915562e-16	0	2.53012864513318
0	0	0	0	5.90128125704896e-17	0	-15.3307080130004
0	0	0	0	6.49700963079807e-17	0	-3.91746183756551
0	0	0	0	7.84959184702422e-17	0	-3.19556610596382
0	0	0	0	1.04441013921973e-16	0	-4.12033988377459
0	0	0	0	5.35055180577221e-16	0	5.46933663008934
0	0	0	0	1.52114697953813e-15	0	7.2551721809555
0	0	0	0	6.75309405209651e-17	0	-6.02777443533252
0	0	0	0	2.07730769222449e-16	0	-0.350266085721178
0	0	0	0	4.92310126794387e-16	0	-0.588441063214307
0	0	0	0	1.86123811672339e-16	0	3.94488657325324
0	0	0	0	5.76539855790731e-17	0	-1.96671879483691
0	0	0	0	1.29124769779289e-16	0	0.05832921464236
0	0	0	0	1.79362036981356e-16	0	2.67413706363643
0	0	0	0	1.53202768398664e-16	0	-1.94210564890021
0	0	0	0	5.73650710120431e-17	0	-8.61312103429963
0	0	0	0	7.37484494818062e-17	0	-1.5008103117279
0	0	0	0	9.93421314324959e-17	0	-4.41098586427052
0	0	0	0	1.04117444616181e-16	0	-1.87919685309837
0	0	0	0	6.46820126894953e-17	0	-4.7281014956178
0	0	0	0	6.81630186243023e-17	0	-6.0321473699491
0	0	0	0	1.8087343641715e-15	0	2.30532947459335
0	0	0	0	1.02104820043976e-16	0	0.23220640253731
0	0	0	0	2.02398818156905e-16	0	5.87503355318869
0	0	0	0	1.01953696629145e-15	0	12.5742115762019
0	0	0	0	1.42929786181344e-15	0	7.52740189996763
0	0	0	0	1.01275035456033e-16	0	1.03336973661437
0	0	0	0	6.45364966750823e-17	0	-8.52343497309329
0	0	0	0	1.06607861160065e-14	0	5.38817197220985
0	0	0	0	6.35001256430682e-17	0	-4.02018444280065
0	0	0	0	6.17460325274778e-17	0	-9.71910356895352
0	0	0	0	5.54963356893853e-16	0	-0.452480752577075
0	0	0	0	8.56083876374573e-17	0	-3.13344741409058
0	0	0	0	6.28358029001275e-17	0	-5.51054746072793
0	0	0	0	6.77253273027284e-17	0	-4.78369928890866
0	0	0	0	1.82586231824712e-16	0	3.08366717414565
0	0	0	0	9.09891110220155e-17	0	-3.36641892224418
0	0	0	0	8.00881994581681e-17	0	-6.8384413665297
0	0	0	0	6.90175844104917e-17	0	-2.38006874383205
0	0	0	0	2.02594913316989e-16	0	2.38455664866672
0	0	0	0	6.42445865767505e-17	0	-5.42113596141981
0	0	0	0	8.91517831377766e-17	0	-8.10863304281429
0	0	0	0	6.41426403539396e-16	0	5.43925502772249
0	0	0	0	1.06628403927755e-16	0	1.58847531770512
0	0	0	0	6.01151217298836e-16	0	-2.30356293245999
0	0	0	0	7.50703450925925e-17	0	-3.26193248183272
0	0	0	0	6.71849037978753e-17	0	-6.97296316975751
0	0	0	0	1.35386471125126e-15	0	5.24487341644409
0	0	0	0	1.01383484449981e-16	0	0.364241447482861
0	0	0	0	3.18890099255141e-16	0	5.39482151903942
0	0	0	0	1.57603837719782e-16	0	1.41953090021775
0	0	0	0	9.52423159159473e-17	0	4.54406444152633
0	0	0	0	5.02940845617163e-16	0	2.09900331280762
0	0	0	0	1.63427473602882e-16	0	2.50103405219859
0	0	0	0	1.12977707677022e-16	0	-1.7595851188533
0	0	0	0	7.07407133974842e-17	0	-8.8287054960895
0	0	0	0	9.11664729118039e-17	0	-5.53831831831109
0	0	0	0	2.15428233555861e-16	0	1.72031058047573
0	0	0	0	6.09958735561884e-17	0	-7.54288599288697
0	0	0	0	3.45773976919473e-16	0	12.0267579050688
0	0	0	0	8.26312919523243e-17	0	-1.46040318176213
0	0	0	0	1.04674620007384e-16	0	-4.90349956975074
0	0	0	0	1.13494192326676e-16	0	1.03302165670468
0	0	0	0	1.56838359658003e-16	0	-0.710075710669396
0	0	0	0	3.86480644565414e-16	0	7.25499968128319
0	0	0	0	1.21237432670047e-16	0	-2.09288356918525
0	0	0	0	7.41534760657089e-17	0	-3.84592791602986
0	0	0	0	8.76137576690674e-17	0	-0.82202803569745
0	0	0	0	1.16619156451318e-16	0	0.00481384443289266
0	0	0	0	2.31322293511881e-16	0	4.54523150414886
0	0	0	0	1.91746257968011e-14	0	8.50781038197346
0	0	0	0	6.21656699373359e-17	0	-9.90632817886815
0	0	0	0	2.00912446463483e-16	0	2.11783578017189
0	0	0	0	8.9205978567561e-17	0	-0.510662243387234
0.112820512820513	0.0971870704965109	0.0744683759074303	0.074468375907431	0.103088263555568	0	8.42791837756091
0	0	0	0	1.60148508937401e-15	0	12.6729382114524
0	0	0	0	2.68399600676421e-16	0	6.14257729361457
0	0	0	0	1.77993936290316e-16	0	3.08531175694178
0	0	0	0	1.23087920511624e-16	0	-1.38018053888855
0	0	0	0	7.37621314363219e-16	0	5.948789023841
0	0	0	0	8.78886110212955e-17	0	-2.14519310301265
0	0	0	0	1.05967848466754e-16	0	0.707612088779785
0	0	0	0	1.40855800766165e-16	0	-0.592445209667899
0	0	0	0	9.15398308049049e-17	0	-4.15397917331383
0	0	0	0	4.3420721173971e-16	0	8.67810359040589
0	0	0	0	4.32252408427966e-16	0	6.40829010468033
0	0	0	0	1.05093217438626e-16	0	-3.33669775806028
0	0	0	0	1.52731872689135e-16	0	1.06515249559584
0	0	0	0	9.49207775097323e-17	0	-2.79756126409802
0	0	0	0	6.38385468938721e-17	0	-7.54151647142221
0	0	0	0	6.13560755432878e-17	0	-8.9176443963563
0	0	0	0	6.22692745510349e-16	0	6.06949470907945
0	0	0	0	9.0573797091259e-17	0	-3.07350070878719
0	0	0	0	7.58780396977504e-16	0	6.12455708262088
0	0	0	0	1.13943749912539e-16	0	3.3611207971692
0	0	0	0	7.96327112945597e-17	0	-6.61208262588847
0	0	0	0	1.97252037738214e-15	0	4.37864042549389
0	0	0	0	1.72945272520439e-16	0	1.82521416099387
0	0	0	0	1.29109704990006e-16	0	0.950982235745217
0	0	0	0	7.6729086876825e-16	0	6.51667596124549
0	0	0	0	1.60955696998407e-15	0	12.6085655697007
0	0	0	0	3.26805480560891e-16	0	4.55531252179637
0	0	0	0	1.27733762633385e-16	0	-1.18852020144746
0	0	0	0	2.54330803221549e-16	0	0.404011534783906
0	0	0	0	9.62489923282314e-17	0	-4.69250939396233
0	0	0	0	1.33570456695488e-16	0	-1.32396707220149
0	0	0	0	2.29847599424659e-16	0	4.49476268112488
0	0	0	0	1.61104278235879e-16	0	7.43508792559375
0	0	0	0	1.58645376093147e-16	0	4.19045666120164
0	0	0	0	6.57815121465671e-17	0	-8.60817719508073
0.152564102564103	0.13738145260816	0.179201283321674	0.179201283321674	0.140182436778284	0	8.98763087632634
0	0	0	0	2.44949597482358e-16	0	0.252361662454018
0	0	0	0	7.97188654413831e-17	0	2.65737443849764
0	0	0	0	3.0262214096753e-16	0	5.12790226669818
0	0	0	0	1.19358321294684e-16	0	-2.73012267524643
0	0	0	0	8.09312622810927e-17	0	-9.85179952475577
0	0	0	0	1.94466633529822e-16	0	2.64467566539463
0	0	0	0	9.42414169560963e-17	0	-0.960434844118771
0	0	0	0	9.14993766721276e-17	0	-3.50399008544012
0	0	0	0	3.0988408804807e-16	0	7.10262651416442
0	0	0	0	1.63658045187332e-15	0	8.76205756077847
0	0	0	0	4.42345446697461e-16	0	6.56961418856591
0	0	0	0	2.56404221806998e-16	0	3.57024483206833
0	0	0	0	5.89745371574261e-17	0	-0.887530447792311
0	0	0	0	5.37965517969178e-16	0	5.181945981152
0	0	0	0	7.26136388234612e-17	0	-1.52251714517009
0	0	0	0	1.4431933761204e-16	0	4.51755391290682
0	0	0	0	5.81586951529911e-17	0	-9.40357855277858
0	0	0	0	6.30810318038139e-17	0	-10.6996994839581
0	0	0	0	3.38653020876075e-16	0	9.40340045228598
0	0	0	0	6.51319303504826e-17	0	-6.98200151102138
0	0	0	0	7.37628092605409e-17	0	-1.37935310977331
0	0	0	0	6.67768826172512e-17	0	-1.25866663664905
0	0	0	0	1.65469184357397e-16	0	1.29949292591114
0	0	0	0	1.49581654241387e-16	0	-0.0291717033418811
0	0	0	0	6.82158245945126e-17	0	-5.68239003210969
0	0	0	0	7.00369917129763e-17	0	-5.63523747941855
0	0	0	0	2.52141689275347e-16	0	0.27384679763747
0	0	0	0	2.27705690756706e-16	0	1.16902090014973
0	0	0	0	6.38633660221963e-17	0	-8.04644300582176
0	0	0	0	5.65774889102971e-16	0	2.74650304502832
0	0	0	0	1.3252410183502e-16	0	0.967207093786687
0	0	0	0	6.30187834212594e-17	0	0.0846416508068527
0	0	0	0	2.9614371371711e-16	0	5.59951760992674
0	0	0	0	8.83707571173959e-17	0	-3.90591586063391
0	0	0	0	1.70163700683048e-16	0	3.3474265051003
0	0	0	0	6.14975113681417e-17	0	-6.34033221450689
0	0	0	0	1.45440105072505e-16	0	3.82849732401005
0	0	0	0	5.38318220414042e-16	0	10.3870457243368
0	0	0	0	1.79236562474686e-15	0	8.21565653804255
0	0	0	0	1.49498042524909e-16	0	1.83388725869428
0	0	0	0	1.26353015716831e-16	0	2.80003042301408
0	0	0	0	1.37545180810475e-16	0	0.612756607499965
0	0	0	0	4.18383039954663e-16	0	6.55130434193217
0	0	0	0	6.18645493602983e-17	0	-5.57124467715556
0	0	0	0	5.88770384869781e-17	0	-8.83454706830979
0	0	0	0	7.74237300021912e-17	0	-3.96163632727899
0	0	0	0	6.29928506216323e-17	0	-1.92477599490488
0.187179487179487	0.223317776993783	0.236919564950028	0.236919564950029	0.224210262114796	0	6.78854531770029
0	0	0	0	1.83295210760213e-16	0	1.01703823704143
0	0	0	0	6.232476385704e-17	0	-9.12681335066088
0	0	0	0	1.00158326285383e-16	0	-0.0129480795798793
0	0	0	0	1.71103570801826e-16	0	5.19010050720727
0	0	0	0	8.54853694948068e-17	0	-10.0989556283562
0	0	0	0	6.58137714646891e-16	0	1.45891713540991
0	0	0	0	1.34327471734208e-16	0	7.59534809712584
0.119230769230769	0.137820267137963	0.168981993923107	0.168981993923107	0.127223575042121	0	8.87479389457088
0	0	0	0	7.58715929964804e-17	0	-4.5047054065685
0	0	0	0	2.17748987189092e-16	0	4.80726036069179
0	0	0	0	2.19064996310447e-16	0	0.111815169624241
0	0	0	0	1.22090097328931e-16	0	1.34929460187961
0	0	0	0	3.97778264474725e-16	0	1.62690790951003
0	0	0	0	8.36725904182737e-17	0	-0.109906323368437
0	0	0	0	6.97678972570137e-17	0	-5.07902533500298
0	0	0	0	3.9744803852304e-16	0	2.85441043786538
0	0	0	0	1.22832186921414e-15	0	0.0475179394788218
0	0	0	0	1.07559823069359e-16	0	-1.72901820628035
0	0	0	0	2.59316305586101e-15	0	5.22784915518307
0	0	0	0	8.06427497377134e-17	0	-1.11842406696949
0	0	0	0	1.02591954589985e-16	0	4.55359052609889
0	0	0	0	9.02430442367555e-17	0	0.671637715884585
0	0	0	0	3.28632888963674e-16	0	4.47792099839651
0	0	0	0	6.44104967485581e-17	0	-7.80607430361953
0	0	0	0	1.04607330208595e-16	0	-4.65620530281053
0	0	0	0	9.2950362563889e-17	0	-1.5482305125828
0	0	0	0	7.58373145421716e-17	0	-1.61378973907232
0	0	0	0	2.33113383431401e-16	0	4.43378373050533
0	0	0	0	1.16021584127441e-16	0	-2.55943610873059
0	0	0	0	2.08417842060502e-15	0	6.92499748829446
0	0	0	0	8.3458064366508e-17	0	-2.17946937824506
0	0	0	0	7.06106466798742e-17	0	-3.08696777354538
0	0	0	0	1.31117278572427e-16	0	-0.73283574277906
0	0	0	0	7.62421953810863e-17	0	-3.94226420371716
0	0	0	0	2.15228937950163e-16	0	2.11834908746201
0	0	0	0	8.18051505818271e-17	0	-6.64348136557855
0	0	0	0	1.12423100138665e-16	0	-1.34399748739151
0	0	0	0	1.84364877423715e-16	0	4.41910615383095
0	0	0	0	1.62783168906993e-16	0	2.13611392809623
0	0	0	0	9.13493191344615e-17	0	-1.96776602012058
0	0	0	0	2.37041192095706e-16	0	4.12340492714479
0	0	0	0	5.70081119643594e-17	0	-6.6219006184743
0	0	0	0	1.61233438775918e-15	0	11.6080513988041
0	0	0	0	6.39394709807454e-17	0	-8.15734878899556
0	0	0	0	9.43558399562969e-17	0	-0.348485669005677
0	0	0	0	7.37156291660957e-17	0	-4.6489951005347
0	0	0	0	7.18183914720276e-17	0	-4.58780763428851
0	0	0	0	7.33968859435131e-17	0	-5.45590813250593
0	0	0	0	1.49544159001538e-16	0	-1.24962827946581
0	0	0	0	2.94658686323415e-16	0	3.57476417136873
0	0	0	0	8.39395044101085e-17	0	-2.71746931113376
0	0	0	0	7.73366793949947e-16	0	2.97764904896927
0	0	0	0	1.08937317106288e-16	0	-0.267694084176958
0	0	0	0	9.81755780662556e-17	0	3.85108436470058
0	0	0	0	7.58390635958271e-17	0	-8.09751626533185
0	0	0	0	6.40406079280414e-17	0	-7.9892652979981
0	0	0	0	1.65234249514987e-16	0	-1.68831015510165
0	0	0	0	1.59726196511109e-16	0	-1.79850691029066
0	0	0	0	2.71558043328222e-16	0	2.10831771251902
0	0	0	0	5.75157272850845e-17	0	-8.591176196343
0	0	0	0	9.71902505471978e-17	0	-1.65347118014382
0	0	0	0	2.07472990876865e-16	0	3.06306591591964
0	0	0	0	1.6380230370428e-16	0	-0.751102896788735
0	0	0	0	1.2151651225722e-16	0	-0.797837763107027
0	0	0	0	7.28539491920832e-17	0	-5.80511697095527
0	0	0	0	3.20476069172349e-16	0	3.33656436322567
0	0	0	0	1.26927666541127e-15	0	5.26880730978516
0	0	0	0	2.03146851465984e-16	0	-0.287241684356663
0	0	0	0	5.91079873845248e-17	0	-6.4369917438237
0	0	0	0	7.20446111582538e-16	0	3.54501848111598
0	0	0	0	2.88691419986344e-16	0	1.09718869566644
0	0	0	0	7.45455808718783e-17	0	0.820840822688942
0	0	0	0	9.22194639378207e-17	0	6.00346877632806
0	0	0	0	1.54931131943462e-16	0	2.34208076548339
0	0	0	0	6.44959771565133e-17	0	-7.97415549843922
0	0	0	0	9.26421607169661e-17	0	-1.97840933671709
0	0	0	0	2.55413071621932e-16	0	2.4505299294235
0	0	0	0	8.10450786249367e-17	0	-8.86632453240137
0	0	0	0	1.47063720211593e-16	0	-0.152079694752911
0	0	0	0	5.71634547955465e-17	0	-6.87300464868885
0	0	0	0	3.9013915739702e-16	0	-0.0514246420132614
0	0	0	0	1.84689076993154e-16	0	0.371452754428991
0	0	0	0	1.09624318105737e-16	0	1.68775205078615
0	0	0	0	1.02260754531798e-15	0	9.67819459325117
0	0	0	0	6.28048814674385e-17	0	-6.15117813225693
0	0	0	0	1.15347823637674e-16	0	0.696668427371707
0	0	0	0	2.51797773283521e-16	0	5.93974325435961
0	0	0	0	1.30177864012386e-16	0	-1.05484278019541
0	0	0	0	1.20395813662537e-16	0	2.73508136680134
0	0	0	0	9.43698917290455e-17	0	0.26296224549242
0	0	0	0	7.4059406621036e-17	0	-7.8419530831659
0	0	0	0	7.83869022130681e-17	0	0.137768420943559
0	0	0	0	1.65488863346585e-16	0	5.61823223421913
0	0	0	0	2.57947472645662e-16	0	7.09205458845895
0	0	0	0	7.21559243483938e-17	0	-8.56518572490467
0	0	0	0	7.81500276974868e-17	0	3.24697664364319
0	0	0	0	2.10543382013783e-16	0	4.56527051872311
0	0	0	0	1.40645703457847e-14	0	10.441289195375
0	0	0	0	2.72194002722247e-16	0	4.9388135748483
0	0	0	0	2.30057148407327e-16	0	5.54858735214323
0	0	0	0	5.89577899984968e-17	0	-5.72023515874528
0	0	0	0	1.77225611547178e-16	0	3.32540355816832
0	0	0	0	1.53669695188445e-16	0	-3.5625628287672
0	0	0	0	7.95781608582873e-17	0	2.78078002948138
0.126923076923077	0.128704540436173	0.106776472084909	0.106776472084909	0.131727096618003	0	11.7478026553835
0	0	0	0	8.63225607279912e-17	0	-1.0503128217097
0	0	0	0	7.41964995767383e-17	0	-7.20967598512972
0	0	0	0	9.30371520598644e-17	0	3.68788104492196
0	0	0	0	1.06666278979784e-16	0	-2.69780455159077
0	0	0	0	2.50776163381165e-16	0	2.80148612605288
0	0	0	0	9.40035430308571e-17	0	-1.03839668953479
0	0	0	0	6.74988698259505e-16	0	4.72996855615884
0	0	0	0	2.23950004486897e-16	0	3.98592418595949
0	0	0	0	1.32949258202466e-16	0	4.34351417268627
0	0	0	0	2.3824562987208e-16	0	2.50102378695216
0	0	0	0	9.44529454257172e-17	0	1.47090169664541
0	0	0	0	1.37100045364528e-16	0	3.38301856988978
0	0	0	0	8.32099311823461e-17	0	0.894072130560834
0	0	0	0	8.95201629888723e-17	0	-2.44986162943674
0	0	0	0	6.33406513522218e-17	0	-5.53766863653148
0	0	0	0	1.51285520041285e-16	0	3.99813918415061
0	0	0	0	6.03034630231622e-17	0	-9.85103490683239
0	0	0	0	7.63486409808528e-17	0	1.18807914331358
0	0	0	0	2.7504596739488e-16	0	-0.0232659222585072
0	0	0	0	1.09378451444233e-16	0	4.58140033673198
0	0	0	0	3.27429338001417e-16	0	1.68211332660101
0	0	0	0	1.14984828125943e-16	0	-1.3737739312506
0	0	0	0	6.34889656209922e-17	0	-7.97749828199316
0	0	0	0	3.36885858383476e-16	0	7.88965647896703
0	0	0	0	6.90921235369652e-17	0	-5.99125851046534
0	0	0	0	3.06097005833674e-15	0	4.58565295862519
0	0	0	0	9.66695902158896e-17	0	-3.35991777259177
0	0	0	0	6.66867428825931e-17	0	-7.85642932006057
0	0	0	0	9.0232155415716e-17	0	4.49642402218305
0	0	0	0	1.72197700064934e-16	0	5.28722755660358
0	0	0	0	1.99940322976181e-16	0	8.43303931776256
0	0	0	0	2.06724209228572e-16	0	8.11713527989998
0	0	0	0	6.52478737347218e-17	0	-6.38303903206174
0	0	0	0	8.04027856488996e-17	0	0.294064907888876
0	0	0	0	2.91766963759284e-16	0	7.26679425159081
0	0	0	0	1.32225165632883e-16	0	4.54381830275368
0	0	0	0	8.71521052912911e-17	0	2.89084220072108
0	0	0	0	7.58974254477904e-16	0	4.35104916951805
0	0	0	0	8.08381293045948e-17	0	-3.00750325171852
0	0	0	0	1.58314364119294e-16	0	0.728939367089398
0	0	0	0	9.37333491305354e-17	0	2.63599165375628
0	0	0	0	1.25869150545204e-16	0	4.41320608614452
0	0	0	0	6.88657666153115e-17	0	-5.39800832086977
0	0	0	0	7.06693706284023e-15	0	9.15884734258243
0	0	0	0	3.13922250748194e-16	0	9.19425054729235
0	0	0	0	1.24956990480241e-16	0	-1.19488126836364
0	0	0	0	6.51251241830131e-17	0	-5.79407968963094
0	0	0	0	1.10753330997021e-16	0	0.687906552091792
0	0	0	0	1.03611634265455e-15	0	7.28255195534648
0	0	0	0	1.93613246574979e-16	0	1.10554100492498
0	0	0	0	1.04532103358629e-16	0	-1.19209378858491
0	0	0	0	6.24520529158565e-17	0	-1.08331747945273
0	0	0	0	8.45606331967136e-17	0	-3.8205331860771
0	0	0	0	2.45781706382871e-16	0	3.71634608422971
0	0	0	0	6.08083412600901e-17	0	-5.81928618359944
0	0	0	0	9.96478062701092e-17	0	-0.172832759764221
0	0	0	0	1.28493440907607e-16	0	0.765832260225243
0	0	0	0	1.1731196971363e-16	0	0.16115443022289
0	0	0	0	7.63631747774632e-17	0	-2.782953118081
0	0	0	0	7.42340231055904e-17	0	-6.70881071886015
0	0	0	0	6.6672782949955e-17	0	-10.7125608330959
1	1	1	1	1	1	-9.20230074610642
0	0	0	0	3.98424239306359e-16	0	2.60024175907626
0	0	0	0	5.87655152448786e-16	0	10.3661912001505
0	0	0	0	1.13063442495006e-16	0	3.23916589364971
0	0	0	0	9.12605396652454e-17	0	2.24482758374631
0	0	0	0	1.53518173485893e-16	0	0.778170153070549
0	0	0	0	8.24174792122181e-17	0	-2.31932834868527
0	0	0	0	8.37221634523071e-17	0	2.80410686894802
0	0	0	0	2.9431702477815e-16	0	4.440259611542
0	0	0	0	1.47553934226102e-16	0	1.83414392830953
0	0	0	0	4.71055975002967e-16	0	2.93830663854461
0	0	0	0	6.51658075229235e-17	0	-10.1643456945983
0	0	0	0	2.44518962506964e-15	0	2.66898022136069
0	0	0	0	1.18914850419107e-16	0	-0.707516155078457
0	0	0	0	8.24546470051244e-17	0	-2.47985555220187
0	0	0	0	1.17812913392279e-16	0	-1.24252429756692
0	0	0	0	3.1804336280028e-16	0	2.2315881180827
0	0	0	0	6.9788104459039e-17	0	-4.31922345820783
0	0	0	0	8.55203998270429e-17	0	-1.44215187295637
0	0	0	0	2.49973398127472e-16	0	2.03689078335006
0	0	0	0	6.91393078137035e-17	0	-4.96805318622643
0	0	0	0	5.0600069634546e-16	0	7.07286289712487
0	0	0	0	9.27108766737009e-17	0	-2.97271950848922
0	0	0	0	6.13595743103967e-17	0	-7.89696139561045
0	0	0	0	1.27180988158573e-16	0	-0.788849791755557
0	0	0	0	2.56199027377557e-16	0	1.1612555591972
0	0	0	0	9.77196449133206e-17	0	-1.45592720722831
0	0	0	0	6.40763146701455e-17	0	-11.5955262975243
0	0	0	0	9.3281380899787e-17	0	-2.32209115244592
0	0	0	0	4.10317617991062e-16	0	1.57252671817744
0	0	0	0	1.5965248135015e-16	0	3.50397102401614
0	0	0	0	6.36488332878424e-17	0	-4.62986450388616
0	0	0	0	1.29983129573506e-16	0	-1.51814405786552
0	0	0	0	5.97468235829311e-17	0	-4.53310806466482
0	0	0	0	2.83413289163006e-16	0	4.81613997923781
0	0	0	0	2.44045244250305e-16	0	1.71470025999115
0	0	0	0	9.72598108972965e-17	0	3.96780863743479
0	0	0	0	1.47269197973139e-16	0	0.640123274660468
0	0	0	0	1.92785632336117e-16	0	1.86883649975928
0	0	0	0	1.52163237148041e-16	0	1.16566187747488
0	0	0	0	2.27239393456029e-16	0	4.6605779133252
0	0	0	0	1.35129839858811e-16	0	-4.6675705445128
0	0	0	0	6.22773836950264e-17	0	-6.23569815196464
0	0	0	0	1.09770680085229e-10	0	2.7623321607583
0	0	0	0	2.30176717605719e-16	0	5.72811244264722
0	0	0	0	1.69281907782013e-16	0	3.6790654148763
0.411538461538462	0.430820425830242	0.435918402947078	0.435918402947078	0.435459820203813	1	-0.0317290805708476
0	0	0	0	1.0096597412705e-16	0	-0.947582457664755
0	0	0	0	6.04683634162641e-17	0	0.190126035821566
0	0	0	0	6.44121283861633e-17	0	-8.10017939507217
0	0	0	0	5.98848152522492e-17	0	-6.33306295155407
0	0	0	0	3.20755181151765e-16	0	4.60776117170112
0.135897435897436	0.126860386345037	0.126836756471298	0.126836756471298	0.121740605668385	0	10.2798166924878
0	0	0	0	3.4445253012586e-16	0	3.88619432324285
0	0	0	0	2.03627010110064e-16	0	1.96819209042
0.0807692307692308	0.0542246451887332	0.0604549688529997	0.0604549688529995	0.0668065243585045	0	9.8147218836044
0	0	0	0	1.89603095447783e-16	0	0.155582296952397
0	0	0	0	1.24712288577142e-16	0	-5.70687359308525
0	0	0	0	1.79915151524273e-16	0	3.56626703474463
0	0	0	0	1.51399145965052e-16	0	2.5010057811959
0	0	0	0	1.00629345374316e-16	0	1.12752636229989
0	0	0	0	1.0595090125926e-16	0	3.06466086797449
0	0	0	0	1.38196084706995e-16	0	1.46546513932062
0	0	0	0	8.77048814529469e-17	0	-5.28854422708617
0	0	0	0	2.24179687018088e-16	0	2.62203129521219
0	0	0	0	5.7931947940188e-17	0	-11.9047615105704
0.338461538461538	0.311382568622994	0.314124628082104	0.314124628082104	0.310008968209044	0	2.98700701701823
0	0	0	0	7.35880012665372e-17	0	-5.4777367288258
0	0	0	0	1.30062807007116e-16	0	-0.968466719357925
0	0	0	0	1.51290485579457e-16	0	3.20280790045379
0	0	0	0	7.24393625953068e-17	0	-3.83844360681188
0	0	0	0	3.43947762993762e-10	0	2.61579379835849
0	0	0	0	1.08413831176918e-16	0	-1.62645462853706
0	0	0	0	5.87046634733858e-17	0	-9.52987507214039
0	0	0	0	6.27463391119434e-17	0	-7.45473137817199
0	0	0	0	4.0370977765892e-16	0	5.47185900730984
0	0	0	0	6.62040536186801e-17	0	-3.35836065106271
0	0	0	0	6.01444585143894e-17	0	-8.31616006613371
0	0	0	0	6.18020256466688e-17	0	-6.91621448598704
0	0	0	0	8.69343054752063e-17	0	-2.43649092316401
0	0	0	0	1.24547658323381e-16	0	3.82527044844888
0	0	0	0	8.35744509490764e-17	0	-2.69517358569592
0	0	0	0	4.14993243904641e-15	0	4.57017523890578
0	0	0	0	5.81974834833722e-17	0	-11.2742440556394
0	0	0	0	5.76431565832443e-17	0	-9.19146953873952
0	0	0	0	8.39301221575567e-17	0	-7.10155318581852
0	0	0	0	9.08841053622023e-17	0	-6.77094795205691
0	0	0	0	6.98232197477478e-17	0	-9.50781886477389
0	0	0	0	1.1587841785646e-16	0	-0.952752996205299
0	0	0	0	9.34088092910579e-16	0	10.9522738354424
0	0	0	0	7.69633560731457e-17	0	-5.00529573225481
0	0	0	0	5.8548923338423e-17	0	-5.95193891869574
0	0	0	0	3.82231795261626e-16	0	7.51204280507446
0	0	0	0	7.11875152139163e-17	0	-1.93567895693784
0	0	0	0	1.35892018115913e-16	0	-0.116367714881097
0	0	0	0	2.89053203443433e-16	0	4.18815546375428
0	0	0	0	9.27581595524493e-17	0	-4.90641713988213
0	0	0	0	6.26799925645053e-17	0	-5.51993992930523
0	0	0	0	1.57808664465971e-16	0	5.12572257552728
0	0	0	0	9.57079111467136e-17	0	2.03662337165717
0	0	0	0	7.99601592218213e-17	0	1.00613934322665
0	0	0	0	8.05556883447351e-17	0	-0.495607210090391
0	0	0	0	1.06502599061263e-16	0	-6.20982466059808
0	0	0	0	1.47688627409464e-16	0	5.6173593048861
0	0	0	0	5.24042892285956e-16	0	4.99462826007241
0	0	0	0	3.46030541281326e-16	0	3.57381747753431
0	0	0	0	8.71866172458212e-17	0	-1.07853471723658
0	0	0	0	8.02338186528253e-17	0	-0.810101422318229
0	0	0	0	1.3341394564531e-16	0	1.35355331707853
0	0	0	0	1.01717962423242e-16	0	4.70134056904541
0	0	0	0	1.26891753437961e-16	0	-5.8716879405226
0	0	0	0	9.2494333575714e-17	0	-2.14851001719512
0	0	0	0	7.22679637350293e-17	0	-0.491261230434834
0	0	0	0	7.85860018822667e-16	0	1.24756315096992
0	0	0	0	3.02097581677024e-16	0	-2.23787406988466
0	0	0	0	1.53515934340674e-16	0	-0.795463980492804
0	0	0	0	2.34756548841912e-16	0	6.55477917349919
0	0	0	0	3.70899874417321e-16	0	4.96004025918248
0	0	0	0	8.19818604454971e-17	0	-6.57073519891204
0	0	0	0	4.80086704039809e-16	0	8.17854214608921
0	0	0	0	2.51779398125431e-16	0	0.553566589906089
0	0	0	0	6.40330822476231e-16	0	8.58640241614157
0	0	0	0	2.93604899142559e-16	0	7.92587542447892
0	0	0	0	1.14712125423261e-16	0	-1.03094338522538
0	0	0	0	1.27224002952604e-16	0	1.0893403204693
0	0	0	0	6.98553261468985e-17	0	-6.1328572557669
0	0	0	0	6.59590721840086e-17	0	-8.92456478580263
0	0	0	0	1.63079762807986e-16	0	2.58625366253218
0	0	0	0	9.65795648395169e-17	0	-2.48902364428365
0	0	0	0	7.93476970292557e-17	0	-2.88715511488892
0	0	0	0	2.58997586054241e-16	0	6.31737489096885
0	0	0	0	7.28075791885218e-17	0	-1.61035254323746
0	0	0	0	1.01932068092032e-16	0	1.2234485051959
0	0	0	0	2.01925491942443e-16	0	6.93690065257173
0	0	0	0	9.17637175128685e-17	0	-9.12255013889202
0	0	0	0	3.91959045839134e-16	0	4.04961467946493
0	0	0	0	6.46982046865221e-17	0	-7.63860398259332
0	0	0	0	1.34798939029942e-16	0	-1.9229726575292
0	0	0	0	2.95860808530715e-16	0	1.94391100916277
0	0	0	0	1.50403874771202e-16	0	-0.722455612132881
0	0	0	0	4.7747401569302e-16	0	8.70010893332032
0	0	0	0	1.7496999661494e-16	0	1.8510758422307
0	0	0	0	1.15046206178491e-16	0	-1.56678040950643
0	0	0	0	6.85170461147592e-17	0	-6.59852991048855
0	0	0	0	3.9339613197881e-16	0	6.49055524943293
0	0	0	0	7.20322265088003e-17	0	-3.24782478740402
0	0	0	0	1.33379174719291e-16	0	0.127661636128051
0	0	0	0	2.06208177785617e-15	0	7.2912373759666
0	0	0	0	9.04897303057602e-17	0	-4.84699441685241
0	0	0	0	1.54182251497392e-16	0	-1.78614770104649
0	0	0	0	8.26512052783192e-17	0	-3.36758293909298
0	0	0	0	1.00640152238201e-16	0	-5.20804092627441
0	0	0	0	6.27562963059214e-17	0	-3.30755040047878
0	0	0	0	7.6423761388299e-17	0	-3.67547376769886
0	0	0	0	6.82956194422088e-17	0	-6.92761316158774
0	0	0	0	8.89527221416727e-17	0	1.79650689492689
0	0	0	0	2.35531049232788e-16	0	7.7656506026476
0	0	0	0	7.35543629927522e-17	0	-5.46878922284336
0	0	0	0	6.6783767271767e-17	0	-12.1664007420662
0	0	0	0	6.87909465581867e-17	0	-0.734266487936638
0	0	0	0	6.45919403763929e-17	0	-5.06947300075218
0	0	0	0	6.25009821312967e-17	0	-12.5675425921629
0	0	0	0	3.05717100364039e-16	0	1.52621119717286
0	0	0	0	6.37518886805375e-17	0	-12.0052677318596
0	0	0	0	9.52639043310839e-17	0	-5.3908845280186
0	0	0	0	1.54932296326893e-16	0	4.87908960543982
0	0	0	0	6.93052082198548e-17	0	-7.47406463258366
0	0	0	0	1.98453287930097e-16	0	4.65398980031425
0	0	0	0	1.32416398166079e-16	0	5.33138489110765
0	0	0	0	3.95549248492375e-16	0	-0.580260593056271
0	0	0	0	3.65856922472305e-16	0	6.12493856314073
0	0	0	0	1.23452856410246e-16	0	-5.05334254901534
0	0	0	0	1.768297704641e-16	0	0.946645447287767
0	0	0	0	2.46417354064527e-16	0	2.39889630972601
0	0	0	0	9.87003476501192e-17	0	-7.45156680969451
0.1	0.10179738721902	0.0892620863876381	0.0892620863876385	0.108893230654521	0	8.78944804954034
0	0	0	0	6.37996765302419e-17	0	-9.99382859836124
0	0	0	0	1.47743571572368e-16	0	4.65150772227478
0	0	0	0	1.63663300526209e-16	0	5.58117528629181
0.253846153846154	0.242498233195902	0.238631580153016	0.238631580153015	0.246405900405888	0	8.68142685988077
0	0	0	0	1.87549960829903e-16	0	1.07629530894328
0	0	0	0	6.6292828841706e-17	0	-2.25155295448746
0	0	0	0	9.93303913951879e-17	0	-8.48223738759316
0	0	0	0	7.4842698882647e-17	0	-1.49169629493754
0	0	0	0	7.36672807989754e-17	0	-6.26126328115226
1	0.99889953543698	1	1	0.999999999999999	0	4.21059585539106
0.152564102564103	0.163958181995686	0.152734271384069	0.15273427138407	0.161847735029758	0	11.9001662162041
0	0	0	0	5.85220831525466e-17	0	3.42983963650677
0	0	0	0	1.70806273261489e-16	0	4.10013826340044
0	0	0	0	6.98156825128718e-14	0	14.2937662043092
0.0615384615384615	0.0687603892369951	0.0575513323407406	0.0575513323407406	0.0534492176549472	0	9.83515949314128
0	0	0	0	5.9387778453074e-16	0	6.4043108482729
0	0	0	0	8.92386207305213e-17	0	-0.162011840076302
0	0	0	0	1.06305707872512e-16	0	-1.17655211307503
0	0	0	0	3.24758364941691e-16	0	8.54533639025543
0	0	0	0	2.03399502098357e-16	0	3.77063248598087
0	0	0	0	1.83232661295144e-16	0	6.05682897125377
0	0	0	0	1.17748441886732e-16	0	2.61464645360265
0	0	0	0	7.98456927210649e-17	0	0.696327089707422
0	0	0	0	6.80411946799433e-17	0	-5.31281006975316
0	0	0	0	6.47806305251649e-17	0	-5.95846405632634
0	0	0	0	1.60086080278654e-16	0	1.44658546008555
0	0	0	0	7.89697291780635e-17	0	-6.34537678871336
0	0	0	0	5.69560107708237e-17	0	-4.49132273520627
0	0	0	0	3.02730717823512e-16	0	3.26077339533402
0	0	0	0	3.33046103680368e-16	0	6.89213962482838
0	0	0	0	1.19047845702168e-16	0	1.97679080640709
0	0	0	0	8.19216650277315e-17	0	-5.67602131352572
0	0	0	0	6.90031207036692e-17	0	-5.63964837559426
0	0	0	0	9.58073083013216e-17	0	0.202725359508096
0	0	0	0	1.06106525598038e-16	0	-3.46891012340597
0	0	0	0	1.62233371636146e-16	0	0.863605770791989
0	0	0	0	7.62402407838703e-17	0	-1.97328464714382
0	0	0	0	8.65696594582917e-17	0	-3.35338527946355
0	0	0	0	9.72219252400542e-17	0	1.05890103498412
0	0	0	0	1.33815428996636e-15	0	5.45471612763022
0	0	0	0	3.57401709390568e-16	0	5.4342939757667
0	0	0	0	6.32998454770611e-16	0	12.4399825228729
0	0	0	0	6.28800297409354e-17	0	-12.7079963791709
0	0	0	0	9.58340507461189e-17	0	-4.08993321178467
0	0	0	0	1.60673410656885e-16	0	0.0245286999128685
0.319230769230769	0.324207713170844	0.320631227222385	0.320631227222384	0.331795383694023	0	5.7026952603929
0	0	0	0	4.1650795939007e-16	0	4.40255917779528
0	0	0	0	7.30201800550288e-17	0	-1.52312591903108
0	0	0	0	8.26740692481919e-17	0	-5.61379441823251
0	0	0	0	1.54601249506379e-16	0	-2.74836125818797
0	0	0	0	7.12914482238193e-17	0	-0.957938896731317
0	0	0	0	1.96634767227092e-16	0	1.11606939473444
0	0	0	0	2.99384009879522e-16	0	-0.938441792390876
0	0	0	0	6.20562818489155e-17	0	-10.4612814357314
0	0	0	0	8.63216978253247e-16	0	10.0382661816524
0	0	0	0	9.42514167393147e-17	0	-0.183585095676812
0	0	0	0	5.91997353046818e-17	0	-7.71947788491176
0	0	0	0	8.61734862675882e-16	0	7.46933175732693
0	0	0	0	7.23864816213795e-17	0	-3.36865854118283
0	0	0	0	4.58653468099247e-16	0	3.63575998628324
0	0	0	0	9.57518360532855e-17	0	-0.351240044684348
0	0	0	0	6.8720791120712e-16	0	4.91341841232449
0	0	0	0	6.58652867466295e-17	0	-9.41724353877651
0	0	0	0	3.54148026450104e-16	0	7.94905404576549
0	0	0	0	7.81784643445157e-17	0	-7.08299413697235
0	0	0	0	4.01235913371596e-16	0	7.94903181204493
0	0	0	0	1.54016442562718e-16	0	0.684859474393347
0	0	0	0	2.02631058742474e-16	0	7.11931015034649
0	0	0	0	1.36889658508518e-16	0	-0.152836159607518
0	0	0	0	5.66017298940964e-16	0	4.67925848096332
0	0	0	0	9.4571525803946e-17	0	-5.18109513333094
0	0	0	0	3.84488705242836e-16	0	0.492760712237368
0	0	0	0	6.66119533649972e-17	0	-3.13520321969752
0	0	0	0	1.65626218381933e-16	0	0.54600761254923
0	0	0	0	1.25425245372531e-16	0	-1.8912542015684
0.67948717948718	0.691912736044092	0.685182011911742	0.685182011911742	0.691906282024696	1	-8.07844945895966
0	0	0	0	3.14949161411888e-16	0	5.72203150855315
0	0	0	0	1.10695299228306e-16	0	2.45453083186802
0	0	0	0	1.04440560357809e-16	0	-0.697150249154418
0	0	0	0	6.99512130867513e-17	0	-5.72911686794578
0	0	0	0	7.82516392746125e-17	0	-2.88677605257902
0	0	0	0	1.29254130566893e-16	0	2.32186765240274
0	0	0	0	9.95965281413448e-17	0	-6.01991004422911
0	0	0	0	6.58104813725585e-17	0	-1.03053830455758
0	0	0	0	7.58661958789379e-17	0	0.0820966703297652
0	0	0	0	2.24075058769499e-16	0	8.46370295322569
0	0	0	0	1.25159454818958e-16	0	0.894201772962728
0	0	0	0	1.99638833062951e-16	0	4.14174141270487
0	0	0	0	1.35936676678883e-16	0	1.90150033174307
0	0	0	0	5.69155153563002e-17	0	-5.65613177075819
0	0	0	0	6.4773301120872e-17	0	-5.58448206959655
0	0	0	0	1.34564196099702e-16	0	0.98308854742383
0	0	0	0	4.31706800999755e-16	0	2.11125595039348
0	0	0	0	9.71172491622128e-17	0	-0.23493983760479
0	0	0	0	6.01567964316008e-17	0	-0.0764209726635234
0	0	0	0	1.22516359437661e-16	0	-1.67159304119998
0	0	0	0	7.1563939522155e-17	0	-4.56832422776449
0	0	0	0	6.68931528960229e-17	0	-7.99890201012597
0	0	0	0	7.2666261416897e-17	0	-9.89640591327032
0.320512820512821	0.308087263955908	0.314817988088258	0.314817988088258	0.308093717975304	0	-4.37149242611383
0	0	0	0	7.93805580417695e-17	0	-6.59157893484592
0	0	0	0	3.18182954478884e-16	0	6.85581838150852
0	0	0	0	1.05898328900718e-16	0	-1.47049457358582
0	0	0	0	1.4567734944525e-16	0	0.174659843680584
0	0	0	0	1.94241713183078e-16	0	5.37005315222137
0	0	0	0	1.25249902233704e-16	0	-2.33626161732609
0	0	0	0	8.83119227866321e-17	0	-0.182299230412372
0	0	0	0	7.48197233585939e-17	0	-1.01767859886418
0	0	0	0	1.02558913983147e-16	0	5.33556857726074
0	0	0	0	6.35835310476826e-17	0	-4.31678723192735
0	0	0	0	2.16915616345564e-15	0	5.71490418326886
0	0	0	0	5.82056618489549e-17	0	-3.10658358106821
0	0	0	0	8.6703425830156e-17	0	-2.31302581716549
0	0	0	0	3.02656046868421e-16	0	-1.02616835305908
0	0	0	0	2.28977534990943e-16	0	6.60977668284757
0	0	0	0	1.01187198441418e-16	0	-0.142717466774805
0	0	0	0	7.74706533637258e-17	0	-2.24425977816174
0	0	0	0	9.38832522625013e-17	0	0.777453816979953
0	0	0	0	1.30271849532063e-16	0	-0.384491109933554
0	0	0	0	3.70648516034606e-15	0	11.4343798253585
0	0	0	0	6.795803973111e-17	0	-3.5466452814101
0	0	0	0	1.91869495104884e-16	0	2.88468211215493
0	0	0	0	7.0397407945969e-17	0	-13.299808286414
0	0	0	0	7.26794536609305e-17	0	0.484151917009441
0	0	0	0	4.38444498859766e-16	0	3.98092886776476
0	0	0	0	1.57144826657735e-16	0	3.04415527806953
0	0	0	0	2.80595312020201e-15	0	3.99903071441157
0	0	0	0	1.93449184995414e-16	0	4.0965731365176
0	0	0	0	1.86397591168625e-16	0	5.76926553637087
0	0	0	0	5.9633009357286e-17	0	-6.15520954173097
0	0	0	0	8.30332907342176e-17	0	-4.25794163811299
0	0	0	0	1.38977544403504e-16	0	-0.584338031363182
0	0	0	0	1.28644059847066e-16	0	-3.09234920402324
0	0	0	0	1.8047619756794e-13	0	5.21879881782111
0	0	0	0	2.19964291233514e-16	0	4.25586352943244
0	0	0	0	2.75808899011123e-16	0	6.2499615197655
0	0	0	0	8.00020223379171e-17	0	-5.46536199791187
0	0	0	0	6.01765234067312e-17	0	-1.36315601336135
0	0	0	0	1.45814102637262e-16	0	-0.754061191371916
0	0	0	0	4.72997063419267e-16	0	4.53289792564784
0	0	0	0	5.74592309621973e-16	0	2.14294915222425
0	0	0	0	6.4535380630193e-17	0	-4.04322415972084
0	0	0	0	1.47429241781188e-16	0	-0.225877880816484
0	0	0	0	3.71405943236434e-16	0	2.48606007275782
0	0	0	0	7.99489916597288e-17	0	-5.60876034000246
0	0	0	0	9.61962479031431e-17	0	-5.14188992326347
0	0	0	0	3.47352166231318e-16	0	4.45617685320208
0	0	0	0	1.60326842639985e-16	0	-0.768753178242555
0	0	0	0	1.62401838994206e-16	0	1.75683552038916
0	0	0	0	6.61018025597085e-17	0	-5.22031061565434
0	0	0	0	5.76128017961895e-17	0	-3.90130465587471
0.0282051282051282	0.0225894003295898	0	0	0.0303554604069206	0	8.54294460603509
0	0	0	0	6.47798251457529e-17	0	-6.34475315470105
0	0	0	0	6.40147393195255e-17	0	-2.62605303490705
0	0	0	0	8.3478071753692e-17	0	-4.41505491879517
0	0	0	0	8.1756461104521e-17	0	-6.61569784638432
0	0	0	0	2.20832149482261e-16	0	3.97788277143044
0	0	0	0	9.34475567439016e-17	0	3.44422316703331
0	0	0	0	6.05731978914714e-17	0	-3.69367827826379
0	0	0	0	6.27869490420257e-17	0	-9.12174353585711
0	0	0	0	1.07792781650346e-16	0	3.5468053476079
0	0	0	0	9.0863134862978e-17	0	-1.39875895540396
0	0	0	0	2.66700093077927e-16	0	4.35570265102808
0	0	0	0	9.88400932602147e-17	0	-3.10894731532942
0	0	0	0	8.35457448119927e-17	0	0.386631943491136
0	0	0	0	9.29712486162772e-17	0	-4.13574458732263
0	0	0	0	6.95275179696932e-17	0	-5.37760154054684
0	0	0	0	8.3402826574478e-17	0	0.535088100619943
0	0	0	0	7.1616021476511e-17	0	-6.36612747309978
0	0	0	0	5.10613881285614e-16	0	3.52058004952479
0	0	0	0	2.65430169146798e-16	0	8.84162468698828
0	0	0	0	7.80669732377879e-17	0	-1.17015319165773
0	0	0	0	1.04504353066147e-12	0	7.69820911460246
0.0256410256410256	0.0370977956506491	0	0	0.0321699505237512	0	3.33833629956227
0	0	0	0	9.82153732439033e-17	0	-4.78357282575792
0	0	0	0	4.57548849530406e-16	0	5.76450402903154
0	0	0	0	1.09618623690717e-16	0	3.06908562927491
0	0	0	0	1.64240096469857e-16	0	0.831778501746969
0	0	0	0	6.29753718815329e-17	0	-4.11259003808176
0	0	0	0	1.9933259774169e-16	0	5.26743433701296
0	0	0	0	6.3632882537679e-17	0	-9.20885839677192
0	0	0	0	1.05957744344917e-16	0	4.02416867720183
0	0	0	0	3.50395670451035e-16	0	2.35317192239816
0	0	0	0	8.86153148690062e-17	0	-0.400111511338066
0	0	0	0	4.79097261403121e-16	0	10.3205900048986
0	0	0	0	1.26566153906612e-16	0	-3.08046135941035
0	0	0	0	6.43477610564026e-17	0	-3.26496392511498
0	0	0	0	1.1432346469642e-16	0	-0.6297627604773
0	0	0	0	8.11357966129618e-17	0	-2.52613947420983
0	0	0	0	1.9639185294999e-16	0	-2.92370060733326
0	0	0	0	6.66304514231325e-17	0	-3.37468568043318
0	0	0	0	2.40631956225505e-16	0	-0.718720553763618
0	0	0	0	6.99785867952343e-17	0	-5.1802347076535
0	0	0	0	4.67931628526589e-16	0	5.72980498743967
0	0	0	0	1.38182838787136e-16	0	-2.92140658335094
0	0	0	0	2.59997446000129e-16	0	3.75362418450537
0	0	0	0	8.62592191165831e-17	0	-5.90836822430428
0	0	0	0	9.9297225861465e-17	0	0.654976239823117
0.182051282051282	0.173024527391869	0.168981993923107	0.168981993923107	0.175389502737408	0	4.06871715505001
0	0	0	0	7.69804226575741e-17	0	0.270550070801105
0	0	0	0	1.42808532375935e-16	0	2.67936195659761
0	0	0	0	7.7450880350905e-17	0	-1.27917714671387
0	0	0	0	1.80494299580217e-16	0	5.25330268198603
0	0	0	0	1.07085644898071e-16	0	0.951051871848825
0	0	0	0	7.76626912129549e-17	0	-1.64363269520524
0	0	0	0	1.01670596170163e-16	0	3.00424639926034
0	0	0	0	1.45238528766129e-16	0	6.38840752213934
0	0	0	0	6.46183162549391e-17	0	-1.38776325468928
0	0	0	0	1.38243467298458e-16	0	2.2007385101779
0	0	0	0	2.35242584390111e-16	0	8.92074090423849
0	0	0	0	7.76261769939507e-17	0	-9.02939998093599
0	0	0	0	9.78920494202828e-17	0	-7.80811918211643
0	0	0	0	1.45646469618038e-16	0	7.42600877616396
0	0	0	0	6.42549416841303e-17	0	-3.16619828458764
0	0	0	0	1.72115860739691e-16	0	2.89183783183724
0	0	0	0	1.19906085443227e-16	0	0.430426511200533
0	0	0	0	1.68342383220383e-16	0	5.72854210442135
0	0	0	0	9.37265292775408e-16	0	8.96565739346304
0	0	0	0	8.15761459450756e-17	0	-5.86325626131859
0	0	0	0	6.29967485661595e-17	0	-2.23004748781276
0	0	0	0	1.04310906265623e-16	0	4.93598914614081
0	0	0	0	7.6507150985601e-17	0	-2.04061249071534
0	0	0	0	1.095616619178e-16	0	-0.66124277320874
0	0	0	0	2.39102761444623e-16	0	8.99782267783635
0	0	0	0	1.08163847953838e-16	0	0.227908843234291
0	0	0	0	6.56667650206786e-17	0	-5.19346371882177
0	0	0	0	1.40873671493212e-16	0	2.02879513738613
0	0	0	0	4.71276089900145e-16	0	8.16536315114197
0	0	0	0	1.00190173102407e-16	0	-6.64397473443977
0	0	0	0	1.70509759459095e-16	0	4.95642729897903
0	0	0	0	1.36314429863656e-16	0	2.90631716664703
0	0	0	0	7.7855570336293e-17	0	2.23785560175283
0	0	0	0	8.64837887652993e-17	0	-2.5771992933767
0	0	0	0	5.34468495051844e-16	0	5.6097461207137
0	0	0	0	3.40287409163575e-16	0	3.47930048982756
0	0	0	0	9.92189560022576e-17	0	-3.66605971419491
0	0	0	0	3.33831479304033e-16	0	8.05403401358133
0	0	0	0	7.25021820307212e-17	0	-1.82424091076631
0	0	0	0	2.16328568698726e-16	0	6.00053367192712
0	0	0	0	1.07549955803739e-16	0	-0.524860840366079
0	0	0	0	7.75269876264791e-17	0	-8.0501836820999
0	0	0	0	3.88871583971809e-16	0	1.90625853124569
0	0	0	0	1.27458738324977e-15	0	10.6810464442314
0.271794871794872	0.280821444645125	0.272591691962663	0.272591691962663	0.284739539527106	0	6.30168952057478
0	0	0	0	1.3053471829513e-16	0	1.4495246137782
0	0	0	0	8.10002711230244e-17	0	-4.06660482147073
0	0	0	0	1.0856615564841e-16	0	-1.52929396000876
0	0	0	0	6.43188916832086e-17	0	-9.34057232346827
0	0	0	0	6.93555789968431e-16	0	8.09272523497058
0	0	0	0	2.64107661096144e-15	0	8.88420054251265
0	0	0	0	1.57171777542366e-16	0	3.52597441614363
0	0	0	0	3.09134388918413e-16	0	5.36081083539944
0	0	0	0	1.35761997552701e-16	0	3.1968692793759
0	0	0	0	1.24167113746686e-16	0	2.05830902632786
0	0	0	0	1.00068304005662e-16	0	-0.257764164456514
0	0	0	0	1.52847648799217e-16	0	3.04026931182833
0	0	0	0	1.31296777442674e-16	0	-2.8201234947036
0	0	0	0	1.70750988127069e-16	0	-1.72174524959628
0	0	0	0	1.91630310414094e-16	0	4.93077272644629
0	0	0	0	1.01798520208084e-16	0	-4.78282538607291
0	0	0	0	3.75845069258134e-16	0	4.46225723095216
0	0	0	0	6.80160866857652e-17	0	-5.90684352247161
0	0	0	0	1.04590566290765e-16	0	-4.86212492629952
0	0	0	0	3.41037193805954e-16	0	5.50558503328686
0	0	0	0	6.11682493653326e-17	0	-7.58831104424187
0	0	0	0	1.28042198558541e-16	0	-1.20960749182615
0	0	0	0	6.19604437143666e-17	0	-6.43191535802885
0	0	0	0	2.3972035644665e-16	0	4.05685723622666
0	0	0	0	5.80986376183994e-17	0	-3.57354173620937
0	0	0	0	3.04861288038004e-16	0	10.4123868652475
0	0	0	0	1.13542447346143e-16	0	-2.84018812344103
0	0	0	0	7.2818622594707e-17	0	-8.09472846723978
0	0	0	0	9.29299340706203e-17	0	-2.27996137347853
0	0	0	0	6.62547139015671e-17	0	-2.52952495503288
0	0	0	0	6.51597946544744e-17	0	-7.80971886690913
0	0	0	0	1.54644421654912e-16	0	-4.34301095699822
0	0	0	0	8.11039526056531e-17	0	-4.88934665163593
0	0	0	0	4.09276088763652e-16	0	3.76741346601451
0	0	0	0	2.91091997860309e-16	0	2.19370572550839
0	0	0	0	1.32189954858596e-13	0	14.2907515102295
0	0	0	0	1.09291476898139e-16	0	-0.107171344281709
0	0	0	0	7.66789571886798e-17	0	-2.02039246353138
0	0	0	0	2.6753253933933e-15	0	4.81338715180353
0	0	0	0	7.06758226374946e-17	0	-6.18014578566386
0	0	0	0	1.27956503140659e-16	0	-4.1313507363733
0	0	0	0	1.44498899668755e-16	0	4.88913911509866
0	0	0	0	1.42774732551337e-16	0	-0.0607955307823256
0	0	0	0	1.14550340824687e-16	0	-3.53514465553253
0	0	0	0	7.35458973813374e-17	0	-7.38259821798633
0	0	0	0	3.18767913968967e-16	0	9.30483169675085
0	0	0	0	6.13980856631066e-17	0	-6.90891766501857
0	0	0	0	1.3403221840678e-16	0	-1.38419905204632
0	0	0	0	5.29220719537444e-16	0	7.91001147682658
0	0	0	0	1.01261275981645e-16	0	-2.68964014902463
0	0	0	0	7.98170516165429e-17	0	-5.16114570121736
0	0	0	0	6.74674408480994e-17	0	-1.14344299907307
0	0	0	0	4.11488134275639e-16	0	4.21410207052094
0	0	0	0	1.9221995719374e-16	0	-2.67059526063638
0	0	0	0	3.24949759059356e-16	0	-1.75812038688639
0	0	0	0	1.58797489847119e-16	0	4.33638173882326
0	0	0	0	9.30336563844926e-17	0	-0.807258295793371
0	0	0	0	7.7674053678144e-17	0	-7.27553188978392
0	0	0	0	7.11118678686921e-17	0	-6.82525821234564
0	0	0	0	7.29952725672382e-17	0	-9.18849974922029
0	0	0	0	1.21177031177032e-15	0	5.06595347065305
0	0	0	0	1.59872436916053e-16	0	1.90598570891893
0	0	0	0	1.00724559178924e-16	0	-1.63410961319874
0	0	0	0	7.31435934146796e-17	0	-4.25360072876529
0	0	0	0	1.30891584844288e-16	0	-1.28411130468427
0	0	0	0	8.29793334158934e-17	0	0.970895293337717
0	0	0	0	7.25925251716545e-17	0	-12.3180592265974
0	0	0	0	8.01529457859739e-17	0	-4.43912407731891
0	0	0	0	1.7242073929222e-16	0	5.93193068180732
0	0	0	0	3.08820720123733e-16	0	6.81328574106314
0	0	0	0	6.81823585564423e-17	0	-5.77906279578193
0	0	0	0	7.74400588669289e-17	0	-2.78908427388433
0	0	0	0	6.15488857833071e-17	0	-8.64912558474929
0.187179487179487	0.16997542166816	0.188999711454136	0.188999711454136	0.173457423684586	0	9.83629376788337
0	0	0	0	1.37310020314865e-16	0	-4.56821564230482
0	0	0	0	6.30166184569389e-16	0	7.47900643112674
0	0	0	0	2.15591485843101e-16	0	4.19669846818325
0	0	0	0	2.79095929447354e-16	0	3.0145143247605
0	0	0	0	1.56525332741069e-16	0	4.04019015450338
0	0	0	0	7.04391079766061e-17	0	-2.39471093141122
0	0	0	0	1.20298715529906e-16	0	-1.02474387480029
0	0	0	0	1.74507093656427e-16	0	0.402536779141467
0	0	0	0	3.25965389076371e-12	0	9.43795496438236
0	0	0	0	4.79904342260181e-16	0	5.06890427339033
0	0	0	0	7.96631831388714e-17	0	-1.96907360335816
0	0	0	0	1.20142121447496e-16	0	-2.11118117631977
0	0	0	0	1.32149938875948e-16	0	-2.26799961094559
0	0	0	0	1.46983919489322e-16	0	4.1544905689582
0.0961538461538461	0.0697022357103027	0.0621629549828378	0.062162954982838	0.0681929232255947	0	13.831290726541
0	0	0	0	1.57751288437416e-16	0	0.0908074418604056
0	0	0	0	5.72606706637913e-17	0	-9.91148088883829
0	0	0	0	1.25710979775454e-15	0	7.98228639272617
0	0	0	0	6.33125745035373e-17	0	-9.26936297181737
0	0	0	0	5.74210099508502e-17	0	-11.196167720847
0	0	0	0	7.79177198244666e-17	0	-5.4154896152179
0	0	0	0	8.35385959334448e-17	0	0.342639621731646
0	0	0	0	7.20800891739912e-17	0	-0.530912284140155
0	0	0	0	2.31728613310563e-15	0	10.0059291146522
0	0	0	0	8.57997777180682e-17	0	4.45622121939329
0	0	0	0	1.28267365712142e-15	0	4.53485395423988
0	0	0	0	1.1468679564892e-16	0	-2.21245205177967
0	0	0	0	9.25553749608579e-17	0	-1.35490585322385
0	0	0	0	8.69923810561094e-17	0	-6.55576642263536
0	0	0	0	8.96083828301333e-17	0	-8.728163812051
0	0	0	0	8.95188823207409e-17	0	-0.819248421366577
0	0	0	0	7.70728823004571e-17	0	-7.3987783868444
0	0	0	0	6.13749981062313e-17	0	-1.78239008570494
0	0	0	0	8.94842357060773e-17	0	2.11996394099204
0	0	0	0	6.49534069678118e-17	0	-7.13978576536181
0	0	0	0	7.13210110302622e-17	0	-5.45540282735509
0	0	0	0	9.86149877502278e-17	0	-4.40362488960848
0	0	0	0	9.22998133044219e-17	0	-8.28107657177859
0	0	0	0	7.23030341660274e-17	0	-4.72454788309761
0	0	0	0	2.93346695317371e-16	0	6.78531253392284
0	0	0	0	1.08023451489348e-16	0	2.89030155745634
0	0	0	0	3.84026417489072e-16	0	7.49206206468304
0	0	0	0	1.7913239917836e-16	0	4.13696942525064
0	0	0	0	6.51597474561692e-17	0	-7.2575099163405
0	0	0	0	1.83804052931528e-16	0	2.71028788149065
0	0	0	0	6.6539920596533e-17	0	-6.57392852342245
0	0	0	0	2.35640805041845e-16	0	0.647310286623509
0	0	0	0	6.59326617540604e-17	0	-12.1838374308002
0	0	0	0	1.33721083953967e-16	0	-0.305594679098578
0	0	0	0	1.16230005913467e-16	0	-0.089625688044613
0	0	0	0	6.19536921231841e-17	0	-8.14640178755435
0	0	0	0	5.86849462869387e-17	0	-7.41014929335971
0	0	0	0	5.96999982786801e-17	0	-3.7034085628956
0	0	0	0	5.8405484742666e-17	0	-10.1072340724035
0	0	0	0	6.47669067639312e-17	0	-0.480152666249528
0	0	0	0	9.16273708414226e-17	0	-0.31561471190191
0	0	0	0	9.10820161255752e-17	0	-6.31683251078168
0	0	0	0	1.39575753591528e-16	0	-1.0616581036919
0	0	0	0	9.87016446611696e-17	0	2.8480692063106
0	0	0	0	8.17126150620744e-17	0	-5.49876586916149
0	0	0	0	1.67951774393143e-16	0	6.39059848866901
0	0	0	0	1.36450289385412e-16	0	-4.52762687003813
0	0	0	0	4.09312348992096e-16	0	7.10955601616657
0	0	0	0	4.61061314756993e-15	0	8.73670995625487
0	0	0	0	1.80316341663849e-16	0	5.09240107779626
0.248717948717949	0.280682669524196	0.262650130575186	0.262650130575186	0.269027553045056	0	4.06278801367087
0	0	0	0	5.84799171723856e-17	0	-11.2825627011257
0	0	0	0	6.75810144627195e-17	0	-6.8880069120621
0	0	0	0	1.49246380544177e-16	0	8.04321547662036
0	0	0	0	1.48917864681016e-16	0	-2.33346508237748
0	0	0	0	6.76585780906389e-17	0	-9.67553154816641
0	0	0	0	1.49105735855811e-16	0	2.03941983508345
0	0	0	0	1.27076765804665e-16	0	-3.69210072693593
0	0	0	0	1.89019700857639e-16	0	6.63650435637628
0	0	0	0	2.5408071419719e-16	0	3.27975171151601
0	0	0	0	7.22999575560025e-17	0	-2.26892594625363
0	0	0	0	8.74130201731157e-17	0	-5.33161737036138
0	0	0	0	1.33110524929998e-16	0	-1.17957951532464
0	0	0	0	1.03268335619921e-16	0	1.24695551313751
0	0	0	0	2.73005016126725e-16	0	4.61696209823616
0	0	0	0	6.38945241395788e-17	0	-5.4870777618069
0	0	0	0	7.44198061432178e-17	0	-1.00964511743421
0	0	0	0	1.03783868568114e-16	0	4.74706453439669
0	0	0	0	5.44186681890212e-13	0	12.837815806967
0	0	0	0	4.23356882784687e-16	0	5.262098660365
0	0	0	0	3.08699011706636e-16	0	10.4067118162503
0	0	0	0	7.19137919301344e-17	0	-6.10751819903297
0	0	0	0	9.83512823186543e-17	0	0.259192815109327
0	0	0	0	8.76265198225585e-17	0	-6.66923339217793
0	0	0	0	6.99296871740332e-17	0	-2.93769555662459
0	0	0	0	1.54411815735917e-16	0	1.13849991507173
0	0	0	0	7.6227110175479e-17	0	3.51982858278195
0	0	0	0	1.75992887791729e-16	0	-0.522197417181093
0	0	0	0	1.04488366170716e-16	0	0.82325073632786
0	0	0	0	7.63435844331286e-17	0	-2.85562907708346
0	0	0	0	1.55704441046668e-16	0	0.163261751784966
0	0	0	0	8.75153092586537e-17	0	1.40635726396625
0	0	0	0	6.95440729127123e-17	0	-1.99262428473682
0	0	0	0	5.65077933616412e-16	0	6.81802386947927
0	0	0	0	6.04402027711379e-17	0	-6.12210999818367
0	0	0	0	7.87165289404863e-17	0	-2.72536193003835
0	0	0	0	6.93206672911672e-14	0	12.5831776915187
0	0	0	0	4.6448418820386e-16	0	3.83508907067124
0	0	0	0	7.8477165219324e-17	0	-3.17713601085254
0	0	0	0	1.07409725288268e-16	0	-2.25042438495309
0	0	0	0	6.6923005458737e-17	0	-3.3790564377148
0	0	0	0	1.74773191038555e-16	0	0.685518968553179
0	0	0	0	8.80146399942901e-17	0	-6.15092581665271
0	0	0	0	1.10984029719086e-16	0	2.797065975491
0	0	0	0	8.085927055855e-16	0	2.6764166627204
0	0	0	0	8.19728038011879e-17	0	-1.547965990683
0	0	0	0	1.76357454580888e-16	0	-1.9259193840749
0	0	0	0	8.59665578506913e-16	0	4.89270092367571
0	0	0	0	1.2378969117842e-16	0	0.281968282724223
0	0	0	0	5.74515771726881e-17	0	-9.91808689545995
0	0	0	0	1.98029908511556e-16	0	5.84249508246919
0	0	0	0	1.37253510774856e-16	0	3.5384183867086
0	0	0	0	6.3449867341939e-17	0	-2.12159225382441
0	0	0	0	1.10636885183305e-16	0	-3.91245505023848
0	0	0	0	2.34649873029945e-15	0	10.4711961156514
0	0	0	0	1.234630582563e-13	0	14.0405009094133
0	0	0	0	6.42991631036642e-17	0	-5.05192532583811
0	0	0	0	1.47096939653577e-16	0	3.38001936771084
0	0	0	0	7.56096522475546e-17	0	-2.66710521749316
0	0	0	0	8.00729918787313e-17	0	-6.70511274668073
0	0	0	0	1.46913588247477e-16	0	-1.65210844010171
0	0	0	0	2.62139430607077e-16	0	-1.88886615319053
0	0	0	0	6.89456233590234e-17	0	-4.82547029303247
0	0	0	0	7.10684081947784e-17	0	-4.22211365936311
0	0	0	0	6.64564497189892e-17	0	-14.7671191187507
0	0	0	0	9.57797916411302e-17	0	-5.07408783558485
0	0	0	0	5.10476524183437e-16	0	4.72562974127062
0	0	0	0	6.45066416492133e-17	0	-2.89903710046983
0	0	0	0	2.42742392293604e-16	0	5.14065822778781
0	0	0	0	1.15430967067313e-16	0	-0.127362617237737
0	0	0	0	4.42120966241469e-16	0	6.62956125158211
0	0	0	0	9.96785001631035e-17	0	-7.09510344990233
0	0	0	0	5.14444861550454e-16	0	3.02615151882087
0	0	0	0	1.28517384759379e-16	0	5.43105077405268
0	0	0	0	8.72151341216771e-17	0	-2.34991016721445
0	0	0	0	4.41321986373008e-16	0	9.97847778118718
0	0	0	0	7.93215275694053e-16	0	3.22357388396819
0	0	0	0	1.83581045456493e-16	0	-3.13876457430414
0	0	0	0	3.79393961421639e-16	0	1.80132274989796
0	0	0	0	7.50048773750724e-17	0	-2.44236337955967
0	0	0	0	1.04767262281054e-16	0	-0.911137833361123
0	0	0	0	6.12356525953987e-17	0	-7.84746078493826
0	0	0	0	4.09327648217445e-16	0	7.26497876354214
0	0	0	0	3.35976970437817e-16	0	3.00827197108723
0	0	0	0	6.34381234645641e-17	0	-5.64951605830608
0	0	0	0	5.39363285995112e-16	0	4.2688184935332
0	0	0	0	7.05895968529749e-17	0	-7.17602132259699
0	0	0	0	8.41727710797573e-16	0	8.03388166500346
0	0	0	0	1.0200944656159e-16	0	-5.97074664738133
0	0	0	0	1.80891074446229e-16	0	-5.63844929967052
0	0	0	0	1.23266854290871e-16	0	7.07642350493101
0	0	0	0	5.85117987143258e-16	0	1.84474057063996
0	0	0	0	1.20585545206284e-16	0	5.48640372836097
0	0	0	0	7.41608538753177e-17	0	-5.39145909587744
0	0	0	0	1.35650427802315e-16	0	4.69341167119358
0	0	0	0	9.89326268226587e-17	0	-3.02587575655806
0	0	0	0	6.77016968282689e-17	0	-0.820263592023716
0	0	0	0	7.54627987923323e-17	0	-2.87804299979345
0	0	0	0	7.22633030905199e-17	0	-5.85047483378631
0	0	0	0	6.32671362840025e-17	0	-5.60347377677993
0	0	0	0	8.43081402751416e-17	0	-1.92892011879914
0	0	0	0	1.50949426886765e-14	0	7.89497258994645
0	0	0	0	5.92673959458096e-17	0	-5.41868117766868
0	0	0	0	9.34744602189827e-17	0	-2.12562206087201
0	0	0	0	3.14846344822631e-16	0	4.19911568396439
0	0	0	0	8.13124864758437e-17	0	-4.31245286367407
0	0	0	0	5.83150384389631e-17	0	-9.34877566618799
0	0	0	0	1.62011554456726e-16	0	2.29719190219769
0	0	0	0	6.29974387522762e-17	0	-6.50249292755541
0	0	0	0	1.59859855048835e-16	0	2.29467524830432
0	0	0	0	1.07857304793658e-16	0	0.387353103915048
0	0	0	0	7.45469709068784e-17	0	-9.66384200434366
0	0	0	0	6.64332778634789e-17	0	-3.04672152351211
0	0	0	0	5.37945964274568e-16	0	7.79033609504519
0	0	0	0	1.76712647738231e-16	0	2.61377908532429
0	0	0	0	1.11362090934109e-16	0	-1.54987453125914
0	0	0	0	7.28057185845525e-17	0	-2.28643722611409
0	0	0	0	7.26401491547348e-17	0	-5.46141873561663
0	0	0	0	2.75024843119128e-16	0	2.19660160518877
0	0	0	0	4.25404385586996e-16	0	8.47732440494054
0	0	0	0	7.88940719499597e-16	0	2.14453861249848
0	0	0	0	9.27251148904455e-17	0	2.62882893861986
0	0	0	0	4.12026471984379e-16	0	3.59828233226785
0	0	0	0	6.91777798997282e-17	0	-11.1792391079672
0	0	0	0	1.12065636647881e-16	0	-1.21054710843199
0	0	0	0	2.58929092949664e-13	0	8.30189537238065
0	0	0	0	1.07095507412649e-16	0	-4.95035485406118
0	0	0	0	1.24609837741053e-16	0	4.9548209562444
0	0	0	0	2.90790684987553e-16	0	3.88992373082905
0	0	0	0	5.84831868137821e-17	0	-4.35146768894597
0	0	0	0	1.00326343812814e-15	0	6.82025225360995
0	0	0	0	6.63168389462257e-17	0	-7.46866464245197
0	0	0	0	5.76347638570752e-17	0	-8.06710996780016
0	0	0	0	1.4980802106316e-16	0	0.227541798779332
0	0	0	0	7.26294734543581e-17	0	-4.51470163211161
0	0	0	0	6.45164041427212e-17	0	-1.33062398091832
0	0	0	0	7.35468384437557e-16	0	2.5995758120254
0	0	0	0	3.65931887701449e-16	0	5.31826512889298
0	0	0	0	8.23747217890771e-17	0	-1.15571994444966
0	0	0	0	1.44873116367964e-16	0	-1.10430924575317
0	0	0	0	8.68470920974388e-16	0	0.484817357930933
0	0	0	0	7.36146296307872e-17	0	-7.60063891669985
0	0	0	0	9.27559033446159e-17	0	1.5248229592403
0	0	0	0	1.69125781595338e-16	0	5.68380751397471
0.661538461538462	0.687516966813985	0.685875371917896	0.685875371917896	0.689991031790954	0	7.74119318868183
0	0	0	0	7.67551528321075e-17	0	-3.98005248406524
0	0	0	0	4.1541209468537e-16	0	1.6029594373631
0	0	0	0	8.18134847542336e-17	0	-4.85130747134582
0	0	0	0	6.19825598511903e-17	0	-6.68358457466138
0	0	0	0	8.59441508471779e-17	0	-6.06278315753237
0	0	0	0	6.29082841062072e-17	0	-5.21430726424197
0	0	0	0	1.78371144296611e-16	0	0.267775559470322
0	0	0	0	1.68530283528415e-16	0	0.698638181058748
0	0	0	0	3.43780061721354e-16	0	5.24678786694939
0	0	0	0	6.53669836837412e-17	0	-9.75491295065653
0	0	0	0	6.85641462566789e-17	0	-7.65376295364681
0	0	0	0	1.25615257301732e-16	0	3.66643831467601
0	0	0	0	1.01790116875417e-15	0	9.87248578967233
0	0	0	0	6.78511814291786e-17	0	-6.89094304996006
0	0	0	0	1.04047985394025e-16	0	-6.01348386615021
0	0	0	0	5.69052257714425e-17	0	-2.80899061539906
0	0	0	0	1.14763691775062e-16	0	-0.440414874844756
0	0	0	0	7.94166166399427e-17	0	-3.99919927619448
0	0	0	0	2.75165497727647e-16	0	7.13788738596186
0	0	0	0	1.77120648021451e-14	0	9.26494936197997
0	0	0	0	7.00565028459168e-16	0	5.05404130095966
0	0	0	0	1.65177767602498e-16	0	4.51731535934848
0	0	0	0	1.38316808567199e-16	0	1.01508129566836
0	0	0	0	2.61569331902697e-16	0	5.4588746138746
0	0	0	0	2.38007424881226e-16	0	4.84561315837915
0	0	0	0	1.31979024458629e-16	0	2.71585071673014
0	0	0	0	8.70339779452268e-17	0	-2.1875362408165
0	0	0	0	1.26755132595024e-16	0	-0.853022438514525
0	0	0	0	6.17506299992491e-17	0	-4.05250649805736
0	0	0	0	1.0967004650324e-16	0	1.43723518419811
0	0	0	0	1.32085981740627e-16	0	-0.975291600647648
0	0	0	0	1.24845875023443e-16	0	3.96308791817594
0	0	0	0	2.57885482217837e-16	0	6.73314686871444
0	0	0	0	6.0839496192349e-17	0	-4.42525874086088
0	0	0	0	4.00347653478408e-16	0	3.76910463371341
0	0	0	0	7.78896549934236e-17	0	-2.21777234045112
0	0	0	0	1.03917293555032e-16	0	0.67677443714967
0	0	0	0	5.89091572811865e-16	0	3.48353949982513
0	0	0	0	9.2757990956279e-17	0	-10.0275437299332
0	0	0	0	6.4516550107856e-17	0	-4.34049729631485
0	0	0	0	6.28135389682583e-16	0	9.63376002122861
0	0	0	0	3.11686249673325e-16	0	4.45598535727106
0	0	0	0	6.16741098589834e-17	0	-4.83706054392372
0	0	0	0	5.42798589276743e-16	0	6.09313880136872
0	0	0	0	8.05919133094683e-17	0	-2.59059622328647
0	0	0	0	2.95557751632384e-16	0	2.41035221610034
0	0	0	0	7.47575308804275e-17	0	-1.7516361495834
0	0	0	0	8.48841902776138e-17	0	-1.78738373095785
0	0	0	0	6.58180310328062e-15	0	7.11680228756235
0	0	0	0	1.03098782600612e-16	0	0.101990095168842
0	0	0	0	7.55665420122408e-17	0	-4.2824868081354
0	0	0	0	1.30611533240653e-16	0	3.05013229285755
0	0	0	0	2.10322487438824e-16	0	2.46163426003914
0	0	0	0	7.99620689064683e-17	0	-2.00295588667908
0	0	0	0	2.62738613651394e-16	0	5.79874182395368
0	0	0	0	6.71187522140867e-16	0	3.31556256502282
0	0	0	0	1.79313618448294e-16	0	-1.2133444316798
0	0	0	0	7.080595089185e-17	0	-3.83094291603872
0	0	0	0	1.15021912774773e-15	0	5.33249678323936
0	0	0	0	9.51974593449199e-16	0	8.61385491136129
0	0	0	0	1.62344665073104e-16	0	-1.72884029274221
0	0	0	0	7.72247343740522e-16	0	2.39784404209941
0	0	0	0	1.16442683867875e-16	0	-0.692724432276519
0	0	0	0	1.35906423249935e-16	0	0.999003748886522
0	0	0	0	9.2130381078651e-17	0	-6.71234433864118
0	0	0	0	5.90820453980348e-17	0	-4.36081498960482
0	0	0	0	7.99460780965033e-17	0	-2.29773474711184
0	0	0	0	6.36991055614085e-17	0	-6.76561810774102
0	0	0	0	7.41407010712905e-17	0	-6.64213168543964
1	1	1	1	1	1	1.32635313708444
0	0	0	0	8.08993822188527e-17	0	-3.73470646429992
0	0	0	0	9.33981473522129e-17	0	-0.639509434665028
0	0	0	0	1.09457888826524e-16	0	4.6036214211894
0	0	0	0	2.30678224968863e-16	0	5.83284805278608
0	0	0	0	1.54332322299003e-15	0	6.23692748226218
0	0	0	0	1.15527008515797e-16	0	1.83251585057569
0	0	0	0	5.97770236971511e-17	0	-7.14086584506512
0	0	0	0	6.09517656070144e-17	0	-11.0174583755042
0	0	0	0	8.48727019950954e-17	0	-1.61287992602924
0	0	0	0	8.63001119729098e-17	0	-0.64763748388644
0	0	0	0	6.41848161405725e-16	0	9.49240911904213
0	0	0	0	2.01452962456291e-16	0	-0.772196923611792
0	0	0	0	1.01607230907535e-16	0	1.8881359880569
0	0	0	0	5.98570050172257e-17	0	-6.70821575557145
0	0	0	0	1.27235564383794e-16	0	-5.25550585035678
0	0	0	0	1.46092269569136e-16	0	-0.0717737570069309
0	0	0	0	3.49448315690126e-15	0	10.1786979790528
0	0	0	0	7.38924240111313e-17	0	-0.41788112179557
0	0	0	0	6.8747878335626e-16	0	11.3745535450964
0	0	0	0	7.76378443639916e-17	0	0.608052964272319
0	0	0	0	4.27532872593592e-16	0	7.99648867420083
0	0	0	0	6.24757422409389e-17	0	-11.035321891766
0	0	0	0	2.03302091185601e-16	0	3.82092526678061
0	0	0	0	9.26760325287155e-17	0	-4.56459046056792
0	0	0	0	1.87833348464084e-16	0	4.34874574854871
0	0	0	0	4.80686193820169e-16	0	5.88836337484477
0	0	0	0	1.37588013751067e-16	0	1.46415860236127
0	0	0	0	6.32701590825904e-17	0	-4.71268945563708
0	0	0	0	7.41812821521894e-17	0	3.78775617935024
0	0	0	0	2.27052820884878e-16	0	3.81979184207098
0.269230769230769	0.244971860998914	0.243450369830537	0.243450369830538	0.232744796102164	0	4.57280341248576
0	0	0	0	1.14549725412363e-14	0	5.49985324312172
0	0	0	0	1.79882831220837e-16	0	0.93710058331699
1	0.99889953543698	1	1	0.999999999999999	0	5.24395044887196
0	0	0	0	7.08403114999814e-17	0	0.578175063133343
0	0	0	0	1.42528485284009e-16	0	3.74251215570961
0	0	0	0	1.20193472718314e-16	0	3.45352256222799
0	0	0	0	5.87844872911357e-17	0	-5.73588982022539
0	0	0	0	1.14137472601723e-16	0	2.22259194695425
0	0	0	0	2.45305479705483e-16	0	1.74779729406295
0	0	0	0	1.28710293300081e-15	0	4.9358534145552
0	0	0	0	7.53082627017619e-17	0	-4.85884156003006
0	0	0	0	3.73178372817482e-16	0	3.40045461488686
0	0	0	0	7.66463214934216e-17	0	-9.78248288213543
0	0	0	0	7.47858153976915e-17	0	-2.73971697144001
0	0	0	0	1.22950038072793e-15	0	1.43991975537075
0	0	0	0	4.29242453345245e-16	0	2.27023795191717
0	0	0	0	1.82414028867283e-16	0	5.4037622624779
0	0	0	0	5.29316985246591e-16	0	3.83328221198703
0	0	0	0	9.31678971187095e-17	0	0.207452878942575
0	0	0	0	7.17924117501967e-17	0	-3.64729260445045
0	0	0	0	6.68777902088837e-17	0	-5.89165328003349
0	0	0	0	2.69028357842308e-16	0	2.50850260975847
0	0	0	0	1.56417118637194e-16	0	1.38809170756166
0	0	0	0	2.2533380842309e-16	0	3.50923896183304
0	0	0	0	2.35636478945686e-16	0	1.66976908885361
0	0	0	0	5.31850155192042e-16	0	8.89909105578605
0	0	0	0	1.12225424064949e-16	0	-2.35790695887099
0	0	0	0	1.51868145771645e-16	0	5.5632236920219
0	0	0	0	1.0038343442359e-16	0	-7.11799977892011
0	0	0	0	3.27771407755571e-16	0	6.3949342264392
0	0	0	0	9.56729899438768e-17	0	-0.859817799572884
0	0	0	0	1.28514556527671e-16	0	2.26577464988898
0	0	0	0	1.45060881328342e-16	0	1.37928044560844
0	0	0	0	1.34885715177149e-16	0	0.0447578143302502
0	0	0	0	1.32985425586936e-16	0	-0.760399843892156
0	0	0	0	1.53075925493178e-16	0	-0.946636942641785
0	0	0	0	6.97119189409056e-17	0	-8.7088735184514
0	0	0	0	4.21787767942336e-16	0	5.10777767237053
0	0	0	0	1.09275941472427e-16	0	0.862790866485702
0	0	0	0	8.95344607355086e-17	0	-6.19610891852081
0	0	0	0	8.59363838313657e-17	0	-5.52683258536301
0	0	0	0	7.49977868669993e-17	0	-9.01826038955577
0	0	0	0	1.55623823597333e-16	0	6.16322140193137
0	0	0	0	1.19762318277551e-16	0	-1.65920549313074
0	0	0	0	5.8778799080646e-17	0	-10.4935107053865
0	0	0	0	1.03271683982785e-16	0	-0.812068985134905
0	0	0	0	1.97475345471044e-16	0	-0.937585121496352
0	0	0	0	9.75551512703906e-17	0	-4.87380286964904
0	0	0	0	3.31241996700201e-16	0	6.34042466168568
0.0307692307692308	0.0253391193506666	0.0361554274013808	0.0361554274013808	0.0249048372019815	0	7.42514385626409
0	0	0	0	4.79329521134288e-16	0	4.65416503135106
0	0	0	0	9.50733786244758e-17	0	-0.213990629749712
0	0	0	0	6.13434047262736e-17	0	-9.60862508712284
0	0	0	0	1.45307383870019e-16	0	-1.80396782049674
0	0	0	0	2.56022068218306e-16	0	0.714729558734794
0	0	0	0	9.80839143629581e-17	0	-2.07744237655009
0	0	0	0	1.3295162906535e-16	0	4.82455656224318
0	0	0	0	1.00899359019282e-16	0	1.89472974251459
0	0	0	0	9.9754747112737e-17	0	4.49435621323162
0	0	0	0	1.4439520164513e-16	0	0.828913719962369
0	0	0	0	2.69020902339509e-15	0	2.49961311283647
0	0	0	0	6.99230556150734e-17	0	-5.9080855495858
0	0	0	0	2.24952344788182e-16	0	9.84499733200341
0	0	0	0	3.20324638585037e-16	0	2.89666377045542
0	0	0	0	1.39887805507533e-16	0	-3.27562463840166
0	0	0	0	7.76708098242553e-17	0	-4.76955093791751
0	0	0	0	1.74974586100768e-16	0	1.81884705864053
0	0	0	0	2.97177581493022e-16	0	5.12233801334033
0	0	0	0	1.14739039399787e-16	0	3.07085310434077
0	0	0	0	1.99331617748444e-16	0	5.28912690041682
0	0	0	0	1.02237012158956e-16	0	0.191442015639287
0	0	0	0	7.47243350383927e-17	0	-5.95891135570018
0	0	0	0	7.32358288228907e-16	0	5.74285491029767
0	0	0	0	2.16085767467657e-16	0	2.92126131804258
0	0	0	0	2.18394539111635e-16	0	1.32955118070843
0	0	0	0	1.97220345078432e-16	0	6.88430962737669
0	0	0	0	1.00725044385433e-16	0	-3.0685877712085
0	0	0	0	1.22089171430763e-16	0	-2.69014988623054
0	0	0	0	1.16514968931186e-16	0	-0.853263197510268
0	0	0	0	6.65683116565291e-17	0	-3.77249328062321
0	0	0	0	1.39650006264191e-16	0	5.3148826807266
0	0	0	0	3.94024113699064e-16	0	4.26536256607932
0	0	0	0	6.52353129709915e-16	0	8.80679844795346
0	0	0	0	8.27867811813539e-16	0	4.8283482581156
0.0512820512820513	0.0477766620833444	0.048570860994659	0.0485708609946591	0.0469860204953749	0	13.0334396186202
0.266666666666667	0.271869570620017	0.268463369709312	0.268463369709312	0.267150672265602	0	8.58660958633736
0	0	0	0	5.92689191896012e-17	0	-7.49562935228465
0	0	0	0	5.91796328236033e-17	0	-3.07871354037937
0	0	0	0	6.66331391907133e-17	0	-4.64066443078023
0	0	0	0	5.93682911179559e-17	0	-3.04101185672702
0	0	0	0	8.06575469448404e-17	0	-1.91991305458651
0	0	0	0	5.06278582220174e-16	0	-2.69088801859609
0	0	0	0	7.35228755625885e-17	0	-2.70462034332541
0	0	0	0	8.99387590822248e-17	0	-7.60870115930937
0	0	0	0	4.26608573593302e-16	0	6.37981192677691
0	0	0	0	7.63485492819158e-17	0	-6.07104263997122
0	0	0	0	8.23263479576233e-17	0	-12.6331579486246
0	0	0	0	1.56760488974666e-16	0	-2.68686347872041
0	0	0	0	2.65688484109618e-16	0	6.86055068096529
0	0	0	0	8.19526439477616e-17	0	-3.96312589754123
0	0	0	0	8.62996026835142e-17	0	-0.043680390100803
0	0	0	0	1.13566546223393e-16	0	4.05870831525394
0	0	0	0	1.37926669767144e-16	0	3.45199534953422
0	0	0	0	8.98044564260407e-16	0	8.07020975114209
0	0	0	0	5.42678930765346e-16	0	6.38019737082126
0	0	0	0	1.5385419761002e-16	0	8.25621525808129
0	0	0	0	3.3836294396312e-16	0	5.22471926921202
0	0	0	0	9.83468338015851e-17	0	-2.6156589156654
0	0	0	0	7.54522634804628e-17	0	-1.66153513023115
0	0	0	0	3.51545653995456e-16	0	5.48544816296392
0	0	0	0	2.08364333277867e-16	0	-0.735622068663923
0	0	0	0	5.69976984541296e-17	0	-6.67235062359333
0	0	0	0	1.8053200743274e-16	0	2.64430313254043
0	0	0	0	1.11329294243638e-16	0	1.84477496321103
0	0	0	0	2.55188612606483e-16	0	7.89163634977039
0	0	0	0	8.28175665482004e-17	0	-2.89785581145614
0	0	0	0	3.50406406145497e-16	0	6.39727651827751
0	0	0	0	1.40215624840627e-16	0	1.24404614004899
0	0	0	0	9.87743693553717e-17	0	1.53819247026698
0	0	0	0	7.72371354517565e-17	0	-1.2913608310318
0	0	0	0	1.30988396785024e-16	0	1.26912532786914
0	0	0	0	9.86616324395111e-17	0	-0.810205099220899
0	0	0	0	6.32374884432825e-17	0	-4.55525430444699
0	0	0	0	6.58080740258811e-17	0	-11.9184507192469
0	0	0	0	6.0648808814013e-17	0	-9.38688026404999
0	0	0	0	8.26486956949405e-16	0	9.68431822319801
0	0	0	0	6.05000421252069e-17	0	-4.6706040333604
0	0	0	0	7.0409592575094e-17	0	-10.7585283018281
0	0	0	0	5.94462399703333e-16	0	5.9549039280643
0	0	0	0	1.72744423308329e-16	0	4.87942557108155
0	0	0	0	1.33815281405628e-16	0	9.38330474168556
0	0	0	0	9.42729572718206e-17	0	-3.92947613700668
0	0	0	0	5.97368460075618e-17	0	-11.7717808022437
0	0	0	0	6.49092671697052e-17	0	-1.97995612867424
0	0	0	0	1.02812490648264e-16	0	1.54377652505717
0	0	0	0	3.81598700708554e-16	0	5.66429666342674
0	0	0	0	8.73027970034217e-17	0	-5.13967080738363
0	0	0	0	8.78477249416359e-17	0	-2.84005870923558
0	0	0	0	7.01220977180203e-17	0	-1.58925344238764
0	0	0	0	1.40353027485035e-16	0	-5.67260089402522
0	0	0	0	1.01940296833367e-16	0	0.299557531583641
0	0	0	0	9.51679914887757e-17	0	-3.79376722166356
0	0	0	0	2.67810767006069e-16	0	11.7491662584947
0	0	0	0	5.73903609905622e-17	0	-6.25018541663022
0	0	0	0	6.00909169516166e-16	0	11.622620535881
0	0	0	0	7.53163578452081e-17	0	1.30231376076387
0	0	0	0	1.72827481145723e-16	0	2.54609333320111
0	0	0	0	6.05924392497411e-17	0	-6.57597616197162
0	0	0	0	7.48624697570324e-17	0	-3.26272506102023
0	0	0	0	1.01019853729615e-15	0	6.94255423806556
0	0	0	0	1.16572465300103e-16	0	1.11723918162989
0	0	0	0	6.42529469559092e-17	0	-5.77723540223559
0	0	0	0	1.67983875911502e-16	0	6.60489655772991
0	0	0	0	3.64871737472662e-15	0	8.59730167029759
0	0	0	0	2.60131390864894e-15	0	8.19342343144987
