FW_Default	FW_LBM	FW_QBM	FW_NM	Direct	interior-point-convex	active-set
0.666666666666667	0.00703125	0	0	0.000167506049606809	1	NaN
0	0.00703125	0	0	1.63969191014892e-09	1	NaN
0	0	0	0	1.63969191014892e-09	0	NaN
0	0	0	0	1.63969204073249e-09	0	NaN
0	0	0	0	1.63969204073249e-09	0	NaN
0.333333333333333	0.99296875	1	1	0.00696278699607729	0	NaN
0	0	0	0	1.63969182084158e-09	0	NaN
0	0	0	0	1.63969182084158e-09	0	NaN
0	0	0	0	1.63969182084158e-09	0	NaN
0	0	0	0	1.63969204073249e-09	0	NaN
0	0	0	0	1.63969204073249e-09	0	NaN
0	0	0	0	1.63969204073249e-09	0	NaN
0	0	0	0	0.000147174356363923	0	NaN
0	0	0	0	0.000147174356363923	0	NaN
0	0	0	0	1.63969182940868e-09	0	NaN
0	0	0	0	1.63969204073249e-09	0	NaN
0	0	0	0	1.63969204073249e-09	0	NaN
0	0	0	0	0.00696278699607729	0	NaN
0	0	0	0	1.6396918836674e-09	0	NaN
0	0	0	0	1.6396918836674e-09	0	NaN
0	0	0	0	1.6396918836674e-09	0	NaN
0	0	0	0	1.63969204073249e-09	0	NaN
0	0	0	0	1.63969204073249e-09	0	NaN
0	0	0	0	1.63969204073249e-09	0	NaN
0	0	0	0	0.000186461848312855	0	NaN
0	0	0	0	1.63969195639496e-09	0	NaN
0	0	0	0	1.63969195639496e-09	0	NaN
0	0	0	0	1.63969204073249e-09	0	NaN
0	0	0	0	1.63969204073249e-09	0	NaN
0	0	0	0	1.63969204073249e-09	0	NaN
0	0	0	0	1.63969197486367e-09	0	NaN
0	0	0	0	1.63969197486367e-09	0	NaN
0	0	0	0	1.63969197486367e-09	0	NaN
0	0	0	0	1.63969204073249e-09	0	NaN
0	0	0	0	1.63969204073249e-09	0	NaN
0	0	0	0	0.00696278699607729	0	NaN
0	0	0	0	1.63969200802372e-09	0	NaN
0	0	0	0	1.63969200802372e-09	0	NaN
0	0	0	0	1.63969200802372e-09	0	NaN
1	1	1	1	0.0994351563640796	1	NaN
0	0	0	0	1.63969204073249e-09	0	NaN
0	0	0	0	1.63969204073249e-09	0	NaN
0	0	0	0	1.63969200802372e-09	0	NaN
0	0	0	0	1.63969200802372e-09	0	NaN
0	0	0	0	1.63969200802372e-09	0	NaN
0	0	0	0	1.63969204073249e-09	0	NaN
0	0	0	0	0.00696278699607729	0	NaN
0	0	0	0	1.63969204073249e-09	0	NaN
0	0	0	0	1.63969200802372e-09	0	NaN
0	0	0	0	1.63969200802372e-09	0	NaN
0	0	0	0	1.63969200802372e-09	0	NaN
0	0	0	0	1.63969204073249e-09	0	NaN
0	0	0	0	1.63969204073249e-09	0	NaN
0	0	0	0	0.00696278699607729	0	NaN
0	0	0	0	1.6396919060058e-09	0	NaN
0	0	0	0	1.6396919060058e-09	0	NaN
0	0	0	0	1.6396919060058e-09	0	NaN
0	0	0	0	0.00696278699607729	0	NaN
0	0	0	0	1.63969204073249e-09	0	NaN
0	0	0	0	1.63969204073249e-09	0	NaN
0	0	0	0	0.000145484552509493	0	NaN
0	0	0	0	1.63969182084158e-09	0	NaN
0	0	0	0	1.63969182084158e-09	0	NaN
0	0	0	0	1.63969204073249e-09	0	NaN
0	0	0	0	0.00696278699607729	0	NaN
0	0	0	0	1.63969204073249e-09	0	NaN
0	0	0	0	1.63969182940874e-09	0	NaN
0	0	0	0	1.63969182940874e-09	0	NaN
0	0	0	0	1.63969182940874e-09	0	NaN
0	0	0	0	1.63969204073249e-09	0	NaN
0	0	0	0	1.63969204073249e-09	0	NaN
0	0	0	0	0.00696278699607729	0	NaN
0	0	0	0	1.63969175779444e-09	0	NaN
0	0	0	0	1.63969175779444e-09	0	NaN
0	0	0	0	1.63969175779444e-09	0	NaN
0	0	0	0	1.63969204073249e-09	0	NaN
0	0	0	0	1.63969204073249e-09	0	NaN
0	0	0	0	1.63969204073249e-09	0	NaN
0	0	0	0	1.63969174632401e-09	0	NaN
0	0	0	0	1.63969174632401e-09	0	NaN
0	0	0	0	1.63969174632401e-09	0	NaN
0	0	0	0	1.63969204073249e-09	0	NaN
0	0	0	0	0.00696278699607729	0	NaN
0	0	0	0	1.63969204073249e-09	0	NaN
0	0	0	0	0.000158652855182968	0	NaN
0	0	0	0	1.63969187965078e-09	0	NaN
0	0	0	0	1.63969187965078e-09	0	NaN
0	0	0	0	1.63969204073249e-09	0	NaN
0	0	0	0	0.00696278699607729	0	NaN
0	0	0	0	0.00696278699607729	0	NaN
0	0	0	0	1.63969195639491e-09	0	NaN
0	0	0	0	1.63969195639491e-09	0	NaN
0	0	0	0	1.63969195639491e-09	0	NaN
0	0	0	0	0.00696278699607729	0	NaN
0	0	0	0	1.63969204073249e-09	0	NaN
0	0	0	0	1.63969204073249e-09	0	NaN
0	0	0	0	1.63969197486367e-09	0	NaN
0	0	0	0	1.63969197486367e-09	0	NaN
0	0	0	0	1.63969197486367e-09	0	NaN
0	0	0	0	1.63969204073249e-09	0	NaN
0	0	0	0	1.63969204073249e-09	0	NaN
0	0	0	0	1.63969204073249e-09	0	NaN
0	0	0	0	1.63969194998184e-09	0	NaN
0	0	0	0	1.63969194998184e-09	0	NaN
0	0	0	0	1.63969194998184e-09	0	NaN
0	0	0	0	1.63969204073249e-09	0	NaN
0	0	0	0	1.63969204073249e-09	0	NaN
0	0	0	0	1.63969204073249e-09	0	NaN
0	0	0	0	1.63969182642382e-09	0	NaN
0	0	0	0	1.63969182642382e-09	0	NaN
0	0	0	0	0.000146578288732811	0	NaN
0	0	0	0	0.00696278699607729	0	NaN
0	0	0	0	0.00696278699607729	0	NaN
0	0	0	0	1.63969204073249e-09	0	NaN
0	0	0	0	1.63969192449227e-09	0	NaN
0	0	0	0	1.63969192449227e-09	0	NaN
0	0	0	0	1.63969192449227e-09	0	NaN
0	0	0	0	1.63969204073249e-09	0	NaN
0	0	0	0	1.63969204073249e-09	0	NaN
0	0	0	0	1.63969204073249e-09	0	NaN
0	0	0	0	0.000181244312706136	0	NaN
0	0	0	0	1.63969194589794e-09	0	NaN
0	0	0	0	1.63969194589794e-09	0	NaN
0	0	0	0	1.63969204073249e-09	0	NaN
0	0	0	0	1.63969204073249e-09	0	NaN
0	0	0	0	1.63969204073249e-09	0	NaN
0	0	0	0	0.000171191753685349	0	NaN
0	0	0	0	1.63969192101613e-09	0	NaN
0	0	0	0	1.63969192101613e-09	0	NaN
0	0	0	0	1.63969204073249e-09	0	NaN
0	0	0	0	1.63969204073249e-09	0	NaN
0	0	0	0	0.00696278699607729	0	NaN
0	0	0	0	1.63969194589794e-09	0	NaN
0	0	0	0	1.63969194589794e-09	0	NaN
0	0	0	0	1.63969194589794e-09	0	NaN
0	0	0	0	1.63969204073249e-09	0	NaN
0	0	0	0	0.00696278699607729	0	NaN
0	0	0	0	1.63969204073249e-09	0	NaN
0	0	0	0	1.63969192449235e-09	0	NaN
0	0	0	0	1.63969192449235e-09	0	NaN
0	0	0	0	1.63969192449235e-09	0	NaN
0	0	0	0	1.63969204073249e-09	0	NaN
0	0	0	0	1.63969204073249e-09	0	NaN
0	0	0	0	1.63969204073249e-09	0	NaN
0	0	0	0	1.63969183044044e-09	0	NaN
0	0	0	0	1.63969183044044e-09	0	NaN
0	0	0	0	1.63969183044044e-09	0	NaN
0	0	0	0	1.63969204073249e-09	0	NaN
0	0	0	0	1.63969204073249e-09	0	NaN
0	0	0	0	1.63969204073249e-09	0	NaN
0	0	0	0	1.63969175779436e-09	0	NaN
0	0	0	0	1.63969175779436e-09	0	NaN
0	0	0	0	1.63969175779436e-09	0	NaN
0	0	0	0	1.63969204073249e-09	0	NaN
0	0	0	0	1.63969204073249e-09	0	NaN
0	0	0	0	1.63969204073249e-09	0	NaN
0	0	0	0	1.63969174632401e-09	0	NaN
0	0	0	0	1.63969174632401e-09	0	NaN
0	0	0	0	0.000132992540557825	0	NaN
0	0	0	0	1.63969204073249e-09	0	NaN
0	0	0	0	1.63969204073249e-09	0	NaN
0	0	0	0	0.00696278699607729	0	NaN
0	0	0	0	0.000154286403464356	0	NaN
0	0	0	0	1.63969186208023e-09	0	NaN
0	0	0	0	0.000154286403464356	0	NaN
0	0	0	0	1.63969204073249e-09	0	NaN
0	0	0	0	1.63969204073249e-09	0	NaN
0	0	0	0	0.00696278699607729	0	NaN
0	0	0	0	1.63969198930738e-09	0	NaN
0	0	0	0	1.63969198930738e-09	0	NaN
0	0	0	0	0.00021075641883287	0	NaN
0	0	0	0	1.63969204073249e-09	0	NaN
0	0	0	0	1.63969204073249e-09	0	NaN
0	0	0	0	1.63969204073249e-09	0	NaN
0	0	0	0	1.63969198930738e-09	0	NaN
0	0	0	0	0.00021075641883287	0	NaN
0	0	0	0	1.63969198930738e-09	0	NaN
1	1	1	1	0.998522348838293	1	NaN
0	0	0	0	1.63969204073249e-09	0	NaN
0	0	0	0	1.63969204073249e-09	0	NaN
0	0	0	0	1.63969198930738e-09	0	NaN
0	0	0	0	1.63969198930738e-09	0	NaN
0	0	0	0	1.63969198930738e-09	0	NaN
0	0	0	0	1.63969204073249e-09	0	NaN
0	0	0	0	1.63969204073249e-09	0	NaN
0	0	0	0	1.63969204073249e-09	0	NaN
0	0	0	0	1.63969185793711e-09	0	NaN
0	0	0	0	1.63969185793711e-09	0	NaN
0	0	0	0	1.63969185793711e-09	0	NaN
0	0	0	0	1.63969204073249e-09	0	NaN
0	0	0	0	1.63969204073249e-09	0	NaN
0	0	0	0	1.63969204073249e-09	0	NaN
0	0	0	0	1.6396917193543e-09	0	NaN
0	0	0	0	1.6396917193543e-09	0	NaN
0	0	0	0	1.6396917193543e-09	0	NaN
0	0	0	0	1.00886815775915e-09	0	NaN
0	0	0	0	1.63969204073249e-09	0	NaN
0	0	0	0	1.63969204073249e-09	0	NaN
0	0	0	0	1.63968934529226e-09	0	NaN
0	0	0	0	1.6396893452923e-09	0	NaN
0	0	0	0	1.63968934529226e-09	0	NaN
0	0	0	0	1.63969204073249e-09	0	NaN
0	0	0	0	1.63969204073249e-09	0	NaN
0	0	0	0	1.63969204073249e-09	0	NaN
0	0	0	0	1.63968890655719e-09	0	NaN
0	0	0	0	1.64029150882626e-09	0	NaN
0	0	0	0	1.63968890655719e-09	0	NaN
0	0	0	0	1.63969204073249e-09	0	NaN
0	0	0	0	1.63969204073249e-09	0	NaN
0	0	0	0	1.63969204073249e-09	0	NaN
0	0	0	0	1.63969181179204e-09	0	NaN
0	0	0	0	0.000143766682526731	0	NaN
0	0	0	0	1.63969181179204e-09	0	NaN
0	0	0	0	0.00696278699607729	0	NaN
0	0	0	0	1.63969204073249e-09	0	NaN
0	0	0	0	0.00696278699607729	0	NaN
0	0	0	0	1.63968715097313e-09	0	NaN
0	0	0	0	1.64071014988492e-09	0	NaN
0	0	0	0	1.63968715097313e-09	0	NaN
0	0	0	0	1.63969204073249e-09	0	NaN
0	0	0	0	1.63969204073249e-09	0	NaN
0	0	0	0	0.00696278699607729	0	NaN
0	0	0	0	1.63968811942781e-09	0	NaN
0	0	0	0	1.63968811942792e-09	0	NaN
0	0	0	0	1.63968811942781e-09	0	NaN
0	0	0	0	1.63969204073249e-09	0	NaN
0	0	0	0	1.63969204073249e-09	0	NaN
0	0	0	0	1.63969204073249e-09	0	NaN
0	0	0	0	1.63968978113668e-09	0	NaN
0	0	0	0	1.63968941334528e-09	0	NaN
0	0	0	0	1.63968978113668e-09	0	NaN
0	0	0	0	1.63969204073249e-09	0	NaN
0	0	0	0	1.63969204073249e-09	0	NaN
0	0	0	0	1.63969204073249e-09	0	NaN
0	0	0	0	1.63969176197418e-09	0	NaN
0	0	0	0	1.63969176197418e-09	0	NaN
0	0	0	0	1.63969176197418e-09	0	NaN
0	0	0	0	1.63969204073249e-09	0	NaN
0	0	0	0	1.63969204073249e-09	0	NaN
0	0	0	0	1.63969204073249e-09	0	NaN
0	0	0	0	1.63968875751801e-09	0	NaN
0	0	0	0	1.63968773199149e-09	0	NaN
0	0	0	0	4.82448319081531e-05	0	NaN
0	0	0	0	1.63969204073249e-09	0	NaN
0	0	0	0	1.63969204073249e-09	0	NaN
0	0	0	0	1.63969204073249e-09	0	NaN
0	0	0	0	6.20684590775032e-05	0	NaN
0	0	0	0	1.64108534798078e-09	0	NaN
0	0	0	0	1.63968812357042e-09	0	NaN
0	0	0	0	0.00696278699607729	0	NaN
0	0	0	0	0.00696278699607729	0	NaN
0	0	0	0	1.63969204073249e-09	0	NaN
0	0	0	0	1.6396893496855e-09	0	NaN
0	0	0	0	7.14319113234829e-05	0	NaN
0	0	0	0	6.77218007044742e-10	0	NaN
0	0	0	0	1.63969204073249e-09	0	NaN
0	0	0	0	0.00696278699607729	0	NaN
0	0	0	0	1.63969204073249e-09	0	NaN
0	0	0	0	1.63969172349739e-09	0	NaN
0	0	0	0	1.63969172349739e-09	0	NaN
0	0	0	0	1.63969172349739e-09	0	NaN
0	0	0	0	0.00696278699607729	0	NaN
0	0	0	0	0.00696278699607729	0	NaN
0	0	0	0	1.63969204073249e-09	0	NaN
0	0	0	0	1.63969181179204e-09	0	NaN
0	0	0	0	1.63969181179204e-09	0	NaN
0	0	0	0	1.63969181179204e-09	0	NaN
0	0	0	0	1.63969204073249e-09	0	NaN
0	0	0	0	1.63969204073249e-09	0	NaN
0	0	0	0	1.63969204073249e-09	0	NaN
0	0	0	0	1.63968890655719e-09	0	NaN
0	0	0	0	1.63968890655807e-09	0	NaN
0	0	0	0	1.63968890655719e-09	0	NaN
0	0	0	0	1.63969204073249e-09	0	NaN
0	0	0	0	1.63969204073249e-09	0	NaN
0	0	0	0	1.63969204073249e-09	0	NaN
0	0	0	0	1.63968715097313e-09	0	NaN
0	0	0	0	1.63968715097724e-09	0	NaN
0	0	0	0	1.63968715097313e-09	0	NaN
0	0	0	0	1.63969204073249e-09	0	NaN
0	0	0	0	1.63969204073249e-09	0	NaN
0	0	0	0	1.63969204073249e-09	0	NaN
0	0	0	0	1.63968879890792e-09	0	NaN
0	0	0	0	1.63968879890792e-09	0	NaN
0	0	0	0	4.85272414682481e-05	0	NaN
0	0	0	0	1.63969204073249e-09	0	NaN
0	0	0	0	0.00696278699607729	0	NaN
0	0	0	0	1.63969204073249e-09	0	NaN
0	0	0	0	1.63968932287252e-09	0	NaN
0	0	0	0	1.63968800735105e-09	0	NaN
0	0	0	0	1.63968932287252e-09	0	NaN
0	0	0	0	1.63969204073249e-09	0	NaN
0	0	0	0	0.00696278699607729	0	NaN
0	0	0	0	1.63969204073249e-09	0	NaN
0	0	0	0	1.63968791331816e-09	0	NaN
0	0	0	0	1.64083832178181e-09	0	NaN
0	0	0	0	1.63968791331816e-09	0	NaN
0	0	0	0	1.63969204073249e-09	0	NaN
0	0	0	0	1.63969204073249e-09	0	NaN
0	0	0	0	1.63969204073249e-09	0	NaN
0	0	0	0	1.63968791331816e-09	0	NaN
0	0	0	0	1.63968791332655e-09	0	NaN
0	0	0	0	1.63968791331816e-09	0	NaN
0	0	0	0	1.63969204073249e-09	0	NaN
0	0	0	0	1.63969204073249e-09	0	NaN
0	0	0	0	1.63969204073249e-09	0	NaN
0	0	0	0	1.63968879476521e-09	0	NaN
0	0	0	0	1.63968879476535e-09	0	NaN
0	0	0	0	1.63968879476521e-09	0	NaN
0	0	0	0	0.00696278699607729	0	NaN
0	0	0	0	0.00696278699607729	0	NaN
0	0	0	0	1.63969204073249e-09	0	NaN
0	0	0	0	1.6396918667376e-09	0	NaN
0	0	0	0	0.000155401384256246	0	NaN
0	0	0	0	1.6396918667376e-09	0	NaN
0	0	0	0	1.14968414926401e-09	0	NaN
0	0	0	0	1.63969204073249e-09	0	NaN
0	0	0	0	0.00696278699607729	0	NaN
0	0	0	0	1.63969175751502e-09	0	NaN
0	0	0	0	1.63969175751502e-09	0	NaN
0	0	0	0	1.63969175751502e-09	0	NaN
0	0	0	0	1.63969204073249e-09	0	NaN
0	0	0	0	1.63969204073249e-09	0	NaN
0	0	0	0	1.63969204073249e-09	0	NaN
0	0	0	0	1.63969179549042e-09	0	NaN
0	0	0	0	1.63969179549042e-09	0	NaN
0	0	0	0	0.00014083001890344	0	NaN
0	0	0	0	1.63969204073249e-09	0	NaN
0	0	0	0	1.63969204073249e-09	0	NaN
0	0	0	0	1.63969204073249e-09	0	NaN
0	0	0	0	1.63969182791196e-09	0	NaN
0	0	0	0	1.63969182791196e-09	0	NaN
0	0	0	0	0.000146874464688363	0	NaN
0	0	0	0	0.00696278699607729	0	NaN
0	0	0	0	1.63969204073249e-09	0	NaN
0	0	0	0	1.63969204073249e-09	0	NaN
0	0	0	0	1.63969179963352e-09	0	NaN
0	0	0	0	1.63969179963352e-09	0	NaN
0	0	0	0	1.63969179963352e-09	0	NaN
0	0	0	0	0.00696278699607729	0	NaN
0	0	0	0	1.63969204073249e-09	0	NaN
0	0	0	0	1.63969204073249e-09	0	NaN
0	0	0	0	1.6396918667376e-09	0	NaN
0	0	0	0	1.6396918667376e-09	0	NaN
0	0	0	0	1.6396918667376e-09	0	NaN
0	0	0	0	1.63969204073249e-09	0	NaN
0	0	0	0	1.63969204073249e-09	0	NaN
0	0	0	0	1.63969204073249e-09	0	NaN
0	0	0	0	1.63969175751502e-09	0	NaN
0	0	0	0	1.63969175751502e-09	0	NaN
0	0	0	0	1.63969175751502e-09	0	NaN
0	0	0	0	1.63969204073249e-09	0	NaN
0	0	0	0	1.63969204073249e-09	0	NaN
0	0	0	0	1.63969204073249e-09	0	NaN
0	0	0	0	0.000112881024034912	0	NaN
0	0	0	0	1.63969157026498e-09	0	NaN
0	0	0	0	0.000112881024034912	0	NaN
0	0	0	0	1.63969204073249e-09	0	NaN
0	0	0	0	1.63969204073249e-09	0	NaN
0	0	0	0	1.63969204073249e-09	0	NaN
0	0	0	0	1.63969164659997e-09	0	NaN
0	0	0	0	0.000120441413039712	0	NaN
0	0	0	0	1.63969164659997e-09	0	NaN
0	0	0	0	1.63969204073249e-09	0	NaN
0	0	0	0	1.63969204073249e-09	0	NaN
0	0	0	0	1.63969204073249e-09	0	NaN
0	0	0	0	0.000112881024034912	0	NaN
0	0	0	0	1.63969157026498e-09	0	NaN
0	0	0	0	1.63969157026498e-09	0	NaN
0	0	0	0	1.63969204073249e-09	0	NaN
0	0	0	0	1.63969204073249e-09	0	NaN
0	0	0	0	1.63969204073249e-09	0	NaN
0	0	0	0	1.63968929651578e-09	0	NaN
0	0	0	0	6.66965020449353e-05	0	NaN
0	0	0	0	1.63969042111808e-09	0	NaN
0	0	0	0	1.63969204073249e-09	0	NaN
0	0	0	0	1.63969204073249e-09	0	NaN
0	0	0	0	0.00696278699607729	0	NaN
0	0	0	0	1.63969180986254e-09	0	NaN
0	0	0	0	1.63969180986254e-09	0	NaN
0	0	0	0	1.63969180986254e-09	0	NaN
0	0	0	0	1.63969204073249e-09	0	NaN
0	0	0	0	1.63969204073249e-09	0	NaN
0	0	0	0	1.63969204073249e-09	0	NaN
0	0	0	0	1.63969185929955e-09	0	NaN
0	0	0	0	1.63969185929955e-09	0	NaN
0	0	0	0	1.63969185929955e-09	0	NaN
0	0	0	0	1.63969204073249e-09	0	NaN
0	0	0	0	0.00696278699607729	0	NaN
0	0	0	0	1.63969204073249e-09	0	NaN
0	0	0	0	1.63969157414188e-09	0	NaN
0	0	0	0	1.63969157414188e-09	0	NaN
0	0	0	0	1.63969157414188e-09	0	NaN
0	0	0	0	1.63969204073249e-09	0	NaN
0	0	0	0	0.00696278699607729	0	NaN
0	0	0	0	0.00696278699607729	0	NaN
0	0	0	0	1.63969131149015e-09	0	NaN
0	0	0	0	9.4817926917164e-05	0	NaN
0	0	0	0	1.63969131149015e-09	0	NaN
0	0	0	0	0.00696278699607729	0	NaN
0	0	0	0	1.63969204073249e-09	0	NaN
0	0	0	0	1.63969143302937e-09	0	NaN
0	0	0	0	1.63969143302937e-09	0	NaN
0	0	0	0	1.63969143302937e-09	0	NaN
0	0	0	0	1.63969204073249e-09	0	NaN
0	0	0	0	1.63969204073249e-09	0	NaN
0	0	0	0	1.63969131149015e-09	0	NaN
0	0	0	0	9.4817926917164e-05	0	NaN
0	0	0	0	1.63969131149015e-09	0	NaN
0	0	0	0	1.63969204073249e-09	0	NaN
0	0	0	0	1.63969204073249e-09	0	NaN
0	0	0	0	1.63969157414188e-09	0	NaN
0	0	0	0	1.63969157414188e-09	0	NaN
0	0	0	0	1.63969157414188e-09	0	NaN
0	0	0	0	1.63969204073249e-09	0	NaN
0	0	0	0	1.63969204073249e-09	0	NaN
0	0	0	0	0.00696278699607729	0	NaN
0	0	0	0	0.000349922421665678	0	NaN
0	0	0	0	1.63969188418131e-09	0	NaN
0	0	0	0	0.000159854967319416	0	NaN
0	0	0	0	1.63969204073249e-09	0	NaN
0	0	0	0	0.00696278699607729	0	NaN
0	0	0	0	1.63969204073249e-09	0	NaN
0	0	0	0	1.63969183474426e-09	0	NaN
0	0	0	0	1.63969183474426e-09	0	NaN
0	0	0	0	1.63969183474426e-09	0	NaN
0	0	0	0	1.63969204073249e-09	0	NaN
0	0	0	0	1.63969204073249e-09	0	NaN
0	0	0	0	1.63969204073249e-09	0	NaN
0	0	0	0	1.63968985199649e-09	0	NaN
0	0	0	0	1.6396904461315e-09	0	NaN
0	0	0	0	1.6396904461315e-09	0	NaN
0	0	0	0	1.63969204073249e-09	0	NaN
0	0	0	0	1.63969204073249e-09	0	NaN
0	0	0	0	1.63969204073249e-09	0	NaN
0	0	0	0	1.63968801031903e-09	0	NaN
0	0	0	0	0.000197780612929826	0	NaN
0	0	0	0	5.5978519161144e-05	0	NaN
0	0	0	0	1.63969204073249e-09	0	NaN
0	0	0	0	1.63969204073249e-09	0	NaN
0	0	0	0	0.00696278699607729	0	NaN
0	0	0	0	1.63968802663255e-09	0	NaN
0	0	0	0	1.63969015554363e-09	0	NaN
0	0	0	0	1.63969015554363e-09	0	NaN
0	0	0	0	1.63969204073249e-09	0	NaN
0	0	0	0	1.63969204073249e-09	0	NaN
0	0	0	0	1.63969204073249e-09	0	NaN
0	0	0	0	5.40900365467759e-05	0	NaN
0	0	0	0	1.63968964045925e-09	0	NaN
0	0	0	0	1.63968964045925e-09	0	NaN
0	0	0	0	0.00696278699607729	0	NaN
0	0	0	0	1.63969204073249e-09	0	NaN
0	0	0	0	1.63969204073249e-09	0	NaN
0	0	0	0	1.63968607808853e-09	0	NaN
0	0	0	0	1.63969013066322e-09	0	NaN
0	0	0	0	1.63969013066322e-09	0	NaN
0	0	0	0	1.63969204073249e-09	0	NaN
0	0	0	0	1.63969204073249e-09	0	NaN
0	0	0	0	1.63969204073249e-09	0	NaN
0	0	0	0	2.91790945204471e-05	0	NaN
0	0	0	0	1.63969020687695e-09	0	NaN
0	0	0	0	1.63969020687695e-09	0	NaN
0	0	0	0	1.63969204073249e-09	0	NaN
0	0	0	0	1.63969204073249e-09	0	NaN
0	0	0	0	0.00696278699607729	0	NaN
0	0	0	0	5.77916100629015e-05	0	NaN
0	0	0	0	5.77916100629012e-05	0	NaN
0	0	0	0	5.77916100629012e-05	0	NaN
0	0	0	0	1.63969204073249e-09	0	NaN
0	0	0	0	0.00696278699607729	0	NaN
0	0	0	0	1.63969204073249e-09	0	NaN
0	0	0	0	4.58202182731433e-05	0	NaN
0	0	0	0	1.63969055203588e-09	0	NaN
0	0	0	0	1.63969055203588e-09	0	NaN
0	0	0	0	0.00696278699607729	0	NaN
0	0	0	0	1.63969204073249e-09	0	NaN
0	0	0	0	1.63969204073249e-09	0	NaN
0	0	0	0	1.63969184477082e-09	0	NaN
0	0	0	0	1.63969184477082e-09	0	NaN
0	0	0	0	1.63969184477082e-09	0	NaN
0	0	0	0	1.63969204073249e-09	0	NaN
0	0	0	0	1.63969204073249e-09	0	NaN
0	0	0	0	1.63969204073249e-09	0	NaN
0	0	0	0	1.63969189180151e-09	0	NaN
0	0	0	0	0.000161957514338796	0	NaN
0	0	0	0	1.63969189180151e-09	0	NaN
0	0	0	0	1.63969204073249e-09	0	NaN
0	0	0	0	1.63969204073249e-09	0	NaN
0	0	0	0	0.0994351563640796	0	NaN
0	0	0	0	1.63969160582556e-09	0	NaN
0	0	0	0	1.63969160582556e-09	0	NaN
0	0	0	0	1.63969160582556e-09	0	NaN
0	0	0	0	1.63969204073249e-09	0	NaN
0	0	0	0	1.63969204073249e-09	0	NaN
0	0	0	0	1.63969204073249e-09	0	NaN
0	0	0	0	1.63969178919889e-09	0	NaN
0	0	0	0	1.63969178919889e-09	0	NaN
0	0	0	0	1.63969178919889e-09	0	NaN
0	0	0	0	1.63969204073249e-09	0	NaN
0	0	0	0	1.63969204073249e-09	0	NaN
0	0	0	0	1.63969204073249e-09	0	NaN
0	0	0	0	1.63969187435779e-09	0	NaN
0	0	0	0	1.63969187435779e-09	0	NaN
0	0	0	0	0.000157290155520028	0	NaN
0	0	0	0	1.63969204073249e-09	0	NaN
0	0	0	0	1.63969204073249e-09	0	NaN
0	0	0	0	0.00696278699607729	0	NaN
0	0	0	0	0.000145674048193711	0	NaN
0	0	0	0	1.6396918218186e-09	0	NaN
0	0	0	0	1.6396918218186e-09	0	NaN
0	0	0	0	1.63969204073249e-09	0	NaN
0	0	0	0	0.00696278699607729	0	NaN
0	0	0	0	1.63969204073249e-09	0	NaN
0	0	0	0	1.63968901245636e-09	0	NaN
0	0	0	0	1.6396890124555e-09	0	NaN
0	0	0	0	1.63968901245636e-09	0	NaN
0	0	0	0	1.63969204073249e-09	0	NaN
0	0	0	0	1.63969204073249e-09	0	NaN
0	0	0	0	1.63969204073249e-09	0	NaN
0	0	0	0	1.63968731045742e-09	0	NaN
0	0	0	0	1.63968731045331e-09	0	NaN
0	0	0	0	1.63968731045742e-09	0	NaN
0	0	0	0	1.63969204073249e-09	0	NaN
0	0	0	0	1.63969204073249e-09	0	NaN
0	0	0	0	1.63969204073249e-09	0	NaN
0	0	0	0	1.64080519490968e-09	0	NaN
0	0	0	0	3.32001314230846e-05	0	NaN
0	0	0	0	1.63968812596972e-09	0	NaN
0	0	0	0	1.63969204073249e-09	0	NaN
0	0	0	0	0.00696278699607729	0	NaN
0	0	0	0	1.63969204073249e-09	0	NaN
0	0	0	0	1.63969136236698e-09	0	NaN
0	0	0	0	1.63969136236698e-09	0	NaN
0	0	0	0	1.63969136236698e-09	0	NaN
0	0	0	0	1.63969204073249e-09	0	NaN
0	0	0	0	1.63969204073249e-09	0	NaN
0	0	0	0	1.63969162114222e-09	0	NaN
0	0	0	0	1.63969162114222e-09	0	NaN
0	0	0	0	1.63969162114222e-09	0	NaN
0	0	0	0	1.63969204073249e-09	0	NaN
0	0	0	0	1.63969204073249e-09	0	NaN
0	0	0	0	1.63969204073249e-09	0	NaN
0	0	0	0	0.000141558237029911	0	NaN
0	0	0	0	1.63969179963352e-09	0	NaN
0	0	0	0	1.63969179963352e-09	0	NaN
0	0	0	0	1.63969204073249e-09	0	NaN
0	0	0	0	1.63969204073249e-09	0	NaN
0	0	0	0	1.63969204073249e-09	0	NaN
0	0	0	0	1.63969172349739e-09	0	NaN
0	0	0	0	1.63969172349739e-09	0	NaN
0	0	0	0	1.63969172349739e-09	0	NaN
0	0	0	0	1.63969204073249e-09	0	NaN
0	0	0	0	1.63969204073249e-09	0	NaN
0	0	0	0	1.63969204073249e-09	0	NaN
0	0	0	0	5.28629070814532e-05	0	NaN
0	0	0	0	5.95602413262031e-05	0	NaN
0	0	0	0	1.6396893496855e-09	0	NaN
0	0	0	0	8.62074224323551e-10	0	NaN
0	0	0	0	1.63969204073249e-09	0	NaN
0	0	0	0	1.63969204073249e-09	0	NaN
0	0	0	0	1.63968812357042e-09	0	NaN
0	0	0	0	3.1554030449774e-05	0	NaN
0	0	0	0	1.63968812357042e-09	0	NaN
0	0	0	0	1.63969204073249e-09	0	NaN
0	0	0	0	1.63969204073249e-09	0	NaN
0	0	0	0	0.00696278699607729	0	NaN
0	0	0	0	1.63968879890792e-09	0	NaN
0	0	0	0	1.63968879890792e-09	0	NaN
0	0	0	0	1.63968879890792e-09	0	NaN
1	1	1	1	0.999622740407379	1	NaN
0	0	0	0	1.63969204073249e-09	0	NaN
0	0	0	0	1.63969204073249e-09	0	NaN
0	0	0	0	1.63969147542689e-09	0	NaN
0	0	0	0	1.63969147542689e-09	0	NaN
0	0	0	0	1.63969147542689e-09	0	NaN
0	0	0	0	1.63969204073249e-09	0	NaN
0	0	0	0	1.63969204073249e-09	0	NaN
0	0	0	0	0.000125334237582977	0	NaN
0	0	0	0	1.63969168899777e-09	0	NaN
0	0	0	0	1.63969168899777e-09	0	NaN
0	0	0	0	0.00696278699607729	0	NaN
0	0	0	0	1.63969204073249e-09	0	NaN
0	0	0	0	1.63969204073249e-09	0	NaN
0	0	0	0	1.63969183192858e-09	0	NaN
0	0	0	0	1.63969183192858e-09	0	NaN
0	0	0	0	1.63969183192858e-09	0	NaN
0	0	0	0	1.63969204073249e-09	0	NaN
0	0	0	0	1.63969204073249e-09	0	NaN
0	0	0	0	1.63969204073249e-09	0	NaN
0	0	0	0	1.63969176599079e-09	0	NaN
0	0	0	0	1.63969176599079e-09	0	NaN
0	0	0	0	1.63969176599079e-09	0	NaN
0	0	0	0	1.63969204073249e-09	0	NaN
0	0	0	0	1.63969204073249e-09	0	NaN
0	0	0	0	1.63969204073249e-09	0	NaN
0	0	0	0	1.63968978541092e-09	0	NaN
0	0	0	0	1.6396890003229e-09	0	NaN
0	0	0	0	1.63968978541092e-09	0	NaN
0	0	0	0	1.63969204073249e-09	0	NaN
0	0	0	0	1.63969204073249e-09	0	NaN
0	0	0	0	0.00696278699607729	0	NaN
0	0	0	0	1.63968876153424e-09	0	NaN
0	0	0	0	1.639686554929e-09	0	NaN
0	0	0	0	1.63968876153424e-09	0	NaN
0	0	0	0	1.63969204073249e-09	0	NaN
0	0	0	0	0.00696278699607729	0	NaN
0	0	0	0	0.00696278699607729	0	NaN
0	0	0	0	1.63968932688882e-09	0	NaN
0	0	0	0	3.78369515107382e-05	0	NaN
0	0	0	0	1.63968932688882e-09	0	NaN
0	0	0	0	0.00696278699607729	0	NaN
0	0	0	0	1.63969204073249e-09	0	NaN
0	0	0	0	1.63969204073249e-09	0	NaN
0	0	0	0	1.63969136236698e-09	0	NaN
0	0	0	0	1.63969136236698e-09	0	NaN
0	0	0	0	1.63969136236698e-09	0	NaN
0	0	0	0	1.63969204073249e-09	0	NaN
0	0	0	0	1.63969204073249e-09	0	NaN
0	0	0	0	1.63969178919889e-09	0	NaN
0	0	0	0	1.63969178919889e-09	0	NaN
0	0	0	0	1.63969178919889e-09	0	NaN
0	0	0	0	0.00696278699607729	0	NaN
0	0	0	0	1.63969204073249e-09	0	NaN
0	0	0	0	1.63969204073249e-09	0	NaN
0	0	0	0	0.000117759054959786	0	NaN
0	0	0	0	1.63969162114222e-09	0	NaN
0	0	0	0	1.63969162114222e-09	0	NaN
0	0	0	0	1.63969204073249e-09	0	NaN
0	0	0	0	0.00696278699607729	0	NaN
0	0	0	0	1.63969204073249e-09	0	NaN
0	0	0	0	1.63969160582556e-09	0	NaN
0	0	0	0	1.63969160582556e-09	0	NaN
0	0	0	0	0.000116226662793486	0	NaN
0	0	0	0	0.00696278699607729	0	NaN
0	0	0	0	1.63969204073249e-09	0	NaN
0	0	0	0	1.63969204073249e-09	0	NaN
0	0	0	0	1.63969179963352e-09	0	NaN
0	0	0	0	0.000141558237029911	0	NaN
0	0	0	0	0.000324916633929966	0	NaN
0	0	0	0	1.63969204073249e-09	0	NaN
0	0	0	0	1.63969204073249e-09	0	NaN
0	0	0	0	0.00696278699607729	0	NaN
0	0	0	0	1.63969187435779e-09	0	NaN
0	0	0	0	1.63969187435779e-09	0	NaN
0	0	0	0	0.000157290155520028	0	NaN
0	0	0	0	0.00696278699607729	0	NaN
0	0	0	0	1.63969204073249e-09	0	NaN
0	0	0	0	1.63969204073249e-09	0	NaN
0	0	0	0	1.63969189180151e-09	0	NaN
0	0	0	0	1.63969189180151e-09	0	NaN
0	0	0	0	1.63969189180151e-09	0	NaN
0	0	0	0	1.63969204073249e-09	0	NaN
0	0	0	0	1.63969204073249e-09	0	NaN
0	0	0	0	1.63969204073249e-09	0	NaN
0	0	0	0	1.63969172349739e-09	0	NaN
0	0	0	0	1.63969172349739e-09	0	NaN
0	0	0	0	0.000129779099155196	0	NaN
0	0	0	0	1.63969204073249e-09	0	NaN
0	0	0	0	1.63969204073249e-09	0	NaN
0	0	0	0	1.63969204073249e-09	0	NaN
0	0	0	0	1.6396918218186e-09	0	NaN
0	0	0	0	1.6396918218186e-09	0	NaN
0	0	0	0	1.6396918218186e-09	0	NaN
0	0	0	0	1.63969204073249e-09	0	NaN
0	0	0	0	1.63969204073249e-09	0	NaN
0	0	0	0	1.63969204073249e-09	0	NaN
0	0	0	0	0.000223539373661515	0	NaN
0	0	0	0	1.63969184477082e-09	0	NaN
0	0	0	0	1.63969184477082e-09	0	NaN
0	0	0	0	1.63969204073249e-09	0	NaN
0	0	0	0	1.63969204073249e-09	0	NaN
0	0	0	0	1.63969204073249e-09	0	NaN
0	0	0	0	1.6396893496855e-09	0	NaN
0	0	0	0	1.63968934968546e-09	0	NaN
0	0	0	0	1.6396893496855e-09	0	NaN
0	0	0	0	1.63969204073249e-09	0	NaN
0	0	0	0	1.63969204073249e-09	0	NaN
0	0	0	0	0.00696278699607729	0	NaN
0	0	0	0	1.63968901245636e-09	0	NaN
0	0	0	0	6.029595329693e-05	0	NaN
0	0	0	0	1.63968901245636e-09	0	NaN
0	0	0	0	1.63969204073249e-09	0	NaN
0	0	0	0	1.63969204073249e-09	0	NaN
0	0	0	0	0.00696278699607729	0	NaN
0	0	0	0	1.64067055098533e-09	0	NaN
0	0	0	0	1.63969055203588e-09	0	NaN
0	0	0	0	1.63969055203588e-09	0	NaN
0	0	0	0	1.63969204073249e-09	0	NaN
0	0	0	0	1.63969204073249e-09	0	NaN
0	0	0	0	0.0994351563640796	0	NaN
0	0	0	0	1.63968812357042e-09	0	NaN
0	0	0	0	1.63968812357031e-09	0	NaN
0	0	0	0	1.63968812357042e-09	0	NaN
0	0	0	0	1.63969204073249e-09	0	NaN
0	0	0	0	1.63969204073249e-09	0	NaN
0	0	0	0	1.63969204073249e-09	0	NaN
0	0	0	0	1.63968731045742e-09	0	NaN
0	0	0	0	3.19882078466388e-05	0	NaN
0	0	0	0	1.63968731045742e-09	0	NaN
0	0	0	0	1.63969204073249e-09	0	NaN
0	0	0	0	1.63969204073249e-09	0	NaN
0	0	0	0	0.0994351563640796	0	NaN
0	0	0	0	5.77916100629014e-05	0	NaN
0	0	0	0	1.63968982483702e-09	0	NaN
0	0	0	0	1.63968982483702e-09	0	NaN
0	0	0	0	1.63969204073249e-09	0	NaN
0	0	0	0	1.63969204073249e-09	0	NaN
0	0	0	0	1.63969204073249e-09	0	NaN
0	0	0	0	1.63968879890792e-09	0	NaN
0	0	0	0	1.63968879890778e-09	0	NaN
0	0	0	0	1.63968879890792e-09	0	NaN
0	0	0	0	1.63969204073249e-09	0	NaN
0	0	0	0	1.63969204073249e-09	0	NaN
0	0	0	0	1.63969204073249e-09	0	NaN
0	0	0	0	3.34068616877996e-05	0	NaN
0	0	0	0	1.63968812596136e-09	0	NaN
0	0	0	0	1.63968812596972e-09	0	NaN
0	0	0	0	1.63969204073249e-09	0	NaN
0	0	0	0	1.63969204073249e-09	0	NaN
0	0	0	0	0.0994351563640796	0	NaN
0	0	0	0	1.64174116955043e-09	0	NaN
0	0	0	0	1.63969020687695e-09	0	NaN
0	0	0	0	1.63969020687695e-09	0	NaN
0	0	0	0	1.63969204073249e-09	0	NaN
0	0	0	0	0.00696278699607729	0	NaN
0	0	0	0	0.00696278699607729	0	NaN
0	0	0	0	1.63969071502587e-09	0	NaN
0	0	0	0	1.63969071502587e-09	0	NaN
0	0	0	0	1.63969071502587e-09	0	NaN
0	0	0	0	1.63969204073249e-09	0	NaN
0	0	0	0	1.63969204073249e-09	0	NaN
0	0	0	0	1.63969204073249e-09	0	NaN
0	0	0	0	1.6396902451224e-09	0	NaN
0	0	0	0	1.6396902451224e-09	0	NaN
0	0	0	0	1.6396902451224e-09	0	NaN
0	0	0	0	0.00696278699607729	0	NaN
0	0	0	0	1.63969204073249e-09	0	NaN
0	0	0	0	1.63969204073249e-09	0	NaN
0	0	0	0	1.63968986883921e-09	0	NaN
0	0	0	0	5.83253937816554e-05	0	NaN
0	0	0	0	1.63968986883921e-09	0	NaN
0	0	0	0	0.00696278699607729	0	NaN
0	0	0	0	1.63969204073249e-09	0	NaN
0	0	0	0	1.63969204073249e-09	0	NaN
0	0	0	0	1.63968837987391e-09	0	NaN
0	0	0	0	1.63968837987391e-09	0	NaN
0	0	0	0	1.63968837987391e-09	0	NaN
0	0	0	0	0.00696278699607729	0	NaN
0	0	0	0	1.63969204073249e-09	0	NaN
0	0	0	0	1.63969204073249e-09	0	NaN
0	0	0	0	5.41287000237356e-05	0	NaN
0	0	0	0	1.63968948486756e-09	0	NaN
0	0	0	0	5.41287000237356e-05	0	NaN
0	0	0	0	1.63969204073249e-09	0	NaN
0	0	0	0	1.63969204073249e-09	0	NaN
0	0	0	0	1.63969204073249e-09	0	NaN
0	0	0	0	1.63968954691929e-09	0	NaN
0	0	0	0	1.63968954691929e-09	0	NaN
0	0	0	0	1.63968954691929e-09	0	NaN
0	0	0	0	1.63969204073249e-09	0	NaN
0	0	0	0	1.63969204073249e-09	0	NaN
0	0	0	0	1.63969204073249e-09	0	NaN
0	0	0	0	1.63968855785639e-09	0	NaN
0	0	0	0	1.63968855785639e-09	0	NaN
0	0	0	0	1.63968855785639e-09	0	NaN
0	0	0	0	1.63969204073249e-09	0	NaN
0	0	0	0	1.63969204073249e-09	0	NaN
0	0	0	0	1.63969204073249e-09	0	NaN
0	0	0	0	1.63968999568372e-09	0	NaN
0	0	0	0	1.63968999568372e-09	0	NaN
0	0	0	0	5.99558226770775e-05	0	NaN
0	0	0	0	0.00696278699607729	0	NaN
0	0	0	0	1.63969204073249e-09	0	NaN
0	0	0	0	1.63969204073249e-09	0	NaN
0	0	0	0	1.63968970969356e-09	0	NaN
0	0	0	0	1.63968970969356e-09	0	NaN
0	0	0	0	1.63968970969356e-09	0	NaN
0	0	0	0	1.63969204073249e-09	0	NaN
0	0	0	0	1.63969204073249e-09	0	NaN
0	0	0	0	0.00696278699607729	0	NaN
0	0	0	0	1.63968943903739e-09	0	NaN
0	0	0	0	1.63968943903739e-09	0	NaN
0	0	0	0	1.63968943903739e-09	0	NaN
0	0	0	0	1.63969204073249e-09	0	NaN
0	0	0	0	1.63969204073249e-09	0	NaN
0	0	0	0	1.63969204073249e-09	0	NaN
0	0	0	0	1.63969033099299e-09	0	NaN
0	0	0	0	1.63969033099299e-09	0	NaN
0	0	0	0	1.63969033099299e-09	0	NaN
0	0	0	0	1.63969204073249e-09	0	NaN
0	0	0	0	1.63969204073249e-09	0	NaN
0	0	0	0	1.63969204073249e-09	0	NaN
0	0	0	0	1.639689152344e-09	0	NaN
0	0	0	0	5.11721496682803e-05	0	NaN
0	0	0	0	1.639689152344e-09	0	NaN
0	0	0	0	1.63969204073249e-09	0	NaN
0	0	0	0	1.63969204073249e-09	0	NaN
0	0	0	0	1.63969204073249e-09	0	NaN
0	0	0	0	1.63968876337755e-09	0	NaN
0	0	0	0	4.82844985146606e-05	0	NaN
0	0	0	0	1.63968876337755e-09	0	NaN
0	0	0	0	0.00696278699607729	0	NaN
0	0	0	0	1.63969204073249e-09	0	NaN
0	0	0	0	1.63969204073249e-09	0	NaN
0	0	0	0	4.52748175748657e-05	0	NaN
0	0	0	0	1.6396882718656e-09	0	NaN
0	0	0	0	1.6396882718656e-09	0	NaN
0	0	0	0	0.00696278699607729	0	NaN
0	0	0	0	1.63969204073249e-09	0	NaN
0	0	0	0	1.63969204073249e-09	0	NaN
0	0	0	0	1.63968977948091e-09	0	NaN
0	0	0	0	1.63968977948091e-09	0	NaN
0	0	0	0	5.72572242259036e-05	0	NaN
0	0	0	0	0.00696278699607729	0	NaN
0	0	0	0	1.63969204073249e-09	0	NaN
0	0	0	0	0.00696278699607729	0	NaN
0	0	0	0	1.63968929827222e-09	0	NaN
0	0	0	0	5.24054577226589e-05	0	NaN
0	0	0	0	1.63968929827222e-09	0	NaN
0	0	0	0	1.63969204073249e-09	0	NaN
0	0	0	0	1.63969204073249e-09	0	NaN
0	0	0	0	0.00696278699607729	0	NaN
0	0	0	0	1.63969199933399e-09	0	NaN
0	0	0	0	0.000443845251495063	0	NaN
0	0	0	0	1.63969204073249e-09	0	NaN
0	0	0	0	1.63969204073249e-09	0	NaN
0	0	0	0	1.63969204073249e-09	0	NaN
0	0	0	0	1.63969199933399e-09	0	NaN
0	0	0	0	1.63969199933399e-09	0	NaN
0	0	0	0	1.63969204073249e-09	0	NaN
0	0	0	0	1.63969204073249e-09	0	NaN
0	0	0	0	1.63969204073249e-09	0	NaN
0	0	0	0	0.000223255408426191	0	NaN
0	0	0	0	1.63969199933399e-09	0	NaN
0	0	0	0	1.63969204073249e-09	0	NaN
0	0	0	0	1.63969204073249e-09	0	NaN
0	0	0	0	1.63969204073249e-09	0	NaN
0	0	0	0	1.63969202335301e-09	0	NaN
0	0	0	0	1.63969202335301e-09	0	NaN
0	0	0	0	1.63969204073249e-09	0	NaN
0	0	0	0	1.63969204073249e-09	0	NaN
0	0	0	0	1.63969202335301e-09	0	NaN
0	0	0	0	0.000292561378107214	0	NaN
0	0	0	0	1.63969204073249e-09	0	NaN
0	0	0	0	1.63969204073249e-09	0	NaN
0	0	0	0	1.63969202335301e-09	0	NaN
0	0	0	0	1.63969202335301e-09	0	NaN
0	0	0	0	1.63969204073249e-09	0	NaN
0	0	0	0	1.63969204073249e-09	0	NaN
0	0	0	0	1.63969187373457e-09	0	NaN
0	0	0	0	1.63969188783131e-09	0	NaN
0	0	0	0	1.63969204073249e-09	0	NaN
0	0	0	0	0.00696278699607729	0	NaN
0	0	0	0	1.63969204073249e-09	0	NaN
0	0	0	0	1.63968899718213e-09	0	NaN
0	0	0	0	1.63968964034586e-09	0	NaN
0	0	0	0	1.63967944225813e-09	0	NaN
0	0	0	0	1.63969201253708e-09	0	NaN
0	0	0	0	1.63968251399622e-09	0	NaN
0	0	0	0	1.63968387103491e-09	0	NaN
0	0	0	0	1.63969201253744e-09	0	NaN
0	0	0	0	1.63968546465752e-09	0	NaN
0	0	0	0	1.6396900688933e-09	0	NaN
0	0	0	0	1.63969199609709e-09	0	NaN
0	0	0	0	1.63969204073249e-09	0	NaN
0	0	0	0	0.00696278699607729	0	NaN
0	0	0	0	0.00696278699607729	0	NaN
0	0	0	0	1.63968773479667e-09	0	NaN
0	0	0	0	1.63968040205698e-09	0	NaN
0	0	0	0	1.63980889832205e-09	0	NaN
0	0	0	0	1.63969103397529e-09	0	NaN
0	0	0	0	0.000294448937182415	0	NaN
0	0	0	0	0.00015753961199068	0	NaN
0	0	0	0	1.63969198434231e-09	0	NaN
0	0	0	0	1.6396726291987e-09	0	NaN
0	0	0	0	1.63969163162165e-09	0	NaN
0	0	0	0	1.63969188343771e-09	0	NaN
0	0	0	0	1.63969204073249e-09	0	NaN
0	0	0	0	0.00696278699607729	0	NaN
0	0	0	0	0.00696278699607729	0	NaN
0	0	0	0	1.63968759256864e-09	0	NaN
0	0	0	0	1.63969189366846e-09	0	NaN
0	0	0	0	1.63967280736639e-09	0	NaN
0	0	0	0	1.6396910704625e-09	0	NaN
0	0	0	0	1.63968245876949e-09	0	NaN
0	0	0	0	1.63976860311022e-09	0	NaN
0	0	0	0	1.63969199609709e-09	0	NaN
0	0	0	0	1.63969204073249e-09	0	NaN
0	0	0	0	1.63969204073249e-09	0	NaN
0	0	0	0	0.00696278699607729	0	NaN
0	0	0	0	1.63968799713545e-09	0	NaN
0	0	0	0	1.63967716748424e-09	0	NaN
0	0	0	0	1.63967035052828e-09	0	NaN
0	0	0	0	1.63969174650941e-09	0	NaN
0	0	0	0	0.000281623175826762	0	NaN
0	0	0	0	1.63969193858746e-09	0	NaN
0	0	0	0	1.63985988833444e-09	0	NaN
0	0	0	0	1.63969178624412e-09	0	NaN
0	0	0	0	1.63969204073249e-09	0	NaN
0	0	0	0	1.63969204073249e-09	0	NaN
0	0	0	0	1.63969204073249e-09	0	NaN
0	0	0	0	1.63967423985914e-09	0	NaN
0	0	0	0	1.63968570903889e-09	0	NaN
0	0	0	0	0.00025314763262941	0	NaN
0	0	0	0	1.63968767444435e-09	0	NaN
0	0	0	0	1.63967973891682e-09	0	NaN
0	0	0	0	1.63966522455552e-09	0	NaN
0	0	0	0	1.63969106560626e-09	0	NaN
0	0	0	0	1.6396700508163e-09	0	NaN
0	0	0	0	1.63969255559935e-09	0	NaN
0	0	0	0	1.63968339913958e-09	0	NaN
0	0	0	0	1.63969197153711e-09	0	NaN
0	0	0	0	0.00696278699607729	0	NaN
0	0	0	0	1.63969204073249e-09	0	NaN
0	0	0	0	1.63966857327345e-09	0	NaN
0	0	0	0	1.63965892094853e-09	0	NaN
0	0	0	0	0.000204063787781337	0	NaN
0	0	0	0	1.6396750245872e-09	0	NaN
0	0	0	0	1.63964657058744e-09	0	NaN
0	0	0	0	1.63962160355456e-09	0	NaN
0	0	0	0	1.63968826496216e-09	0	NaN
0	0	0	0	1.63966405521945e-09	0	NaN
0	0	0	0	1.6396880471789e-09	0	NaN
0	0	0	0	0.000321489998913851	0	NaN
0	0	0	0	1.63967321094871e-09	0	NaN
0	0	0	0	1.63969149777089e-09	0	NaN
0	0	0	0	0.000235677146010833	0	NaN
0	0	0	0	0.000139219377627945	0	NaN
0	0	0	0	1.63969078861423e-09	0	NaN
0	0	0	0	1.63969178624412e-09	0	NaN
0	0	0	0	1.63969204073249e-09	0	NaN
0	0	0	0	1.63969204073249e-09	0	NaN
0	0	0	0	1.63969204073249e-09	0	NaN
0	0	0	0	1.63967309412399e-09	0	NaN
0	0	0	0	1.63965779632745e-09	0	NaN
0	0	0	0	0.000203739422357008	0	NaN
0	0	0	0	1.63969048931425e-09	0	NaN
0	0	0	0	1.63963101872796e-09	0	NaN
0	0	0	0	0.000195504651005177	0	NaN
0	0	0	0	1.6396890481378e-09	0	NaN
0	0	0	0	0.00019564382391465	0	NaN
0	0	0	0	1.63969204073249e-09	0	NaN
0	0	0	0	1.63969204073249e-09	0	NaN
0	0	0	0	1.63969256573663e-09	0	NaN
0	0	0	0	1.63968034311741e-09	0	NaN
0	0	0	0	0.000140946757868966	0	NaN
0	0	0	0	1.63969204073249e-09	0	NaN
0	0	0	0	1.63969204073249e-09	0	NaN
0	0	0	0	1.63969204073249e-09	0	NaN
0	0	0	0	0.000347579599858329	0	NaN
0	0	0	0	1.63967101766217e-09	0	NaN
0	0	0	0	1.63965839382986e-09	0	NaN
0	0	0	0	1.63967310582871e-09	0	NaN
0	0	0	0	1.63966158497835e-09	0	NaN
0	0	0	0	0.000268871372373816	0	NaN
0	0	0	0	1.63968705141353e-09	0	NaN
0	0	0	0	0.000253626879789645	0	NaN
0	0	0	0	1.63969254152851e-09	0	NaN
0	0	0	0	0.000123296238273556	0	NaN
0	0	0	0	1.63969185895487e-09	0	NaN
0	0	0	0	1.63969204073249e-09	0	NaN
0	0	0	0	1.63969204073249e-09	0	NaN
0	0	0	0	1.63969204073249e-09	0	NaN
0	0	0	0	1.63968465454527e-09	0	NaN
0	0	0	0	1.63968642587171e-09	0	NaN
0	0	0	0	1.63968611832917e-09	0	NaN
0	0	0	0	1.63967771567954e-09	0	NaN
0	0	0	0	1.63968386640689e-09	0	NaN
0	0	0	0	1.63967802263744e-09	0	NaN
0	0	0	0	1.63968317799877e-09	0	NaN
0	0	0	0	1.63967658877417e-09	0	NaN
0	0	0	0	1.63968794459894e-09	0	NaN
0	0	0	0	1.63969194158303e-09	0	NaN
0	0	0	0	1.63969204073249e-09	0	NaN
0	0	0	0	0.00696278699607729	0	NaN
0	0	0	0	1.63969204073249e-09	0	NaN
0	0	0	0	1.6396919330151e-09	0	NaN
0	0	0	0	1.6396920324087e-09	0	NaN
0	0	0	0	1.63969194427885e-09	0	NaN
0	0	0	0	1.63967829213786e-09	0	NaN
0	0	0	0	1.63969202371802e-09	0	NaN
0	0	0	0	1.63969196141529e-09	0	NaN
0	0	0	0	1.63969196141529e-09	0	NaN
0	0	0	0	1.63969204073249e-09	0	NaN
0	0	0	0	1.63969204073249e-09	0	NaN
0	0	0	0	1.63969204073249e-09	0	NaN
0	0	0	0	1.63969139625789e-09	0	NaN
0	0	0	0	1.63968241976499e-09	0	NaN
0	0	0	0	1.63968747302545e-09	0	NaN
0	0	0	0	1.63969193640069e-09	0	NaN
0	0	0	0	0.00017708694940333	0	NaN
0	0	0	0	0.00696278699607729	0	NaN
0	0	0	0	1.63969204073249e-09	0	NaN
0	0	0	0	0.00696278699607729	0	NaN
0	0	0	0	1.63969196141529e-09	0	NaN
0	0	0	0	0.000189251485944304	0	NaN
0	0	0	0	1.63969204073249e-09	0	NaN
0	0	0	0	1.63969204073249e-09	0	NaN
0	0	0	0	1.63969204073249e-09	0	NaN
0	0	0	0	1.63969157134314e-09	0	NaN
0	0	0	0	1.63968767541002e-09	0	NaN
0	0	0	0	1.63969185468036e-09	0	NaN
0	0	0	0	1.63969204073249e-09	0	NaN
0	0	0	0	1.63969204073249e-09	0	NaN
0	0	0	0	1.63969204073249e-09	0	NaN
0	0	0	0	1.63968698619122e-09	0	NaN
0	0	0	0	1.6396733242094e-09	0	NaN
0	0	0	0	1.63968763744596e-09	0	NaN
0	0	0	0	1.63968680358558e-09	0	NaN
0	0	0	0	1.6396624593798e-09	0	NaN
0	0	0	0	1.63968750506202e-09	0	NaN
0	0	0	0	0.000228830537193044	0	NaN
0	0	0	0	1.63967352102542e-09	0	NaN
0	0	0	0	1.63967756114806e-09	0	NaN
0	0	0	0	1.63966907853669e-09	0	NaN
0	0	0	0	1.63968899260049e-09	0	NaN
0	0	0	0	1.63968741441191e-09	0	NaN
0	0	0	0	0.000443138404813364	0	NaN
0	0	0	0	1.63968996604577e-09	0	NaN
0	0	0	0	1.63968748160961e-09	0	NaN
0	0	0	0	1.63968972841625e-09	0	NaN
0	0	0	0	1.63969194158296e-09	0	NaN
0	0	0	0	1.63969204073249e-09	0	NaN
0	0	0	0	1.63969204073249e-09	0	NaN
0	0	0	0	1.63969204073249e-09	0	NaN
0	0	0	0	1.63969170366902e-09	0	NaN
0	0	0	0	1.63969035845549e-09	0	NaN
0	0	0	0	1.63969179615922e-09	0	NaN
0	0	0	0	0.00696278699607729	0	NaN
0	0	0	0	1.63969204073249e-09	0	NaN
0	0	0	0	1.63969204073249e-09	0	NaN
0	0	0	0	1.63966887004357e-09	0	NaN
0	0	0	0	1.63966008359148e-09	0	NaN
0	0	0	0	1.63969131638167e-09	0	NaN
0	0	0	0	1.63968220365844e-09	0	NaN
0	0	0	0	1.63969197423303e-09	0	NaN
0	0	0	0	1.63969204073249e-09	0	NaN
0	0	0	0	1.63969204073249e-09	0	NaN
0	0	0	0	0.000196431244126975	0	NaN
0	0	0	0	1.63967211032934e-09	0	NaN
0	0	0	0	0.000198365523578482	0	NaN
0	0	0	0	1.63963887493252e-09	0	NaN
0	0	0	0	1.63967242990702e-09	0	NaN
0	0	0	0	1.63962774955083e-09	0	NaN
0	0	0	0	1.63966751535201e-09	0	NaN
0	0	0	0	1.63965741041056e-09	0	NaN
0	0	0	0	1.63966258209935e-09	0	NaN
0	0	0	0	1.63966647644859e-09	0	NaN
0	0	0	0	1.63968393650826e-09	0	NaN
0	0	0	0	0.000221261456312987	0	NaN
0	0	0	0	0.000236264618850232	0	NaN
0	0	0	0	1.63966341860075e-09	0	NaN
0	0	0	0	1.63969055868904e-09	0	NaN
0	0	0	0	1.63967113750883e-09	0	NaN
0	0	0	0	1.6396919913072e-09	0	NaN
0	0	0	0	1.63969204073249e-09	0	NaN
0	0	0	0	1.63969204073249e-09	0	NaN
0	0	0	0	0.000164364064955181	0	NaN
0	0	0	0	1.63968974505677e-09	0	NaN
0	0	0	0	1.63967987451747e-09	0	NaN
0	0	0	0	1.63967283795035e-09	0	NaN
0	0	0	0	1.63968241149459e-09	0	NaN
0	0	0	0	0.000181894410798931	0	NaN
0	0	0	0	1.63969201110853e-09	0	NaN
0	0	0	0	1.63969204073249e-09	0	NaN
0	0	0	0	1.63969204073249e-09	0	NaN
0	0	0	0	1.63969204073249e-09	0	NaN
0	0	0	0	1.63969201383568e-09	0	NaN
0	0	0	0	1.63969201383568e-09	0	NaN
0	0	0	0	0.00696278699607729	0	NaN
0	0	0	0	1.63969204073249e-09	0	NaN
0	0	0	0	1.63968936356888e-09	0	NaN
0	0	0	0	0.00030293038817429	0	NaN
0	0	0	0	1.63968763086429e-09	0	NaN
0	0	0	0	1.63969201383568e-09	0	NaN
0	0	0	0	0.000253274289189558	0	NaN
0	0	0	0	1.63969204073249e-09	0	NaN
0	0	0	0	1.63969204073249e-09	0	NaN
0	0	0	0	1.63964213270054e-09	0	NaN
0	0	0	0	0.000221447156259495	0	NaN
0	0	0	0	0.00019156809576517	0	NaN
0	0	0	0	1.63966006986249e-09	0	NaN
0	0	0	0	0.000605031493181345	0	NaN
0	0	0	0	1.63969427148808e-09	0	NaN
0	0	0	0	0.000121554264477659	0	NaN
0	0	0	0	0.000197561208886881	0	NaN
0	0	0	0	1.63969204073249e-09	0	NaN
0	0	0	0	0.0994351563640796	0	NaN
0	0	0	0	1.63967221236554e-09	0	NaN
0	0	0	0	1.63964619406051e-09	0	NaN
0	0	0	0	1.63966007063909e-09	0	NaN
0	0	0	0	1.63968986959731e-09	0	NaN
0	0	0	0	0.000691537391408779	0	NaN
0	0	0	0	1.63969075172518e-09	0	NaN
0	0	0	0	1.6396810396738e-09	0	NaN
0	0	0	0	1.00366331947779e-09	0	NaN
0	0	0	0	1.63982360881163e-09	0	NaN
0	0	0	0	1.63969056682598e-09	0	NaN
0	0	0	0	1.63969201383568e-09	0	NaN
0	0	0	0	1.63969201383568e-09	0	NaN
0	0	0	0	1.63969204073249e-09	0	NaN
0	0	0	0	0.00696278699607729	0	NaN
0	0	0	0	1.63969336093629e-09	0	NaN
0	0	0	0	1.63967213453938e-09	0	NaN
0	0	0	0	1.6396919913072e-09	0	NaN
0	0	0	0	1.63969204073249e-09	0	NaN
0	0	0	0	1.63969204073249e-09	0	NaN
0	0	0	0	1.63967929108474e-09	0	NaN
0	0	0	0	1.63969201110855e-09	0	NaN
0	0	0	0	1.63969204073249e-09	0	NaN
0	0	0	0	1.63969204073249e-09	0	NaN
0	0	0	0	0.00696278699607729	0	NaN
0	0	0	0	1.63965896617601e-09	0	NaN
0	0	0	0	1.63969198434229e-09	0	NaN
0	0	0	0	1.63968733295787e-09	0	NaN
0	0	0	0	0.000429274761676409	0	NaN
0	0	0	0	1.63969007540021e-09	0	NaN
0	0	0	0	1.63967461237814e-09	0	NaN
0	0	0	0	1.63964342358831e-09	0	NaN
0	0	0	0	1.63968310682818e-09	0	NaN
0	0	0	0	0.000208511218305881	0	NaN
0	0	0	0	1.63967179395658e-09	0	NaN
0	0	0	0	1.63968135990229e-09	0	NaN
0	0	0	0	0.000222610126966381	0	NaN
0	0	0	0	1.63968808661247e-09	0	NaN
0	0	0	0	1.6396808782743e-09	0	NaN
0	0	0	0	1.63968311497333e-09	0	NaN
0	0	0	0	1.63969195205082e-09	0	NaN
0	0	0	0	0.000184211116778306	0	NaN
0	0	0	0	0.00696278699607729	0	NaN
0	0	0	0	1.63969204073249e-09	0	NaN
0	0	0	0	1.63969204073249e-09	0	NaN
0	0	0	0	1.63969197693266e-09	0	NaN
0	0	0	0	1.63969197693266e-09	0	NaN
0	0	0	0	1.63969204073249e-09	0	NaN
0	0	0	0	1.63969204073249e-09	0	NaN
0	0	0	0	1.63969204073249e-09	0	NaN
0	0	0	0	1.63968350457496e-09	0	NaN
0	0	0	0	1.63969149974496e-09	0	NaN
0	0	0	0	1.63968360712346e-09	0	NaN
0	0	0	0	1.6396836368204e-09	0	NaN
0	0	0	0	1.63968781653869e-09	0	NaN
0	0	0	0	0.000162924363079853	0	NaN
0	0	0	0	1.63969195867367e-09	0	NaN
0	0	0	0	0.00696278699607729	0	NaN
0	0	0	0	1.63969204073249e-09	0	NaN
0	0	0	0	1.63969204073249e-09	0	NaN
0	0	0	0	0.00029847046394307	0	NaN
0	0	0	0	1.63967846518598e-09	0	NaN
0	0	0	0	1.63965794421053e-09	0	NaN
0	0	0	0	1.63966882325944e-09	0	NaN
0	0	0	0	1.63965604777561e-09	0	NaN
0	0	0	0	1.63969038413159e-09	0	NaN
0	0	0	0	0.000133582595593473	0	NaN
0	0	0	0	1.6396918834527e-09	0	NaN
0	0	0	0	1.63969204073249e-09	0	NaN
0	0	0	0	1.63969204073249e-09	0	NaN
0	0	0	0	1.63969204073249e-09	0	NaN
0	0	0	0	1.63967383729407e-09	0	NaN
0	0	0	0	0.000258142947796551	0	NaN
0	0	0	0	1.63964823454669e-09	0	NaN
0	0	0	0	1.63967798892748e-09	0	NaN
0	0	0	0	1.63963583835967e-09	0	NaN
0	0	0	0	1.63969044140389e-09	0	NaN
0	0	0	0	0.000126093547275112	0	NaN
0	0	0	0	1.63969183452405e-09	0	NaN
0	0	0	0	1.63969204073249e-09	0	NaN
0	0	0	0	1.63969204073249e-09	0	NaN
0	0	0	0	1.63969204073249e-09	0	NaN
0	0	0	0	1.63967565509177e-09	0	NaN
0	0	0	0	0.000267806117157041	0	NaN
0	0	0	0	0.000199472370778445	0	NaN
0	0	0	0	1.63968964720901e-09	0	NaN
0	0	0	0	1.63965899905262e-09	0	NaN
0	0	0	0	1.63969151387289e-09	0	NaN
0	0	0	0	1.63979719383279e-09	0	NaN
0	0	0	0	1.63969182616427e-09	0	NaN
0	0	0	0	1.63969204073249e-09	0	NaN
0	0	0	0	0.00696278699607729	0	NaN
0	0	0	0	0.00696278699607729	0	NaN
0	0	0	0	1.63968795045543e-09	0	NaN
0	0	0	0	1.63968094920857e-09	0	NaN
0	0	0	0	1.63975884294526e-09	0	NaN
0	0	0	0	1.63969190893238e-09	0	NaN
0	0	0	0	1.63969204073249e-09	0	NaN
0	0	0	0	1.63969204073249e-09	0	NaN
0	0	0	0	0.00696278699607729	0	NaN
0	0	0	0	1.63966943198494e-09	0	NaN
0	0	0	0	1.6396918823929e-09	0	NaN
0	0	0	0	1.6396785701083e-09	0	NaN
0	0	0	0	1.6396920083468e-09	0	NaN
0	0	0	0	1.6396920083468e-09	0	NaN
0	0	0	0	1.63969204073249e-09	0	NaN
0	0	0	0	1.63969204073249e-09	0	NaN
0	0	0	0	0.00696278699607729	0	NaN
0	0	0	0	1.6396920083529e-09	0	NaN
0	0	0	0	1.6396920083468e-09	0	NaN
0	0	0	0	1.6396920083468e-09	0	NaN
0	0	0	0	0.00696278699607729	0	NaN
0	0	0	0	1.63969204073249e-09	0	NaN
0	0	0	0	1.63969204073249e-09	0	NaN
0	0	0	0	1.6396920083468e-09	0	NaN
0	0	0	0	0.000239388783340306	0	NaN
0	0	0	0	1.63969204073249e-09	0	NaN
0	0	0	0	1.63969204073249e-09	0	NaN
0	0	0	0	1.63969204073249e-09	0	NaN
0	0	0	0	1.63967733734404e-09	0	NaN
0	0	0	0	1.63968819324702e-09	0	NaN
0	0	0	0	1.63967717115372e-09	0	NaN
0	0	0	0	1.63968995263087e-09	0	NaN
0	0	0	0	1.63967893044316e-09	0	NaN
0	0	0	0	0.000136506862054345	0	NaN
0	0	0	0	0.000168465544674242	0	NaN
0	0	0	0	1.63969204073249e-09	0	NaN
0	0	0	0	1.63969204073249e-09	0	NaN
0	0	0	0	1.63969204073249e-09	0	NaN
0	0	0	0	1.63963803879429e-09	0	NaN
0	0	0	0	1.63968190570451e-09	0	NaN
0	0	0	0	1.63965723153906e-09	0	NaN
0	0	0	0	1.63967624301663e-09	0	NaN
0	0	0	0	0.000259052413802786	0	NaN
0	0	0	0	1.63969232000526e-09	0	NaN
0	0	0	0	1.63993236064328e-09	0	NaN
0	0	0	0	0.000146526833014563	0	NaN
0	0	0	0	1.63969204073249e-09	0	NaN
0	0	0	0	1.63969204073249e-09	0	NaN
0	0	0	0	1.63969204073249e-09	0	NaN
0	0	0	0	0.00019388876751369	0	NaN
0	0	0	0	1.63965687681503e-09	0	NaN
0	0	0	0	1.63964245040203e-09	0	NaN
0	0	0	0	0.000250148049938035	0	NaN
0	0	0	0	1.63964975945743e-09	0	NaN
0	0	0	0	1.63969303601947e-09	0	NaN
0	0	0	0	1.63967406370182e-09	0	NaN
0	0	0	0	1.639691834524e-09	0	NaN
0	0	0	0	1.63969204073249e-09	0	NaN
0	0	0	0	0.00696278699607729	0	NaN
0	0	0	0	1.63969204073249e-09	0	NaN
0	0	0	0	0.000223076401319664	0	NaN
0	0	0	0	1.63966803986821e-09	0	NaN
0	0	0	0	1.63965383043193e-09	0	NaN
0	0	0	0	1.63968115679021e-09	0	NaN
0	0	0	0	1.63967181209747e-09	0	NaN
0	0	0	0	1.63968699900922e-09	0	NaN
0	0	0	0	1.63966579853428e-09	0	NaN
0	0	0	0	0.000293083105260267	0	NaN
0	0	0	0	1.63968922735575e-09	0	NaN
0	0	0	0	1.63968620994916e-09	0	NaN
0	0	0	0	1.63969306888633e-09	0	NaN
0	0	0	0	0.000115957862611765	0	NaN
0	0	0	0	1.63969188746933e-09	0	NaN
0	0	0	0	1.63969204073249e-09	0	NaN
0	0	0	0	1.63969204073249e-09	0	NaN
0	0	0	0	1.63969204073249e-09	0	NaN
0	0	0	0	1.63982870454275e-09	0	NaN
0	0	0	0	1.63969195867372e-09	0	NaN
0	0	0	0	0.0994351563640796	0	NaN
0	0	0	0	1.63969204073249e-09	0	NaN
0	0	0	0	0.00696278699607729	0	NaN
0	0	0	0	1.63969197693266e-09	0	NaN
0	0	0	0	1.63969197693266e-09	0	NaN
0	0	0	0	0.00696278699607729	0	NaN
0	0	0	0	1.63969204073249e-09	0	NaN
0	0	0	0	1.63969204073249e-09	0	NaN
0	0	0	0	1.63969201383568e-09	0	NaN
0	0	0	0	1.63969201383568e-09	0	NaN
0	0	0	0	2.22946496817413e-09	0	NaN
0	0	0	0	1.63969204073249e-09	0	NaN
0	0	0	0	1.63969201383568e-09	0	NaN
0	0	0	0	1.63969201383568e-09	0	NaN
0	0	0	0	1.63969204073249e-09	0	NaN
0	0	0	0	1.63969204073249e-09	0	NaN
0	0	0	0	1.63969201383568e-09	0	NaN
0	0	0	0	1.63969201383568e-09	0	NaN
0	0	0	0	1.63969204073249e-09	0	NaN
0	0	0	0	0.00696278699607729	0	NaN
0	0	0	0	1.63968767629055e-09	0	NaN
0	0	0	0	1.63968454059836e-09	0	NaN
0	0	0	0	1.63969009580791e-09	0	NaN
0	0	0	0	1.63969201110853e-09	0	NaN
0	0	0	0	1.63969204073249e-09	0	NaN
0	0	0	0	0.00696278699607729	0	NaN
0	0	0	0	1.63969204073249e-09	0	NaN
0	0	0	0	0.000139140319314895	0	NaN
0	0	0	0	1.63969105653746e-09	0	NaN
0	0	0	0	1.63967407677302e-09	0	NaN
0	0	0	0	1.63991150903113e-09	0	NaN
0	0	0	0	1.639682751391e-09	0	NaN
0	0	0	0	1.63968596001775e-09	0	NaN
0	0	0	0	0.000141015724264193	0	NaN
0	0	0	0	0.000304608048887435	0	NaN
0	0	0	0	1.63969075123639e-09	0	NaN
0	0	0	0	1.63968904681023e-09	0	NaN
0	0	0	0	1.63969056584777e-09	0	NaN
0	0	0	0	1.63968072537642e-09	0	NaN
0	0	0	0	1.63969201110855e-09	0	NaN
0	0	0	0	1.63969204073249e-09	0	NaN
0	0	0	0	1.63969204073249e-09	0	NaN
0	0	0	0	1.63969204073249e-09	0	NaN
0	0	0	0	1.63967984129034e-09	0	NaN
0	0	0	0	1.63967219483847e-09	0	NaN
0	0	0	0	1.63969162055657e-09	0	NaN
0	0	0	0	1.6396865330554e-09	0	NaN
0	0	0	0	1.6396919913072e-09	0	NaN
0	0	0	0	1.63969204073249e-09	0	NaN
0	0	0	0	1.63969204073249e-09	0	NaN
0	0	0	0	1.63966644488162e-09	0	NaN
0	0	0	0	1.63968597002601e-09	0	NaN
0	0	0	0	0.000221693958104191	0	NaN
0	0	0	0	1.63965916742923e-09	0	NaN
0	0	0	0	1.6396797351732e-09	0	NaN
0	0	0	0	1.63965964945709e-09	0	NaN
0	0	0	0	1.63966452117132e-09	0	NaN
0	0	0	0	1.63964627190814e-09	0	NaN
0	0	0	0	1.63967959459901e-09	0	NaN
0	0	0	0	1.63968350125264e-09	0	NaN
0	0	0	0	1.6396823980627e-09	0	NaN
0	0	0	0	1.63969302260422e-09	0	NaN
0	0	0	0	1.63967693344056e-09	0	NaN
0	0	0	0	1.6396919913072e-09	0	NaN
0	0	0	0	1.63969204073249e-09	0	NaN
0	0	0	0	1.63969204073249e-09	0	NaN
0	0	0	0	1.63968805568819e-09	0	NaN
0	0	0	0	1.63967486378434e-09	0	NaN
0	0	0	0	1.63969137414443e-09	0	NaN
0	0	0	0	1.63968304794412e-09	0	NaN
0	0	0	0	1.63969197423303e-09	0	NaN
0	0	0	0	1.63969204073249e-09	0	NaN
0	0	0	0	1.63969204073249e-09	0	NaN
0	0	0	0	1.63968902328661e-09	0	NaN
0	0	0	0	1.63967650092893e-09	0	NaN
0	0	0	0	0.000195484578179982	0	NaN
0	0	0	0	1.63968847592104e-09	0	NaN
0	0	0	0	1.63969197153711e-09	0	NaN
0	0	0	0	1.63969204073249e-09	0	NaN
0	0	0	0	1.63969204073249e-09	0	NaN
0	0	0	0	1.6396911816304e-09	0	NaN
0	0	0	0	1.63968690256189e-09	0	NaN
0	0	0	0	1.639691559217e-09	0	NaN
0	0	0	0	1.63969199508328e-09	0	NaN
0	0	0	0	1.63969204073249e-09	0	NaN
0	0	0	0	1.63969204073249e-09	0	NaN
0	0	0	0	1.63969204073249e-09	0	NaN
0	0	0	0	1.63967765452504e-09	0	NaN
0	0	0	0	1.63967520908845e-09	0	NaN
0	0	0	0	1.63965923811091e-09	0	NaN
0	0	0	0	1.63967263994136e-09	0	NaN
0	0	0	0	1.6396872357044e-09	0	NaN
0	0	0	0	1.63966822977815e-09	0	NaN
0	0	0	0	1.63968722979607e-09	0	NaN
0	0	0	0	1.6396917804731e-09	0	NaN
0	0	0	0	1.63967935161941e-09	0	NaN
0	0	0	0	1.6396920213254e-09	0	NaN
0	0	0	0	1.6396920213254e-09	0	NaN
0	0	0	0	1.63969204073249e-09	0	NaN
0	0	0	0	0.00696278699607729	0	NaN
0	0	0	0	1.63966176286197e-09	0	NaN
0	0	0	0	1.63967201270101e-09	0	NaN
0	0	0	0	1.63966451537724e-09	0	NaN
0	0	0	0	1.63965900813623e-09	0	NaN
0	0	0	0	1.63968735325165e-09	0	NaN
0	0	0	0	1.63968324442402e-09	0	NaN
0	0	0	0	1.63982314223622e-09	0	NaN
0	0	0	0	1.63969198434204e-09	0	NaN
0	0	0	0	1.63968908025061e-09	0	NaN
0	0	0	0	1.6396920213254e-09	0	NaN
0	0	0	0	1.6396920213254e-09	0	NaN
0	0	0	0	0.00696278699607729	0	NaN
0	0	0	0	1.63969204073249e-09	0	NaN
0	0	0	0	1.63966473719619e-09	0	NaN
0	0	0	0	0.00022495533794497	0	NaN
0	0	0	0	1.63966513870458e-09	0	NaN
0	0	0	0	1.63967771152224e-09	0	NaN
0	0	0	0	1.63967402628829e-09	0	NaN
0	0	0	0	1.63969320812957e-09	0	NaN
0	0	0	0	1.63967371242096e-09	0	NaN
0	0	0	0	1.63969197423302e-09	0	NaN
0	0	0	0	1.63969204073249e-09	0	NaN
0	0	0	0	1.63969204073249e-09	0	NaN
0	0	0	0	0.000159376549085818	0	NaN
0	0	0	0	1.63968983033355e-09	0	NaN
0	0	0	0	1.63968645530098e-09	0	NaN
0	0	0	0	1.63966992684402e-09	0	NaN
0	0	0	0	1.6396760008333e-09	0	NaN
0	0	0	0	1.63966526328184e-09	0	NaN
0	0	0	0	1.63968642018272e-09	0	NaN
0	0	0	0	1.63968099766288e-09	0	NaN
0	0	0	0	1.63968582500869e-09	0	NaN
0	0	0	0	0.000270106151299731	0	NaN
0	0	0	0	1.63968766739152e-09	0	NaN
0	0	0	0	1.63969199508328e-09	0	NaN
0	0	0	0	1.63969204073249e-09	0	NaN
0	0	0	0	1.63969204073249e-09	0	NaN
0	0	0	0	1.63969204073249e-09	0	NaN
0	0	0	0	1.6396920213254e-09	0	NaN
0	0	0	0	0.000281715953568736	0	NaN
0	0	0	0	1.63969204073249e-09	0	NaN
0	0	0	0	0.00696278699607729	0	NaN
0	0	0	0	1.63969238823913e-09	0	NaN
0	0	0	0	1.63968583922991e-09	0	NaN
0	0	0	0	1.63969197153711e-09	0	NaN
0	0	0	0	1.63969204073249e-09	0	NaN
0	0	0	0	1.63969204073249e-09	0	NaN
0	0	0	0	1.63969200658657e-09	0	NaN
0	0	0	0	1.63969200658657e-09	0	NaN
0	0	0	0	1.63969204073249e-09	0	NaN
0	0	0	0	1.63969204073249e-09	0	NaN
0	0	0	0	1.63969204073249e-09	0	NaN
0	0	0	0	1.63969200658657e-09	0	NaN
0	0	0	0	1.63969200658657e-09	0	NaN
0	0	0	0	1.63969204073249e-09	0	NaN
0	0	0	0	1.63969204073249e-09	0	NaN
0	0	0	0	1.63969204073249e-09	0	NaN
0	0	0	0	1.63969200658657e-09	0	NaN
0	0	0	0	1.63969200658657e-09	0	NaN
0	0	0	0	1.63969204073249e-09	0	NaN
0	0	0	0	1.63969204073249e-09	0	NaN
0	0	0	0	0.00696278699607729	0	NaN
0	0	0	0	1.63968645552524e-09	0	NaN
0	0	0	0	1.63968702435843e-09	0	NaN
0	0	0	0	0.000167257359081147	0	NaN
0	0	0	0	1.63969191081287e-09	0	NaN
0	0	0	0	1.63969204073249e-09	0	NaN
0	0	0	0	1.63969204073249e-09	0	NaN
0	0	0	0	1.63969204073249e-09	0	NaN
0	0	0	0	0.000148003511302018	0	NaN
0	0	0	0	1.63968242451247e-09	0	NaN
0	0	0	0	1.63967804259307e-09	0	NaN
0	0	0	0	1.63985480075927e-09	0	NaN
0	0	0	0	1.63968984259927e-09	0	NaN
0	0	0	0	1.63966993377661e-09	0	NaN
0	0	0	0	1.63969187739146e-09	0	NaN
0	0	0	0	1.63968002875567e-09	0	NaN
0	0	0	0	1.63969039934581e-09	0	NaN
0	0	0	0	1.63968798930601e-09	0	NaN
0	0	0	0	0.000260851914166152	0	NaN
0	0	0	0	1.63969078785937e-09	0	NaN
0	0	0	0	1.63969190666975e-09	0	NaN
0	0	0	0	0.00696278699607729	0	NaN
0	0	0	0	0.00696278699607729	0	NaN
0	0	0	0	1.63969204073249e-09	0	NaN
0	0	0	0	1.63968845244095e-09	0	NaN
0	0	0	0	1.63967771412252e-09	0	NaN
0	0	0	0	1.63969255005825e-09	0	NaN
0	0	0	0	1.63968117172438e-09	0	NaN
0	0	0	0	1.63969182350293e-09	0	NaN
0	0	0	0	0.00696278699607729	0	NaN
0	0	0	0	1.63969204073249e-09	0	NaN
0	0	0	0	1.63969204073249e-09	0	NaN
0	0	0	0	1.63967540829312e-09	0	NaN
0	0	0	0	1.63966730499022e-09	0	NaN
0	0	0	0	1.63965935565273e-09	0	NaN
0	0	0	0	1.6396667617778e-09	0	NaN
0	0	0	0	1.6396779279362e-09	0	NaN
0	0	0	0	1.63964008141801e-09	0	NaN
0	0	0	0	1.63969122838011e-09	0	NaN
0	0	0	0	1.63968307425902e-09	0	NaN
0	0	0	0	1.63969182350293e-09	0	NaN
0	0	0	0	1.63969204073249e-09	0	NaN
0	0	0	0	1.63969204073249e-09	0	NaN
0	0	0	0	1.63969204073249e-09	0	NaN
0	0	0	0	1.63968920835055e-09	0	NaN
0	0	0	0	1.63967389415711e-09	0	NaN
0	0	0	0	1.63968179043513e-09	0	NaN
0	0	0	0	1.63965869946998e-09	0	NaN
0	0	0	0	0.000207517829760134	0	NaN
0	0	0	0	0.000181763682355117	0	NaN
0	0	0	0	1.63965870558001e-09	0	NaN
0	0	0	0	1.63966036366822e-09	0	NaN
0	0	0	0	1.63962900622791e-09	0	NaN
0	0	0	0	0.000209247127786732	0	NaN
0	0	0	0	1.6396560970772e-09	0	NaN
0	0	0	0	1.6396905438853e-09	0	NaN
0	0	0	0	1.63967289970798e-09	0	NaN
0	0	0	0	0.000147691573794255	0	NaN
0	0	0	0	1.63969204073249e-09	0	NaN
0	0	0	0	1.63969204073249e-09	0	NaN
0	0	0	0	1.63969204073249e-09	0	NaN
0	0	0	0	1.63967185818948e-09	0	NaN
0	0	0	0	1.63968058975052e-09	0	NaN
0	0	0	0	1.6396924106448e-09	0	NaN
0	0	0	0	1.63968295337688e-09	0	NaN
0	0	0	0	1.63969183196634e-09	0	NaN
0	0	0	0	0.0994351563640796	0	NaN
0	0	0	0	1.63969204073249e-09	0	NaN
0	0	0	0	1.63969204073249e-09	0	NaN
0	0	0	0	1.63966555776578e-09	0	NaN
0	0	0	0	1.6396557834987e-09	0	NaN
0	0	0	0	0.000223968047798285	0	NaN
0	0	0	0	1.63969139765487e-09	0	NaN
0	0	0	0	1.63967369986489e-09	0	NaN
0	0	0	0	1.63969340155136e-09	0	NaN
0	0	0	0	1.63966990668062e-09	0	NaN
0	0	0	0	1.63969188556836e-09	0	NaN
0	0	0	0	1.63969204073249e-09	0	NaN
0	0	0	0	1.63969204073249e-09	0	NaN
0	0	0	0	0.00696278699607729	0	NaN
0	0	0	0	1.6396901771288e-09	0	NaN
0	0	0	0	1.63968775270324e-09	0	NaN
0	0	0	0	1.63966385645267e-09	0	NaN
0	0	0	0	0.000209601805141937	0	NaN
0	0	0	0	1.63967515641141e-09	0	NaN
0	0	0	0	1.6396913333798e-09	0	NaN
0	0	0	0	1.63969202293679e-09	0	NaN
0	0	0	0	0.000174678072375599	0	NaN
0	0	0	0	1.63969195753434e-09	0	NaN
0	0	0	0	1.63969204073249e-09	0	NaN
0	0	0	0	1.63969204073249e-09	0	NaN
0	0	0	0	1.63969204073249e-09	0	NaN
0	0	0	0	1.64003811624885e-09	0	NaN
0	0	0	0	0.000623265264858225	0	NaN
0	0	0	0	1.63969200514088e-09	0	NaN
0	0	0	0	1.63969197589817e-09	0	NaN
0	0	0	0	0.0003703658288186	0	NaN
0	0	0	0	0.00696278699607729	0	NaN
0	0	0	0	1.63969204073249e-09	0	NaN
0	0	0	0	0.00696278699607729	0	NaN
0	0	0	0	0.000419181956898362	0	NaN
0	0	0	0	1.63965285854956e-09	0	NaN
0	0	0	0	1.6396703520654e-09	0	NaN
0	0	0	0	0.000158317807837669	0	NaN
0	0	0	0	1.63967498141759e-09	0	NaN
0	0	0	0	1.63968376032807e-09	0	NaN
0	0	0	0	1.63969195101633e-09	0	NaN
0	0	0	0	1.63969195101633e-09	0	NaN
0	0	0	0	0.00696278699607729	0	NaN
0	0	0	0	1.63969204073249e-09	0	NaN
0	0	0	0	1.63969204073249e-09	0	NaN
0	0	0	0	1.63967287886193e-09	0	NaN
0	0	0	0	1.63969137329803e-09	0	NaN
0	0	0	0	0.000279664728565944	0	NaN
0	0	0	0	1.63968743673889e-09	0	NaN
0	0	0	0	0.000349822831941269	0	NaN
0	0	0	0	1.63969159856974e-09	0	NaN
0	0	0	0	1.63968770803507e-09	0	NaN
0	0	0	0	1.63969188155174e-09	0	NaN
0	0	0	0	0.00696278699607729	0	NaN
0	0	0	0	0.00696278699607729	0	NaN
0	0	0	0	1.63969204073249e-09	0	NaN
0	0	0	0	0.000195908660543881	0	NaN
0	0	0	0	1.63966901988898e-09	0	NaN
0	0	0	0	0.00020560962454121	0	NaN
0	0	0	0	1.63966562471128e-09	0	NaN
0	0	0	0	1.63965614836057e-09	0	NaN
0	0	0	0	1.63969197589817e-09	0	NaN
0	0	0	0	1.63969197589817e-09	0	NaN
0	0	0	0	0.00696278699607729	0	NaN
0	0	0	0	1.63969204073249e-09	0	NaN
0	0	0	0	1.63969204073249e-09	0	NaN
0	0	0	0	1.63969204140266e-09	0	NaN
0	0	0	0	0.000187076154809462	0	NaN
0	0	0	0	1.63969204073249e-09	0	NaN
0	0	0	0	1.63969204073249e-09	0	NaN
0	0	0	0	1.63969204073249e-09	0	NaN
0	0	0	0	1.63969203476107e-09	0	NaN
0	0	0	0	1.63969203476107e-09	0	NaN
0	0	0	0	0.00696278699607729	0	NaN
0	0	0	0	1.63969204073249e-09	0	NaN
0	0	0	0	1.63969202729681e-09	0	NaN
0	0	0	0	1.63969202729681e-09	0	NaN
0	0	0	0	1.63969204073249e-09	0	NaN
0	0	0	0	1.63969204073249e-09	0	NaN
0	0	0	0	1.63969203476107e-09	0	NaN
0	0	0	0	1.63969203476107e-09	0	NaN
0	0	0	0	1.63969204073249e-09	0	NaN
0	0	0	0	1.63969204073249e-09	0	NaN
0	0	0	0	1.63969202729681e-09	0	NaN
0	0	0	0	1.63969202729681e-09	0	NaN
0	0	0	0	1.63969204073249e-09	0	NaN
0	0	0	0	0.00696278699607729	0	NaN
0	0	0	0	1.63969203476107e-09	0	NaN
0	0	0	0	1.63969203476107e-09	0	NaN
0	0	0	0	1.63969204073249e-09	0	NaN
0	0	0	0	1.63969204073249e-09	0	NaN
0	0	0	0	1.63969202729681e-09	0	NaN
0	0	0	0	1.63969202729681e-09	0	NaN
0	0	0	0	1.63969204073249e-09	0	NaN
0	0	0	0	1.63969204073249e-09	0	NaN
0	0	0	0	1.63969198960977e-09	0	NaN
0	0	0	0	1.63968849000814e-09	0	NaN
0	0	0	0	1.6396875031603e-09	0	NaN
0	0	0	0	1.63969200912919e-09	0	NaN
0	0	0	0	1.63969204073249e-09	0	NaN
0	0	0	0	1.63969204073249e-09	0	NaN
0	0	0	0	1.63969204073249e-09	0	NaN
0	0	0	0	1.63973564169213e-09	0	NaN
0	0	0	0	1.63969025147909e-09	0	NaN
0	0	0	0	1.63968403413806e-09	0	NaN
0	0	0	0	1.63969202668657e-09	0	NaN
0	0	0	0	0.00696278699607729	0	NaN
0	0	0	0	1.63969204073249e-09	0	NaN
0	0	0	0	0.00696278699607729	0	NaN
0	0	0	0	0.000115689754116397	0	NaN
0	0	0	0	1.63968946504236e-09	0	NaN
0	0	0	0	1.63969052365713e-09	0	NaN
0	0	0	0	1.63969204073249e-09	0	NaN
0	0	0	0	1.63969204073249e-09	0	NaN
0	0	0	0	1.63969204073249e-09	0	NaN
0	0	0	0	1.63968833516271e-09	0	NaN
0	0	0	0	1.63967558905692e-09	0	NaN
0	0	0	0	1.63967221792273e-09	0	NaN
0	0	0	0	0.000177869846232423	0	NaN
0	0	0	0	1.63968118330433e-09	0	NaN
0	0	0	0	1.63965862714113e-09	0	NaN
0	0	0	0	1.63968821819474e-09	0	NaN
0	0	0	0	0.000364578567962102	0	NaN
0	0	0	0	1.63968024527553e-09	0	NaN
0	0	0	0	1.6397685129868e-09	0	NaN
0	0	0	0	0.000403301546464434	0	NaN
0	0	0	0	0.000405971748423293	0	NaN
0	0	0	0	1.63969134977017e-09	0	NaN
0	0	0	0	1.63969204073249e-09	0	NaN
0	0	0	0	1.63969204073249e-09	0	NaN
0	0	0	0	1.63969204073249e-09	0	NaN
0	0	0	0	1.63968466259667e-09	0	NaN
0	0	0	0	1.63968570343743e-09	0	NaN
0	0	0	0	1.63968741107829e-09	0	NaN
0	0	0	0	1.63969124264661e-09	0	NaN
0	0	0	0	1.63969204073249e-09	0	NaN
0	0	0	0	0.0994351563640796	0	NaN
0	0	0	0	1.63969204073249e-09	0	NaN
0	0	0	0	1.63969110491648e-09	0	NaN
0	0	0	0	1.63969204073249e-09	0	NaN
0	0	0	0	1.63969204073249e-09	0	NaN
0	0	0	0	1.63969204073249e-09	0	NaN
0	0	0	0	1.63968490872634e-09	0	NaN
0	0	0	0	1.63968666148902e-09	0	NaN
0	0	0	0	1.63968597231522e-09	0	NaN
0	0	0	0	1.63968638526435e-09	0	NaN
0	0	0	0	0.000241129077369979	0	NaN
0	0	0	0	1.63969204073249e-09	0	NaN
0	0	0	0	1.30528660419686e-09	0	NaN
0	0	0	0	1.63969204073249e-09	0	NaN
0	0	0	0	0.000212593446785085	0	NaN
0	0	0	0	0.000534596501797192	0	NaN
0	0	0	0	1.63978469185088e-09	0	NaN
0	0	0	0	1.63967791194019e-09	0	NaN
0	0	0	0	0.000312897492281419	0	NaN
0	0	0	0	0.000193197426851293	0	NaN
0	0	0	0	1.63968621745962e-09	0	NaN
0	0	0	0	1.63967797856538e-09	0	NaN
0	0	0	0	1.63968515741044e-09	0	NaN
0	0	0	0	7.29090191135691e-05	0	NaN
0	0	0	0	1.63968757651933e-09	0	NaN
0	0	0	0	0.00696278699607729	0	NaN
0	0	0	0	0.00696278699607729	0	NaN
0	0	0	0	1.63969204073249e-09	0	NaN
0	0	0	0	1.63968853491118e-09	0	NaN
0	0	0	0	1.63968219558259e-09	0	NaN
0	0	0	0	1.63968259590921e-09	0	NaN
0	0	0	0	1.63969044296147e-09	0	NaN
0	0	0	0	8.49827551374974e-05	0	NaN
0	0	0	0	1.63969091584574e-09	0	NaN
0	0	0	0	1.63969202668657e-09	0	NaN
0	0	0	0	1.63969204073249e-09	0	NaN
0	0	0	0	1.63969204073249e-09	0	NaN
0	0	0	0	1.63969204073249e-09	0	NaN
0	0	0	0	1.63968460758553e-09	0	NaN
0	0	0	0	1.63968561934635e-09	0	NaN
0	0	0	0	1.63969075388151e-09	0	NaN
0	0	0	0	1.63967391244635e-09	0	NaN
0	0	0	0	1.63969199282798e-09	0	NaN
0	0	0	0	1.63969204073249e-09	0	NaN
0	0	0	0	1.63969204073249e-09	0	NaN
0	0	0	0	1.63967303405265e-09	0	NaN
0	0	0	0	0.000227863199083473	0	NaN
0	0	0	0	1.63964704980882e-09	0	NaN
0	0	0	0	1.63968495692106e-09	0	NaN
0	0	0	0	1.63968479229266e-09	0	NaN
0	0	0	0	1.63969058210786e-09	0	NaN
0	0	0	0	0.000325176664082174	0	NaN
0	0	0	0	1.63969201944158e-09	0	NaN
0	0	0	0	1.63969204073249e-09	0	NaN
0	0	0	0	0.00696278699607729	0	NaN
0	0	0	0	1.63969088031637e-09	0	NaN
0	0	0	0	1.63968683688664e-09	0	NaN
0	0	0	0	1.63969204073249e-09	0	NaN
0	0	0	0	1.63969204073249e-09	0	NaN
0	0	0	0	1.63969204073249e-09	0	NaN
0	0	0	0	0.000485988737486095	0	NaN
0	0	0	0	1.63968822580345e-09	0	NaN
0	0	0	0	1.63967728112681e-09	0	NaN
0	0	0	0	0.000262500526915376	0	NaN
0	0	0	0	0.000311216336825649	0	NaN
0	0	0	0	1.63969181946638e-09	0	NaN
0	0	0	0	1.63969181946638e-09	0	NaN
0	0	0	0	0.00696278699607729	0	NaN
0	0	0	0	1.63969204073249e-09	0	NaN
0	0	0	0	0.000376692308722189	0	NaN
0	0	0	0	1.63968156164967e-09	0	NaN
0	0	0	0	0.00014251700327517	0	NaN
0	0	0	0	1.63966089302842e-09	0	NaN
0	0	0	0	1.63966248139424e-09	0	NaN
0	0	0	0	0.00050516399641674	0	NaN
0	0	0	0	1.63967465615326e-09	0	NaN
0	0	0	0	1.63967205615164e-09	0	NaN
0	0	0	0	1.63965631475404e-09	0	NaN
0	0	0	0	1.63969181946701e-09	0	NaN
0	0	0	0	1.63969181946701e-09	0	NaN
0	0	0	0	1.63969204073249e-09	0	NaN
0	0	0	0	1.63969204073249e-09	0	NaN
0	0	0	0	0.00014521918860298	0	NaN
0	0	0	0	1.63969181946638e-09	0	NaN
0	0	0	0	1.63969204073249e-09	0	NaN
0	0	0	0	1.63969204073249e-09	0	NaN
0	0	0	0	0.000381863805391223	0	NaN
0	0	0	0	1.63968766987558e-09	0	NaN
0	0	0	0	1.63968366834282e-09	0	NaN
0	0	0	0	0.000430263776525626	0	NaN
0	0	0	0	1.63968882997045e-09	0	NaN
0	0	0	0	1.63969225259225e-09	0	NaN
0	0	0	0	1.63986254406402e-09	0	NaN
0	0	0	0	0.000273094443966389	0	NaN
0	0	0	0	1.63969204073249e-09	0	NaN
0	0	0	0	1.63969204073249e-09	0	NaN
0	0	0	0	1.63966007496208e-09	0	NaN
0	0	0	0	1.63968350866006e-09	0	NaN
0	0	0	0	1.63967998345238e-09	0	NaN
0	0	0	0	1.63967764414103e-09	0	NaN
0	0	0	0	0.000259822087520522	0	NaN
0	0	0	0	1.63965279932542e-09	0	NaN
0	0	0	0	1.63969061866143e-09	0	NaN
0	0	0	0	6.7250825876656e-05	0	NaN
0	0	0	0	1.63969204073249e-09	0	NaN
0	0	0	0	1.63969204073249e-09	0	NaN
0	0	0	0	1.63969204073249e-09	0	NaN
0	0	0	0	0.000352931537726284	0	NaN
0	0	0	0	1.6396902925365e-09	0	NaN
0	0	0	0	1.63968908863102e-09	0	NaN
0	0	0	0	1.63969289997975e-09	0	NaN
0	0	0	0	1.63967871057746e-09	0	NaN
0	0	0	0	1.63969199282798e-09	0	NaN
0	0	0	0	1.63969204073249e-09	0	NaN
0	0	0	0	0.00696278699607729	0	NaN
0	0	0	0	0.000345645249534967	0	NaN
0	0	0	0	1.63968581294036e-09	0	NaN
0	0	0	0	1.63968479409339e-09	0	NaN
0	0	0	0	1.63968592419314e-09	0	NaN
0	0	0	0	0.000151834778836815	0	NaN
0	0	0	0	0.000151834778836815	0	NaN
0	0	0	0	0.00696278699607729	0	NaN
0	0	0	0	0.00696278699607729	0	NaN
0	0	0	0	0.000151834480316867	0	NaN
0	0	0	0	1.63969185140867e-09	0	NaN
0	0	0	0	1.63969204073249e-09	0	NaN
0	0	0	0	1.63969204073249e-09	0	NaN
0	0	0	0	1.63969180480012e-09	0	NaN
0	0	0	0	1.63969180480012e-09	0	NaN
0	0	0	0	1.63969204073249e-09	0	NaN
0	0	0	0	1.63969204073249e-09	0	NaN
0	0	0	0	1.63969180480057e-09	0	NaN
0	0	0	0	1.63969180480057e-09	0	NaN
0	0	0	0	1.63969204073249e-09	0	NaN
0	0	0	0	1.63969204073249e-09	0	NaN
0	0	0	0	1.63969185140956e-09	0	NaN
0	0	0	0	1.63969185140956e-09	0	NaN
0	0	0	0	1.63969204073249e-09	0	NaN
0	0	0	0	1.63969204073249e-09	0	NaN
0	0	0	0	1.63969180480057e-09	0	NaN
0	0	0	0	1.63969180480057e-09	0	NaN
0	0	0	0	1.63969204073249e-09	0	NaN
0	0	0	0	0.00696278699607729	0	NaN
0	0	0	0	1.63969074122436e-09	0	NaN
0	0	0	0	1.639689663521e-09	0	NaN
0	0	0	0	1.63969204073249e-09	0	NaN
0	0	0	0	1.63969204073249e-09	0	NaN
0	0	0	0	1.63969204073249e-09	0	NaN
0	0	0	0	0.000355699755558225	0	NaN
0	0	0	0	1.63969011785625e-09	0	NaN
0	0	0	0	1.63968522633412e-09	0	NaN
0	0	0	0	1.63968733238784e-09	0	NaN
0	0	0	0	0.000277098126454005	0	NaN
0	0	0	0	1.63968929570386e-09	0	NaN
0	0	0	0	1.6396920202711e-09	0	NaN
0	0	0	0	1.63969204073249e-09	0	NaN
0	0	0	0	1.63969204073249e-09	0	NaN
0	0	0	0	0.000217167553185507	0	NaN
0	0	0	0	1.6396885534601e-09	0	NaN
0	0	0	0	0.000216952235595243	0	NaN
0	0	0	0	1.63969204073249e-09	0	NaN
0	0	0	0	1.63969204073249e-09	0	NaN
0	0	0	0	1.63968211265646e-09	0	NaN
0	0	0	0	1.63969018685677e-09	0	NaN
0	0	0	0	0.000288593647028316	0	NaN
0	0	0	0	1.63968847177364e-09	0	NaN
0	0	0	0	1.63967033623605e-09	0	NaN
0	0	0	0	1.63967720896732e-09	0	NaN
0	0	0	0	1.63969015107038e-09	0	NaN
0	0	0	0	1.63968642935969e-09	0	NaN
0	0	0	0	1.63965991172556e-09	0	NaN
0	0	0	0	1.6396729358239e-09	0	NaN
0	0	0	0	1.63966531403551e-09	0	NaN
0	0	0	0	1.63967302713679e-09	0	NaN
0	0	0	0	1.63967815335037e-09	0	NaN
0	0	0	0	0.000639909632685834	0	NaN
0	0	0	0	0.00045528231500387	0	NaN
0	0	0	0	1.63965677526779e-09	0	NaN
0	0	0	0	1.63965248381776e-09	0	NaN
0	0	0	0	1.63968434038463e-09	0	NaN
0	0	0	0	1.63968457116375e-09	0	NaN
0	0	0	0	1.6396765055429e-09	0	NaN
0	0	0	0	0.000271728589394268	0	NaN
0	0	0	0	1.63968167234245e-09	0	NaN
0	0	0	0	1.63968560436519e-09	0	NaN
0	0	0	0	1.63968246325518e-09	0	NaN
0	0	0	0	1.63968384946285e-09	0	NaN
0	0	0	0	1.63967957421383e-09	0	NaN
0	0	0	0	0.00029391453388973	0	NaN
0	0	0	0	1.63966941776039e-09	0	NaN
0	0	0	0	1.6396911387062e-09	0	NaN
0	0	0	0	1.63968877620677e-09	0	NaN
0	0	0	0	1.63969204073249e-09	0	NaN
0	0	0	0	0.00696278699607729	0	NaN
0	0	0	0	1.63969204073249e-09	0	NaN
0	0	0	0	5.2276130963267e-09	0	NaN
0	0	0	0	1.63969017224171e-09	0	NaN
0	0	0	0	0.000197300129829465	0	NaN
0	0	0	0	0.000211984231297553	0	NaN
0	0	0	0	1.63967049987785e-09	0	NaN
0	0	0	0	1.63969121441829e-09	0	NaN
0	0	0	0	1.63968014454605e-09	0	NaN
0	0	0	0	1.6396920202711e-09	0	NaN
0	0	0	0	1.63969204073249e-09	0	NaN
0	0	0	0	1.63969204073249e-09	0	NaN
0	0	0	0	1.63968582685974e-09	0	NaN
0	0	0	0	1.63968909604719e-09	0	NaN
0	0	0	0	1.63969084799727e-09	0	NaN
0	0	0	0	1.63967517106205e-09	0	NaN
0	0	0	0	1.63969199469439e-09	0	NaN
0	0	0	0	2.11710792636242e-09	0	NaN
0	0	0	0	1.63969204073249e-09	0	NaN
0	0	0	0	4.3712599762104e-05	0	NaN
0	0	0	0	0.000584266431040348	0	NaN
0	0	0	0	1.63969243336403e-09	0	NaN
0	0	0	0	1.63968572829266e-09	0	NaN
0	0	0	0	1.63969200651497e-09	0	NaN
0	0	0	0	0.00696278699607729	0	NaN
0	0	0	0	0.00696278699607729	0	NaN
0	0	0	0	1.63968926116086e-09	0	NaN
0	0	0	0	1.63968831443886e-09	0	NaN
0	0	0	0	1.63968410243849e-09	0	NaN
0	0	0	0	1.63968235329752e-09	0	NaN
0	0	0	0	1.63969117360056e-09	0	NaN
0	0	0	0	0.00036726031189917	0	NaN
0	0	0	0	1.63969204073249e-09	0	NaN
0	0	0	0	1.63969204073249e-09	0	NaN
0	0	0	0	1.63969204073249e-09	0	NaN
0	0	0	0	1.63969236981142e-09	0	NaN
0	0	0	0	0.000159981116654693	0	NaN
0	0	0	0	1.6396920255247e-09	0	NaN
0	0	0	0	1.63969204073249e-09	0	NaN
0	0	0	0	1.63969204073249e-09	0	NaN
0	0	0	0	1.63968979226856e-09	0	NaN
0	0	0	0	1.63968847993753e-09	0	NaN
0	0	0	0	1.63969083856218e-09	0	NaN
0	0	0	0	1.63968946581077e-09	0	NaN
0	0	0	0	1.63969204073249e-09	0	NaN
0	0	0	0	1.63969204073249e-09	0	NaN
0	0	0	0	1.63969204073249e-09	0	NaN
0	0	0	0	0.000377259592621383	0	NaN
0	0	0	0	1.63969055345584e-09	0	NaN
0	0	0	0	1.63968856612393e-09	0	NaN
0	0	0	0	1.63969204073249e-09	0	NaN
0	0	0	0	1.63969204073249e-09	0	NaN
0	0	0	0	0.00696278699607729	0	NaN
0	0	0	0	1.63969138417532e-09	0	NaN
0	0	0	0	1.63968982859075e-09	0	NaN
0	0	0	0	1.63968676528611e-09	0	NaN
0	0	0	0	1.6396920202236e-09	0	NaN
0	0	0	0	0.00696278699607729	0	NaN
0	0	0	0	1.63969204073249e-09	0	NaN
0	0	0	0	1.63969204073249e-09	0	NaN
0	0	0	0	1.63968920591075e-09	0	NaN
0	0	0	0	1.6396871813918e-09	0	NaN
0	0	0	0	1.63968340119122e-09	0	NaN
0	0	0	0	1.63967810800036e-09	0	NaN
0	0	0	0	1.63966327231998e-09	0	NaN
0	0	0	0	1.63967919840426e-09	0	NaN
0	0	0	0	1.63968179697866e-09	0	NaN
0	0	0	0	1.63968623306822e-09	0	NaN
0	0	0	0	0.000322688426082339	0	NaN
0	0	0	0	1.63969203245654e-09	0	NaN
0	0	0	0	1.63969203245654e-09	0	NaN
0	0	0	0	1.63969204073249e-09	0	NaN
0	0	0	0	1.63969204073249e-09	0	NaN
0	0	0	0	1.63969202211162e-09	0	NaN
0	0	0	0	1.63969202211162e-09	0	NaN
0	0	0	0	1.63969204073249e-09	0	NaN
0	0	0	0	1.63969204073249e-09	0	NaN
0	0	0	0	1.63969070390448e-09	0	NaN
0	0	0	0	1.63969204073249e-09	0	NaN
0	0	0	0	1.63969204073249e-09	0	NaN
0	0	0	0	1.63969204073249e-09	0	NaN
0	0	0	0	1.63968947746894e-09	0	NaN
0	0	0	0	1.63969121596478e-09	0	NaN
0	0	0	0	1.63968850571892e-09	0	NaN
0	0	0	0	1.63969005836651e-09	0	NaN
0	0	0	0	1.63967606345806e-09	0	NaN
0	0	0	0	1.63968982453971e-09	0	NaN
0	0	0	0	1.63969031867266e-09	0	NaN
0	0	0	0	1.63969105244995e-09	0	NaN
0	0	0	0	1.63968329542022e-09	0	NaN
0	0	0	0	1.63968690703658e-09	0	NaN
0	0	0	0	1.63967708011629e-09	0	NaN
0	0	0	0	0.000294789089086326	0	NaN
0	0	0	0	1.63969149651512e-09	0	NaN
0	0	0	0	0.000453134740785219	0	NaN
0	0	0	0	1.63968062805183e-09	0	NaN
0	0	0	0	1.63963517722229e-09	0	NaN
0	0	0	0	0.000259834547795582	0	NaN
0	0	0	0	1.63967722718879e-09	0	NaN
0	0	0	0	1.63969203245654e-09	0	NaN
0	0	0	0	1.63969203245654e-09	0	NaN
0	0	0	0	1.63969204073249e-09	0	NaN
0	0	0	0	0.00696278699607729	0	NaN
0	0	0	0	1.63969089410093e-09	0	NaN
0	0	0	0	1.63969204073249e-09	0	NaN
1	0.99296875	1	1	0.999997302910919	0	NaN
0	0	0	0	0.00696278699607729	0	NaN
0	0	0	0	1.63968369468791e-09	0	NaN
0	0	0	0	1.63968170354695e-09	0	NaN
0	0	0	0	1.63968885293421e-09	0	NaN
0	0	0	0	0.000285707239624323	0	NaN
0	0	0	0	1.63969202211162e-09	0	NaN
0	0	0	0	1.63969204073249e-09	0	NaN
0	0	0	0	0.0994351563640796	0	NaN
0	0	0	0	1.63969067418263e-09	0	NaN
0	0	0	0	1.63968918746219e-09	0	NaN
0	0	0	0	1.63968932068893e-09	0	NaN
0	0	0	0	1.63969176335707e-09	0	NaN
0	0	0	0	1.63968982630615e-09	0	NaN
0	0	0	0	1.63968721294041e-09	0	NaN
0	0	0	0	2.40405184226226e-08	0	NaN
0	0	0	0	0.000570368422481841	0	NaN
0	0	0	0	0.000209908870228793	0	NaN
0	0	0	0	1.63966676113343e-09	0	NaN
0	0	0	0	1.63965892085328e-09	0	NaN
0	0	0	0	8.28504106947632e-05	0	NaN
0	0	0	0	0.00696278699607729	0	NaN
0	0	0	0	1.63969204073249e-09	0	NaN
0	0	0	0	1.63969204073249e-09	0	NaN
0	0	0	0	1.63969135532594e-09	0	NaN
0	0	0	0	1.63969094547186e-09	0	NaN
0	0	0	0	0.00696278699607729	0	NaN
0	0	0	0	1.63969204073249e-09	0	NaN
0	0	0	0	1.63969204073249e-09	0	NaN
0	0	0	0	9.27759918854152e-05	0	NaN
0	0	0	0	1.63969127182232e-09	0	NaN
0	0	0	0	1.63968896178462e-09	0	NaN
0	0	0	0	1.63969204073249e-09	0	NaN
0	0	0	0	0.00696278699607729	0	NaN
0	0	0	0	1.63969204073249e-09	0	NaN
0	0	0	0	1.639691865229e-09	0	NaN
0	0	0	0	1.63968991980065e-09	0	NaN
0	0	0	0	1.63969200651497e-09	0	NaN
0	0	0	0	1.63969204073249e-09	0	NaN
0	0	0	0	1.63969204073249e-09	0	NaN
0	0	0	0	8.27586827535752e-05	0	NaN
0	0	0	0	1.63969132251601e-09	0	NaN
0	0	0	0	8.26762818185411e-05	0	NaN
0	0	0	0	1.63969171219293e-09	0	NaN
0	0	0	0	1.63968915919187e-09	0	NaN
0	0	0	0	1.63969205539025e-09	0	NaN
0	0	0	0	0.000367260233106051	0	NaN
0	0	0	0	1.63969204073249e-09	0	NaN
0	0	0	0	0.00696278699607729	0	NaN
0	0	0	0	1.63969204073249e-09	0	NaN
0	0	0	0	1.63969053068467e-09	0	NaN
0	0	0	0	1.63969149313804e-09	0	NaN
0	0	0	0	1.63968566636957e-09	0	NaN
0	0	0	0	1.63968488727531e-09	0	NaN
0	0	0	0	1.63968085724517e-09	0	NaN
0	0	0	0	1.63967748311286e-09	0	NaN
0	0	0	0	1.63969226980714e-09	0	NaN
0	0	0	0	1.63969202022359e-09	0	NaN
0	0	0	0	1.63969204073249e-09	0	NaN
0	0	0	0	1.63969204073249e-09	0	NaN
0	0	0	0	1.63969204073249e-09	0	NaN
0	0	0	0	1.63969147851842e-09	0	NaN
0	0	0	0	1.63968609982315e-09	0	NaN
0	0	0	0	0.000150021707904282	0	NaN
0	0	0	0	1.63968747498725e-09	0	NaN
0	0	0	0	1.63968428757821e-09	0	NaN
0	0	0	0	0.000379690154815713	0	NaN
0	0	0	0	1.63969203245654e-09	0	NaN
0	0	0	0	1.63969204073249e-09	0	NaN
0	0	0	0	1.63969204073249e-09	0	NaN
0	0	0	0	1.63969202211162e-09	0	NaN
0	0	0	0	0.000285707239624323	0	NaN
0	0	0	0	0.00696278699607729	0	NaN
0	0	0	0	1.63969204073249e-09	0	NaN
0	0	0	0	0.000283081172650958	0	NaN
0	0	0	0	0.000305684469915261	0	NaN
0	0	0	0	1.63968630592117e-09	0	NaN
0	0	0	0	0.000394879892456946	0	NaN
0	0	0	0	1.63968098262112e-09	0	NaN
0	0	0	0	1.63969039339976e-09	0	NaN
0	0	0	0	1.63967341929327e-09	0	NaN
0	0	0	0	1.6396919030607e-09	0	NaN
0	0	0	0	1.63982247844807e-09	0	NaN
0	0	0	0	1.6396920255247e-09	0	NaN
0	0	0	0	0.00696278699607729	0	NaN
0	0	0	0	1.63969204073249e-09	0	NaN
