FW_Default	FW_LBM	FW_QBM	FW_NM	Direct	interior-point-convex	active-set
0	7.30826357796273e-05	0.0072124758394469	0.00721247583944684	3.58981465646497e-13	-6.8306252477247e-21	9.45803084738471e-11
0	0	0	0	3.74725645158267e-13	-1.23345527944257e-17	-2.80923839685505e-11
0	0	0	0	3.65050360083463e-13	-4.98037119464525e-16	8.03340797780306e-12
0	0	0	0	3.62479108994322e-13	3.11410195508171e-16	1.88727499242268e-08
0.106435564435564	0.423739990271449	0.00340873705705516	0.00340873705705513	3.41262400849812e-13	8.41099121024532e-18	1.16994730212745e-08
0.002	0.00648180023797273	2.0255898379785e-05	2.02558983797448e-05	5.20708001786508e-06	5.20728330171636e-06	-5.78156352058961e-12
0	0	0	0	3.59024995291548e-13	1.33029130916583e-17	1.26944507779742e-09
0	0	0	0	3.59483484668209e-13	-2.61858956577381e-19	-1.28897720569042e-08
0	0	0	0	3.59666045324418e-13	-1.12449174652236e-19	1.41378404009125e-09
0	0	0	0	3.7199442095936e-13	5.42354773183026e-18	2.29900336115039e-11
0	4.71312014905411e-07	0	0	3.89650316034628e-13	-1.24416500944749e-18	-2.50853964450389e-11
0.00203796203796204	0.00157374002527107	0.0072124758394469	0.00721247583944684	0.00118597834553162	0.00118597996908667	1.63081045099758e-09
0	0	0	0	3.62215053188788e-13	1.18324388214901e-17	4.09412420155455e-11
3.996003996004e-06	0.000877490960571859	9.19701310937512e-07	9.19701310937143e-07	1.56742523576704e-06	1.56657016493056e-06	-2.50505078703922e-11
0.000693306693306691	0.00300315377504944	0	0	4.76785442635809e-12	2.82358532008567e-17	1.95425564503028e-09
0	0	0	0	3.59159625757902e-13	-1.37796193106202e-18	6.40234270088151e-11
5.994005994006e-06	0.000888217922839614	6.98106298124369e-07	6.98106298124196e-07	1.65637808301054e-06	1.65581888220038e-06	-2.50864277881092e-11
0.00250749250749251	1.2363171634793e-05	0	0	0.0011768878389665	0.00117688884477175	2.24456829857712e-09
0	0	0	0	3.58981465646555e-13	6.23332532725027e-18	-3.8287252508379e-11
0	0	0	0	3.74725645158322e-13	8.14649481772348e-18	-2.80928331760461e-11
0	0	0	0	3.51133205166714e-13	-4.69562231844967e-18	2.06826543247724e-11
0.000509490509490509	0.000257138425252812	0.00221410592057017	0.0022141059205702	0.000601114240845079	0.00060111487667779	1.11932267074979e-10
0	0	0	0	3.59134067154904e-13	-2.84417647691324e-17	-5.85654248400354e-09
0	0	0	0	3.70826273784226e-13	-1.3238252776806e-17	7.00552553898352e-12
0	0	0	0	3.60174366695453e-13	2.02372918712076e-17	-4.24051899085002e-10
0	0	0	0	3.79331664383194e-13	-4.23519363494131e-17	-4.35382942327109e-09
0	0	0	0	3.578124051205e-13	-1.37783350779649e-17	1.62073657112629e-09
0	0	0.218506682567718	0.218506682567718	0.222409083946251	0.22240908382803	-2.80711856205349e-11
0	0	0	0	3.53390297116823e-13	-7.49911355442992e-19	-4.9453372226528e-09
0	0	0	0	3.45014490717701e-13	4.17908695766073e-18	1.34099884922291e-09
0	0	0	0	3.48316255291878e-13	3.46196173106909e-18	3.23501440559441e-11
0	0	0	0	1.07834585209687e-12	-1.05308565966431e-18	-4.43761574915832e-09
0	0	0	0	3.52118483251139e-13	-3.20994576566989e-17	1.40477919241824e-09
0	0	0	0	3.71587534916722e-13	1.88649544050759e-17	-1.53206134935783e-10
0.171668331668332	0.477278330262041	0.144800840123925	0.144800840123925	0.141766950038022	0.141766950959097	-5.84577597697958e-09
0	0	0	0	3.49776304564164e-13	-4.22249187258447e-17	1.78641527776838e-11
0	0	0	0	3.59005719144239e-13	1.83896129278427e-18	9.79372364243288e-10
0.0202217782217782	0	0	0	3.55859734223215e-13	1.18896416613869e-16	-1.47778085216304e-08
0.00149450549450549	0	0	0	3.68741443102984e-13	-4.18425910719796e-17	2.22742815968006e-11
0.0020979020979021	0.000215785216690001	0.00224761021172191	0.00224761021172188	0.000755807551276874	0.000755808355987544	-6.06841677116575e-09
0.0203556443556444	0.00964588857215783	0.000224429864525706	0.000224429864525704	3.48342589991836e-13	-3.19608635691982e-16	-1.49878221690777e-08
0	0	0	0	3.52125297648484e-13	-1.24518313991182e-17	1.43520035804925e-09
0	0	0	0	3.59037389618815e-13	4.83124961470431e-17	-5.71389908759347e-08
0	0	0	0	3.58646291784083e-13	-1.00120220312905e-17	3.36499459149644e-09
0	0	0	0	3.58981466229233e-13	3.01674922830645e-17	2.19237932268902e-09
0	0	0	0	3.6035743807362e-13	-7.53273116470426e-17	8.44883325897077e-10
0.0501078921078922	0.085612418915503	0.000232419438003715	0.000232419438003713	3.45499778197439e-13	6.66044057998407e-17	-1.5059362100519e-08
0	0	0	0	3.7858028904968e-13	1.10104201215928e-16	3.79017917904908e-09
0	0	0	0	3.58981466247327e-13	2.75476519669141e-18	5.23707494074618e-08
0	0	0	0	3.58981466018444e-13	1.00516625426319e-17	4.94028119519109e-10
0	0	0	0	3.58981466229808e-13	1.66451074387636e-17	-2.44591057012289e-10
0	0	0	0	3.58903110711581e-13	-1.04751060989815e-18	2.94180601834469e-09
0.0205654345654346	0.0101134787180728	0.000254083220968984	0.000254083220968984	3.47990020792313e-13	-8.5699276530685e-18	-1.49976616309246e-08
0	0	0	0	3.57117017975167e-13	-3.18492847239489e-17	3.25311025858154e-09
0	0	0	0	3.60218610365274e-13	9.52090139679801e-18	-5.72943394027369e-10
0.0323016983016983	0.0168875161270552	0.000652214374625235	0.000652214374625308	0.000470875388570323	0.000470875054343026	-1.48843597633615e-08
0.00126673326673327	0	0	0	2.0709559265435e-07	9.29388970319566e-08	1.18574799509629e-10
0	0	0	0	3.64465438613617e-13	7.07045386636842e-18	4.84223927859608e-11
0	0	0	0	3.53227957941575e-13	-1.3901935978437e-17	-3.72544480076916e-09
0.00107492507492508	0	0	0	3.65052376968598e-13	-1.70655632026355e-17	3.9886282729681e-11
0	0	0	0	3.58988178252921e-13	-1.24442176921001e-17	-3.12312524589345e-10
0	0	0	0	3.53312781463477e-13	-5.65598256821386e-18	-1.12943534407875e-11
0.00154845154845155	0.00504626660670444	0.00549359179522188	0.00549359179522179	0.00167883605993241	0.00167883838796612	4.49991863020391e-10
0.00205394605394605	0.00341465760424232	0.00316340171395481	0.00316340171395484	0.000979218446893725	0.000979219488978672	-2.15249325368905e-10
0	0	0	0	3.53218607540185e-13	-5.0388760047426e-17	-4.44630026971385e-09
0	0	0	0	3.58524477696733e-13	3.99545212953193e-17	3.80586761010592e-09
0	0	0	0	3.58995591252049e-13	-3.3989213331252e-18	3.30173791036035e-09
0	0	0	0	3.5914030323101e-13	1.64019012905789e-17	-2.45659034412345e-11
0	0	0	0	3.5891076053553e-13	-1.34451702920827e-17	-1.19715038486814e-08
0.00224775224775225	0.0103034436873181	0.00189281525375034	0.00189281525375032	0.000677886049216613	0.000677886768123016	-6.35458812523449e-11
0	0	0	0	3.59145332173423e-13	-3.58005941567517e-17	-4.09845709375009e-09
0	0	0	0	3.54892859845271e-13	-8.02514727787045e-18	2.33882914896665e-10
0.00894305694305695	0.00614599510848574	0.00742870448933286	0.00742870448933285	0.00671487787472731	0.0067148782519306	8.60903938348542e-11
0	0	0	0	3.57276351504702e-13	-4.99714419723338e-17	-3.94484997232966e-09
0.00113886113886114	7.66894693220369e-05	6.76838782398282e-06	6.76838782398266e-06	4.0276046552327e-13	2.79486790044748e-17	4.50180401500688e-11
0	0	0	0	3.59052696760494e-13	-7.40946489525496e-20	-3.62805826958329e-10
0	0	0	0	3.57291576789438e-13	-1.51276002555318e-17	3.07072332724387e-10
0	0	0	0	3.57731252253857e-13	-1.48903125786579e-17	7.30072810553867e-10
0	0	0	0	3.58987475312781e-13	-2.44121822659719e-17	1.93619916361078e-09
0	0	0	0	3.33164439790324e-13	-1.20270101489951e-17	-4.86173999062874e-09
8.7912087912088e-05	0.0108859003019765	0.000140143255937175	0.000140143255937174	3.56277447692816e-13	9.46795342850876e-18	3.83235530767397e-09
0	0	0	0	3.58721349612065e-13	-8.69147758549635e-18	-2.8424648024332e-08
0	0	0	0	3.57325874918695e-13	-3.16234776972919e-18	1.69171122975625e-09
0	0	0	0	3.58925307327165e-13	9.16918278482499e-19	1.06237963218389e-07
0.000441558441558442	0.000298538432838457	0.00077408971858751	0.000774089718587516	0.000450387489452488	0.000450387963589257	-4.07060778114158e-11
0.00043956043956044	1.22859018120756e-05	0.00482325810673086	0.00482325810673086	0.00160887254016319	0.00160887431020001	-3.70201431759395e-09
0	0	0	0	3.54900335062027e-13	-1.01257527457352e-17	3.03078993407678e-10
0	0	0	0	3.58981465639809e-13	-7.11231700401214e-17	4.84862534595829e-09
0.011036963036963	0	0.000393035847686465	0.000393035847686461	3.6662092575069e-13	2.16718827784364e-17	-1.13067241888546e-08
0.00152247752247752	0	2.69265045093944e-06	2.69265045093979e-06	3.70299207746688e-13	-5.25089978193401e-17	3.19990394186095e-11
0	0	0	0	3.58981466233391e-13	-4.07077634467574e-17	2.18473375184996e-08
0.0116423576423576	0.00106449185692421	0.000221664253459626	0.000221664253459625	3.62301779432022e-13	5.11803057164155e-17	-1.17488097026848e-08
0	0	0	0	3.59015437138315e-13	-1.02203525798583e-17	-2.15335624274425e-09
0	0	0	0	3.62953123007448e-13	-1.32003915634238e-18	5.42308550036773e-08
0	0	0	0	3.63393345783342e-13	-2.25376330975923e-18	2.2229537231062e-08
0	0	0	0	3.26580050959588e-13	2.46027573511862e-18	3.70434994925029e-10
0	0	0	0	3.59319673781006e-13	4.39435849078791e-18	2.57917400539957e-08
0.00658341658341658	0.00209215188473133	0.000220815117555067	0.000220815117555064	3.62670270220179e-13	5.78463120731254e-17	-1.23135438491553e-08
0.00165434565434565	0	0	0	3.58774078451909e-13	-5.87238812136406e-18	3.53146421802998e-09
0	0	0	0	3.59427688242011e-13	-1.05348057613017e-16	-2.77116202859914e-09
0	0	0.000747839632268331	0.000747839632268342	0.000166247930947435	0.000166248450355073	7.32998313840939e-09
0	0	0	0	3.58947769584691e-13	7.98543855310332e-17	-2.80101897559066e-07
0	0	0	0	3.5986980752953e-13	-2.14063877621706e-17	1.03081377360776e-07
0	0	0	0	3.57334604027758e-13	2.51027082568266e-17	9.23183132208801e-09
0	0	0	0	3.58977755899131e-13	-4.37094086984422e-17	-8.33236638852032e-07
0	0	0	0	3.58981465869771e-13	2.28075776614724e-17	4.74399285930275e-10
0.00648151848151848	0	0.00030776203204929	0.000307762032049288	3.62410314419178e-13	3.80243802971665e-18	-1.23500429895149e-08
1.7982017982018e-05	0	0	0	3.4773515048045e-13	2.65542473400403e-17	1.42870738125096e-10
0	0	0	0	3.58616110646068e-13	1.33552977443862e-17	4.15797928391018e-10
0	0	0	0	3.57339283973716e-13	-1.4205815580814e-16	-4.64194034128874e-09
0	6.33047614072236e-05	0	0	3.74205883556524e-13	1.75996591478648e-16	1.22218166395815e-11
0	0	0	0	5.99540454656579e-13	-3.49570287404491e-17	-3.30446495877526e-08
0.00193606393606394	0.00140211659155527	0.00308840585018985	0.00308840585018998	0.00110288101516301	0.00110288210966655	-6.24972699348604e-09
0	0	0	0	3.7779079271978e-13	-2.918607485452e-17	3.24333753176309e-09
0	0	0	0	3.59347566635322e-13	1.49473609185618e-16	-1.06742276400569e-07
0	0	0	0	3.57728142303244e-13	-2.75994382732787e-17	3.5658125350831e-09
0.0376443556443556	0.019872084813276	0.0373382036695251	0.0373382036695251	0.037231363002713	0.0372313618974904	3.26933984565701e-09
0	0	0	0	3.5898146624304e-13	1.47661862173472e-16	-5.19344981585526e-09
0	0	0	0	3.58996677905746e-13	-4.5010198943757e-18	-4.60378710862788e-08
0	0	0	0	3.71341746572921e-13	8.21153521891174e-17	3.25228313234033e-09
0	0	0	0	3.59077977055367e-13	1.43992192778117e-16	9.87084330908653e-09
0	0	0	0	3.58099513203387e-13	-1.56051420464531e-16	5.72706723604904e-09
0	0	0	0	3.57627687977902e-13	-3.53908087547129e-17	3.07830263479331e-08
0	0	0	0	3.58981466015316e-13	9.63701044167068e-18	4.02169174684189e-11
0	0	0	0	3.51421805448853e-13	3.29462919991696e-17	-6.21948124529391e-09
0	0	0	0	3.5120148865642e-13	-1.00476300255314e-17	1.1929424659288e-10
0	0	0	0	3.58981465858255e-13	3.73218978398784e-17	6.23328196108225e-10
0	0	0	0	3.53093551456954e-13	1.57444251103957e-17	-1.5875830772159e-09
0	0.000616352075516562	0	0	3.74200681817497e-13	-3.87306011301283e-17	1.33189243678273e-11
0	0	0	0	3.58576767733725e-13	8.85817968725758e-17	-1.00033450677259e-08
0	0	0	0	3.55185378989094e-13	8.99806146800457e-17	-1.46250102593575e-08
0	0	0	0	3.58993951705713e-13	3.01877519148706e-17	1.66774301238013e-09
0	0	0	0	3.56106536864471e-13	7.00088476486049e-18	5.48748595204173e-08
0.00162037962037962	0.00164876068374242	0.00284229674380492	0.00284229674380492	0.00122177597310618	0.0012217772504121	8.83755699058831e-08
0	0	0	0	3.31585786658956e-13	7.09073653543328e-18	-2.36616802156314e-10
0	0	0	0	3.59178348681663e-13	-1.7470614927266e-16	5.11034252647098e-10
0	0	0	0	3.58223297286186e-13	-1.78977178030447e-17	-1.02240349364572e-06
0	0	0	0	3.15235861183768e-13	2.25192862480559e-16	1.11136672553411e-09
0	0	0.00558606082128225	0.00558606082128218	0.015724322540075	0.0157243228865065	-4.19248187841681e-08
0.00253746253746254	0.00154973638750869	0.00220040094360102	0.00220040094360109	0.0014380724567288	0.00143807396197537	1.03756475276359e-07
0	0	0	0	3.5897778953413e-13	1.04138203961935e-19	-9.58736139468539e-10
0	0	0	0	3.59201631681842e-13	-5.37392727336468e-17	4.30131046256125e-10
0	0	0	0	3.56518647405581e-13	1.90874048070284e-18	-1.95997955947743e-08
0	0	0	0	3.47538552842163e-13	-7.53238490679217e-17	1.23932657653497e-10
0	0	0	0	3.60592390677689e-13	-6.94236948338183e-17	1.97950373770929e-09
0	0	0	0	3.58709712891649e-13	-4.23004775225932e-18	-6.45630341412709e-09
0	0	0	0	3.59132153280334e-13	-8.93250938275014e-19	2.12425955942173e-09
0	0	0	0	3.65373325958691e-13	1.02627486855902e-17	-2.81093018764303e-10
0	0	0	0	3.291632510199e-13	4.04710333857114e-18	-4.90995791006246e-09
0	0	0	0	3.580034110371e-13	7.27269693236035e-18	2.41526905983668e-09
0	0	0	0	3.58981466316045e-13	-2.71232740953288e-17	-3.52375228415146e-09
0	0	0	0	3.57423004973919e-13	4.31227810719837e-17	6.02576996844008e-10
0	0	0	0	3.59511057313391e-13	4.84673326252025e-17	2.71204862157827e-09
0	0	0	0	3.58862633812602e-13	-1.30184039989802e-17	4.32856696314602e-10
0	0	0	0	3.58709712878751e-13	-1.27324921550432e-16	-4.17140067520152e-08
0.00283516483516484	0.0016174987959832	0.00277688905287519	0.00277688905287521	0.00138366047817083	0.00138366190296279	2.4988010524642e-09
0	0	0	0	3.65697598582134e-13	2.64726522567999e-16	-1.93330108575009e-09
0	0	0	0	3.59267239575422e-13	-1.95376957409997e-17	8.10699205738041e-09
0	0	0	0	3.58397493988344e-13	8.08066621419309e-17	1.96740437793932e-09
0.00209190809190809	0.00244436144745134	0.00492952326335952	0.00492952326335947	0.00111848200022868	0.0011184831956419	3.18475861260783e-10
0	0	0	0	3.54563993253436e-13	2.63935020148654e-17	-3.89574844248245e-08
3.59640359640359e-05	0.000269207309774368	9.88581731246353e-06	9.88581731246327e-06	3.59659663236891e-07	2.6314867460067e-07	7.76111100803275e-11
0	0	0	0	3.58981466299472e-13	1.55657460805695e-17	9.93759818880682e-10
0	0	0	0	3.57591067348953e-13	1.19592854057255e-16	-9.30155573692876e-09
0	0	0	0	3.59228277922827e-13	-6.56090948143777e-17	-3.09105896286019e-09
0	0	0	0	3.5898187582372e-13	-1.95301711945817e-18	4.87149979602319e-09
0	0	0	0	3.58657820789773e-13	1.26003889785843e-16	6.74003355521966e-08
0	0	0	0	3.57285671124097e-13	1.0336789712201e-16	3.5357203092255e-09
0	0	0	0	3.58981466310649e-13	-3.79870425508695e-18	-4.87690516573553e-09
0	0	0	0	3.56281557171113e-13	2.12289679076503e-17	-7.32203533966822e-07
0	0	0	0	3.47633585410571e-13	1.84324863913313e-17	1.3545520387989e-10
0	0	0	0	3.65609001644292e-13	9.17475117802843e-17	1.44497825865751e-09
0.0226953046953047	0.0204230318987042	0.00267347156328806	0.00267347156328803	0.00120261168665565	0.00120261746932974	-5.89220225209648e-09
0	0	0	0	3.49039749892703e-13	-2.35337405807013e-17	7.84286790907804e-11
0.00305294705294705	0.00576667197209526	0.00320047551427314	0.00320047551427313	0.00146395224115159	0.00146395380417784	3.27517577770219e-07
0.0134685314685315	0.00698238469372619	0.000275384122492067	0.000275384122492066	6.19674535819059e-13	9.42752986139122e-17	-1.17070394710713e-08
0	0	0	0	3.58965737797087e-13	-9.10816438727974e-17	-4.2584159140647e-09
0	0	0	0	3.62942731871167e-13	-1.54507338359966e-16	-3.19979785353302e-09
0.0102357642357642	0.0316676857964393	0.000208397059884314	0.000208397059884312	1.91123705101995e-06	1.90620139447813e-06	-1.18835114814159e-08
0	0	0	0	3.58996808588521e-13	6.71762705181018e-17	-1.54054675193704e-07
0	0	0	0	3.60757125908593e-13	-8.4209876743525e-18	8.97820455348167e-08
0	0	0	0	3.1435895817566e-13	-6.23576510201273e-18	3.08983341340918e-07
1.998001998002e-06	4.59639218739795e-07	5.62342779636306e-07	5.62342779636379e-07	3.49879880983224e-13	-9.37604716852821e-18	-5.75589048039683e-10
0.00735664335664336	0.00248709160553565	0.00449207304353634	0.00449207304353656	0.00737345382438663	0.00737346173893363	5.70619043577278e-11
0	0	0	0	3.57319148407943e-13	7.29345132944597e-18	-7.09174882009945e-09
0.00215784215784216	0	0	0	0.00247483522205986	0.00247483756543984	1.51789692923334e-09
0	0	0	0	3.59993441928879e-13	-3.68315085417311e-17	8.50611993223253e-10
0	0	0	0	3.5889253434894e-13	-6.13837222170726e-17	-1.13484026352234e-08
0	0	0	0	3.58925745368549e-13	6.73191206157268e-17	8.81324442605663e-10
0	0	0	0	3.5693186061053e-13	-1.23689230722331e-17	1.97820621590651e-09
0.00352847152847152	0.00197667412941196	0.00881876042156842	0.00881876042156837	0.00315835997954075	0.00315836352334119	1.85156554589824e-09
0	0	0	0	3.71826385148336e-13	2.94800962875713e-17	3.20267671688735e-10
0.00648951048951049	1.10407997951498e-05	0.00813834564391905	0.008138345643919	0.00203766557935001	0.00203766720282265	-8.12385401879293e-09
0	0	0	0	2.64465835326568e-13	4.44007544786724e-17	2.14500391984649e-09
0	0	0	0	3.5678271269919e-13	2.09229396660531e-17	1.7403266146369e-09
0	0	0	0	3.59519250862521e-13	-5.91677373767187e-18	6.35708072661967e-10
0	0	0	0	3.57317512187274e-13	-7.37724944651801e-17	-7.10156759783895e-09
0.00185414585414586	0.00221198021866119	0.00379876383743659	0.00379876383743659	0.0024360171316007	0.00243601997888042	2.71321139808666e-09
0	0	0	0	3.59403121466184e-13	-9.05159050433007e-17	-5.13886717260899e-10
0	0	0	0	3.58873484216953e-13	-1.33114442289744e-17	-1.288465261909e-08
0.00354445554445554	0.0042215263201245	0.00904035613327596	0.00904035613327587	0.00289370091057005	0.00289370441172678	3.64929801666673e-09
0	0	0	0	3.59274838300541e-13	-6.43600340285006e-18	9.25629861801366e-10
0	0	0	0	3.59274838297303e-13	6.89357172652049e-17	2.27090189510058e-10
0	0	0	0	3.59081398341457e-13	3.34206373821394e-17	1.98288908246825e-09
0	0	0	0	3.65367242958658e-13	-2.26936401223606e-17	-8.7452213480279e-10
0	0	0	0	4.59658810234199e-13	1.42106581178738e-16	-5.60173941807975e-09
0.000525474525474525	6.9321527661207e-05	0	0	1.82502461837712e-11	3.4758586614974e-17	1.49425846635562e-09
0.0011968031968032	0.0051467681692955	0.0044339762236504	0.00443397622365038	0.00322899158793941	0.00322899788746911	5.02053970111299e-10
0	0	0	0	3.58997619077488e-13	-6.94619644042434e-17	2.13663939823096e-09
0.794765234765234	0.500245849896115	0.85440802305889	0.854408023058891	0.857627392211891	0.857627391595714	-5.31359273677245e-11
0	0	0	0	3.59765968378565e-13	3.75204114678605e-16	-7.4649208554409e-09
0	0	0	0	3.10467230626945e-13	1.52750648575883e-17	9.82299072496854e-10
0	0	0	0	3.59274838185071e-13	2.96476590120258e-17	2.66038458582286e-10
0.0035044955044955	9.14806386576201e-06	0.00569938725748248	0.00569938725748245	0.00313700269238819	0.00313700540027897	2.13070453996357e-09
0	0	0	0	3.63942943805977e-13	1.17928223995626e-16	1.25781502447835e-10
0	0	0	0	2.09891050886696e-12	3.93583892803826e-17	-5.74596798069198e-09
0	0	0	0	3.56467665832522e-13	-4.85469294066865e-17	1.13520408684023e-09
0	0	0	0	2.08855681995057e-13	5.77699355649133e-17	9.20625025891724e-10
0	0	0	0	3.58560799394063e-13	-6.19332864315716e-17	-1.3511991297261e-09
0	0	0	0	2.52097645615069e-13	-3.70153722058269e-17	-1.1327125131448e-08
0	0	0	0	3.56134122858242e-13	8.56368434807718e-17	2.24607291059051e-09
0	0	0	0	3.59190968756226e-13	-8.41112604425843e-18	5.09641477685015e-09
0	0	0	0	3.59589728231033e-13	-6.1386333382583e-17	5.35192035955591e-08
0	0	0	0	3.58564082315597e-13	1.48576437167328e-17	2.68735304705577e-07
0	0	0	0	3.58984695523765e-13	2.13564294710719e-18	2.89957171871642e-09
0.0201798201798202	0	0	0	3.55463737466488e-13	-4.57584520165332e-17	-1.47948081587975e-08
0.00651348651348651	0	0	0	3.53851950585637e-13	1.26979902535211e-18	4.21788701458099e-10
0	0	0	0	3.58982805958221e-13	8.54563621292742e-18	-8.64887138396537e-10
0	0	0	0	3.5919096875747e-13	-1.26060029336167e-19	5.19404011085308e-09
0.00292707292707293	0.00591557616374033	0.00850836701814917	0.00850836701814907	0.00318887039474531	0.00318887512771627	2.05897305982091e-09
0	0	0	0	3.78489259192049e-13	6.66335891869138e-17	-7.06641378447433e-09
0.0214325674325674	0.00965406592393844	0.000236209724639563	0.000236209724639562	4.71905961151955e-13	3.90107646780393e-17	-1.49966927072322e-08
0	0	0	0	3.59103573384264e-13	-8.15884983598328e-17	2.94454853011329e-09
0	0	0	0	3.59190968757883e-13	-4.80154282916981e-17	5.22729561489481e-09
0	0	0	0	3.58997619072102e-13	-1.15456075054783e-18	9.98132207679771e-10
0	0	0	0	3.59034854205418e-13	-3.60486133017003e-17	8.32029596887754e-08
0	0	0	0	3.57316908143087e-13	-2.31262222073926e-17	2.68743227946179e-07
0	0	0	0	3.77410595706649e-13	6.44458067733826e-17	9.72939639578881e-10
0.0516523476523476	0.0883029430633657	0.000233298046902387	0.000233298046902389	3.45305941128185e-13	-4.76150931735529e-17	-1.50659914813265e-08
0	0	0	0	3.58528541178084e-13	5.05594822234126e-18	3.7994183134031e-09
0	0	0	0	3.58982805947264e-13	-1.33848430936223e-17	-8.47111993357877e-10
0	0	0	0	3.59190968757483e-13	-4.79685227414167e-18	5.19861400764926e-09
0	0	0	0	3.58889960303381e-13	1.23510776379758e-16	1.27827884092922e-09
0	0	0	0	3.70293247438245e-13	4.53954204728728e-17	3.47444096928096e-09
0.0216483516483516	0.0101352061246944	0.000264882187199986	0.000264882187199986	3.79755051870028e-13	-1.61151148321438e-16	-1.50064889446012e-08
0	0	0.00269938034892966	0.00269938034892972	0.00168447706078864	0.00168447896130466	3.35117652245173e-09
0	0	0.00353276446857882	0.00353276446857852	0.00298874677666017	0.00298875239678723	5.14594537016569e-09
0	0	0	0	3.58453069320519e-13	-5.8986171952051e-17	1.12917773829595e-07
0	0	0	0	3.60045218963244e-13	-1.40683587568199e-16	2.68737408990131e-07
0.000517482517482517	0.00213992635568343	0.000622428085455546	0.000622428085455527	0.000124705203862659	0.000124705327151677	-1.50300194762014e-09
0.0335664335664336	0.0224758198418431	0.000791136817185652	0.000791136817185723	0.000605657750087166	0.000605657445190629	-1.48982984704017e-08
0.00133066933066933	0	0	0	3.58388726980589e-13	2.24601072421779e-18	1.25216285367996e-09
0	0	0	0	3.58982805958024e-13	-1.42733440996448e-17	-8.38507797178441e-10
0.0013026973026973	2.2884389079067e-05	0.00679001359157507	0.00679001359157527	0.00359833346275743	0.00359833838500669	2.33209749231871e-10
0	0	0	0	3.62353387367609e-13	-1.68296792126776e-18	5.17642349036324e-08
0	0	0	0	3.58651782490396e-13	7.02276273606597e-19	2.35487769096014e-07
0.00236363636363636	0.000221333121189685	0.00240303620229823	0.00240303620229822	0.000547063057127301	0.000547063629340982	5.31206789552717e-11
0	0	0	0	3.59223595161756e-13	-1.95142524902224e-18	-1.76272633313675e-08
0.00358441558441558	0	0	0	3.62248364969462e-13	-1.53354108893435e-18	4.45587402360088e-10
0	0	0	0	3.56405695646408e-13	2.11212404932357e-18	-7.01361831335367e-10
0.00132067932067932	7.13019222391309e-05	0.00173200240587029	0.00173200240587019	0.00359833346275739	0.00359833838500657	-1.524588397262e-09
0	0	0	0	3.5635391240172e-13	1.17932009214235e-18	2.17120242092438e-09
0.00132467532467533	2.40672073800055e-05	0.00651995745394922	0.00651995745394936	0.00359833346275743	0.00359833838500674	5.74369437071764e-10
0	0	0	0	3.58993946486339e-13	1.65858985305952e-19	6.12592306958292e-10
0	0	0	0	3.59329837213796e-13	-1.42776395035083e-18	8.40631147292297e-08
0	0	0	0	3.5959687428182e-13	-2.63620878974595e-19	2.37884109486532e-07
0	0	0	0	3.68917392898968e-13	5.72712727018004e-19	-2.82818625857726e-10
0	0	0	0	3.59223595162031e-13	-2.58874164564521e-19	-1.74287311802437e-08
0	0	0	0	3.59750773792373e-13	-4.40390864056387e-18	3.80847505818473e-09
0	0	0	0	3.69956966074462e-13	-2.57120873867054e-17	-6.58447759452014e-10
0	0	0	0	3.59078558228575e-13	3.02284364612029e-18	-1.51830736305977e-09
0	0	0	0	3.58910760685579e-13	-1.47156508316473e-18	8.10622253168578e-09
0	0	0	0	3.59078558228575e-13	-9.75830961138402e-19	4.0974549449037e-10
0	0	0	0	3.56356328977151e-13	-3.6395482673673e-18	1.36408599776566e-07
0	0	0	0	3.58931728927501e-13	7.43256037272591e-18	2.36445228745506e-07
0.00224775224775225	0.0138523724810905	0.0022694976984915	0.00226949769849143	0.000836051920544617	0.000836052808137317	-1.31831362607923e-10
0	0	0	0	3.59404771298915e-13	-2.29935303810015e-18	-1.75441702289513e-08
0	0	0	0	3.55838092753643e-13	2.49493325139701e-17	1.23251299302081e-09
0	0	0	0	3.58985326770681e-13	-1.9526937679929e-18	-7.39225968567485e-10
0	0	0	0	3.59007165530144e-13	9.20784489106682e-19	5.49339489412522e-10
0	0	0	0	3.62152245372431e-13	-8.55516689319644e-18	5.23299915042816e-08
0	0	0	0	3.5894572190641e-13	5.19344639096487e-18	2.34497240268114e-07
0.0186993006993007	0.010290946601381	0.020716049275554	0.020716049275554	0.0178345132795344	0.0178345130071621	1.51311660257815e-10
0	0	0	0	3.5918094585113e-13	1.82866269815828e-19	-1.68694048470325e-08
0.00337662337662338	0.00167083636944769	7.48188344392643e-05	7.48188344392635e-05	6.63963448761413e-06	6.63958039174174e-06	4.47257748212054e-10
0.00173026973026973	0	0.00996841856321288	0.00996841856321278	0.00313295144026739	0.00313295492622351	1.13009100334003e-10
0	0	0	0	3.59007165530141e-13	-6.52057472562947e-18	-1.48733842426578e-09
0	0	0	0	3.59064818973868e-13	-9.04609364131322e-18	1.76757205420652e-09
0	0	0	0	3.59007165533292e-13	-8.27042902219306e-18	9.88531345604747e-10
0	0	0	0	3.58991378350572e-13	-1.865746917651e-18	3.07884127430968e-10
0	0	0	0	3.59347944549028e-13	-5.13349510686894e-19	8.51259407973406e-08
0.0193306693306693	0	0.0439717350606497	0.0439717350606495	0.132024506135716	0.132024646601129	2.36143986291876e-07
0	0	0	0	3.58981466305237e-13	2.95268269109677e-18	2.41210041862151e-09
0	0	0	0	3.78927742786086e-13	2.95016034762611e-17	-1.66104248043253e-08
0.000319680319680319	0.0125444829242573	0.00012976811777581	0.00012976811777581	1.05305693859207e-06	1.03078288513196e-06	3.82585782216073e-09
0.0018021978021978	0	0.00746451727706363	0.00746451727706355	0.00283108000588271	0.0028310831677395	5.96844651215462e-11
0	0	0	0	3.59007165530138e-13	5.88402485106464e-18	-2.15058277768508e-09
0	0	0	0	3.58925307477008e-13	-5.34007204897296e-18	-4.87208942418535e-08
0	0	0	0	3.5663549567715e-13	-2.27641278231405e-18	4.33020803611054e-10
0	0	0	0	3.56286462047404e-13	1.65169672850045e-18	3.38870165370223e-07
0	0	0	0	3.58606993458387e-13	-2.24780308999541e-18	2.3294697079586e-07
0	0	0	0	3.63489130556889e-13	1.87173283909162e-18	-3.38321451210046e-11
0	0	0	0	3.57298351592066e-13	1.35840315683763e-18	-1.69353422506356e-08
0	0	0	0	3.55900033879946e-13	-3.06253435008381e-18	3.68711133276759e-10
0	0	0	0	3.58971840055397e-13	-1.07691085823541e-18	9.92552971918627e-11
0	0	0	0	3.58960591465652e-13	-1.94250241760172e-18	4.27363996424342e-09
0	0	0	0	3.59085471588628e-13	-2.89501257613652e-18	7.49803360781488e-09
0.010999000999001	0.00166590381525873	0.000399163199109486	0.000399163199109483	2.69185288634448e-06	2.68903002232258e-06	-1.1382730020482e-08
0.00321878121878122	0	0	0	3.63010900563141e-13	7.09776078306576e-19	3.95107406697594e-10
0	0	0	0	3.58960591467303e-13	3.53713768425191e-18	4.48720040532376e-09
0	0	0	0	3.59052159973995e-13	1.34850236406068e-18	2.94252708914463e-09
0	0	0	0	3.58982203644054e-13	-1.39647579724899e-18	4.35075920963085e-08
0.0116243756243756	0.00105783878281844	0.000235058033078212	0.000235058033078211	3.80864415677277e-13	4.9781961303699e-17	-1.18049617001693e-08
0	0	0	0	3.61715523046345e-13	-3.60924944010062e-19	2.75763991419452e-08
0	0	0	0	3.58960591467154e-13	3.52824639002949e-19	-1.19268881167871e-08
0.00446353646353647	0.00365567966449181	0.0110436893896994	0.0110436893896993	0.00443569790601939	0.00443570334007718	1.73162556263177e-09
0	0	0	0	3.58960591467257e-13	-8.05517671388226e-19	4.76000932948066e-09
0	0	0	0	3.58989518501026e-13	-4.90611656180926e-18	2.21169142925822e-10
0	0	0	0	3.59017777100559e-13	1.72624009964072e-18	2.67374364817006e-08
0.00658141858141858	0.00209241255340651	0.000225777195647479	0.000225777195647476	3.74209498934848e-13	2.62647460029554e-18	-1.22827047619536e-08
0.00165234765234765	0	0	0	3.71155280270989e-13	-1.77723449313002e-19	3.5153880972369e-09
0	0	0	0	3.58735907894915e-13	-4.04996784703563e-18	-4.72928664742652e-09
0	0	0	0	3.58947769660514e-13	5.76710675254516e-19	1.37253901145573e-07
0	0	0	0	3.58960591467283e-13	4.53694478371127e-18	4.77764115018138e-09
0	0	0	0	3.5909544902506e-13	-9.17115824019634e-19	3.56393153210385e-10
0.00646553446553447	0	0.000318470976832781	0.000318470976832779	3.67255725045384e-13	-2.65059184239627e-17	-1.2314650465056e-08
2.997002997003e-05	0.00600232847296287	1.71903922929662e-05	1.71903922929657e-05	1.45212697896393e-06	1.40678363150812e-06	1.20594327091275e-09
0	0	0	0	3.58929633747743e-13	-2.53247455271335e-18	1.1922278284983e-09
0	0	0	0	3.62704932875744e-13	-2.05165890369045e-18	2.63461624213443e-09
0	0	0	0	3.86890158328304e-13	1.53849252898632e-17	-9.50246856381649e-09
0	0	0	0	3.59067810176258e-13	4.89209792617843e-19	9.2671430326908e-10
0	0	0	0	3.57567503894024e-13	-3.5131806951032e-18	1.9737271980317e-09
0.0042997002997003	0.00572307260471494	0.00534570625497089	0.0053457062549709	0.0048695988794625	0.00486960497503733	1.50943661361364e-10
0.0784835164835165	0.0480437566823886	0.0743866108392432	0.0743866108392432	0.0777978423327426	0.0777978400650312	-6.56551224911322e-08
0	0	0	0	3.58334189495356e-13	4.38697602332661e-18	-1.00360520919706e-08
0	0	0	0	3.65861434604403e-13	1.26246333562963e-17	-3.06362981102504e-09
0	0	0	0	3.58929633747704e-13	2.98158687398337e-18	-2.79732743332964e-09
0	0	0	0	3.18106645416815e-13	1.46581455180758e-18	1.45822516019904e-10
0	0	0	0	3.62343672619635e-13	-2.2338352049992e-18	-2.2490901016765e-07
0.00318281718281718	0.00324558004827743	0	0	9.66528463430181e-12	1.37538186638632e-17	-1.11566728297147e-08
0	0	0	0	3.17449913563639e-13	-1.75427263073374e-18	-8.99247370009123e-09
0	0	0	0	3.58929633747565e-13	2.17875610603966e-18	2.13136125496894e-08
0	0	0	0	3.58988131447245e-13	5.29396781572693e-19	1.69148979287374e-10
0	0	0	0	3.62024961211661e-13	-1.9395392303881e-18	-1.03338907226219e-08
0	0	0	0	3.58122194817918e-13	-2.92571205079478e-20	3.914159684146e-09
0	0	0	0	3.32197527299657e-13	-5.26697142362572e-18	5.54494981213656e-10
0	0	0	0	3.58929633747662e-13	-3.25742995891977e-18	-3.84785188189229e-09
0	0	0	0	3.5895357354865e-13	1.25545578394868e-18	-1.31977267009027e-08
0	0	0	0	3.60238928020444e-13	2.65544066457203e-18	9.55029373530742e-09
0.00588811188811188	0.00298315423049442	0.0084565292043892	0.00845652920438912	0.00120392178653581	0.00120392330489532	-1.15660254810894e-08
0	0	0	0	3.41007058997043e-13	-1.04742917828658e-18	-2.48690561220471e-09
0.00156243756243756	2.00517498012794e-05	0.00751639405154202	0.00751639405154227	0.00482636228187024	0.00482636668945275	1.95902559996151e-09
0	0	0	0	3.59213303537742e-13	-9.34362230018702e-18	2.33453425965872e-10
0.0067032967032967	0.00613018118467004	3.2607166880969e-05	3.26071668809686e-05	0.00149172671136103	0.0014917285956402	-1.07048130420032e-08
0	0	0.00409871893614749	0.00409871893614743	0.00137862629800017	0.00137863182306659	2.96621398026151e-09
0.00154245754245754	1.85940702100091e-05	0.00500119531174249	0.00500119531174272	0.00524666081784005	0.00524666527154887	-1.85317489608611e-10
0	0	0	0	3.5841510828092e-13	-1.15178610517852e-17	2.53297515119463e-09
0	0	0	0	3.56477018759634e-13	-5.44486172282223e-18	-8.74419418664444e-09
0	0	0	0	3.59067810181864e-13	-3.79525328249553e-18	1.73126007677929e-09
0	0	0	0	3.58908826878791e-13	2.94845460765362e-18	6.18136922510699e-09
0	0	0	0	3.59030670089665e-13	-5.54014635272739e-20	7.67357425335564e-10
0	0	0	0	3.59540046925641e-13	-2.53498274426192e-19	-5.54054269786247e-09
0.00382817182817183	0.00381332271918453	0.00527925804072795	0.0052792580407279	0.00171064048301073	0.00171064179751697	-4.45732706432483e-10
0	0	0	0	3.65088940489095e-13	-1.72059898261536e-17	2.50728821600951e-09
0	0	0	0	3.57516889627792e-13	2.70401332796318e-18	-4.41178513330948e-08
0	0	0	0	3.59016135894824e-13	-2.08505671541356e-19	1.7042149091206e-09
0	0	0	0	3.59549617043831e-13	2.29661972347156e-17	5.42306867075838e-08
0	0	0	0	3.55067500699431e-13	-2.12855141441712e-18	-2.69970506787038e-08
0	0	0	0	3.71082057207632e-13	-5.74931831392275e-18	3.22510401784781e-09
0	0	0	0	3.58908826878484e-13	7.07156036076332e-18	4.98319104064459e-07
0.00631568431568431	0.00606832086850446	0.00401745194434159	0.00401745194434142	0.00528005182112427	0.00528005757840197	1.05970960046405e-09
0	0	0	0	3.60368030271946e-13	1.31208974332293e-18	1.73571725369e-09
0	0	0	0	3.79487010920313e-13	-3.64085382663842e-17	1.26775787077588e-07
0.0367332667332667	0.0209339153403514	0.0362162053479102	0.0362162053479102	0.0363351109410018	0.0363351098728417	2.72634803568479e-09
0	0	0	0	3.57271593001636e-13	4.90966407579165e-19	-5.1628950303346e-08
0	0	0	0	3.58958010867175e-13	-3.82075586612699e-18	2.08438985442512e-09
0	0	0.213651838329074	0.213651838329074	0.225101392861895	0.225101393305573	-3.53710824341135e-08
0	0	0	0	3.5774324212515e-13	-4.86047484750518e-19	-3.49453612795261e-08
0	0	0	0	3.71001315300926e-13	-1.56928983610228e-17	3.59061121198298e-09
0	0	0	0	3.58908826878655e-13	2.61373958225124e-17	8.61075189862596e-09
0	0	0	0	3.60273586585579e-13	-1.3299628875627e-17	-2.00454765441739e-10
0	0	0	0	3.4153254944397e-13	1.15811273610662e-17	-4.93407745955374e-09
0	0	0	0	3.57582266837059e-13	-6.56024089515379e-17	3.17726408038381e-09
0.00052947052947053	0.000293089350033866	0.00174868989648293	0.00174868989648289	0.000458544170958994	0.000458544653625636	2.79915678878132e-10
0	0	0	0	3.53393944797212e-13	-4.73615327923855e-18	-1.19099176914714e-09
0	0	0	0	3.60709475012656e-13	3.34381117223259e-18	3.0992305369745e-12
0	0	0	0	3.50102399729704e-13	7.50462899714497e-18	3.25830071591084e-09
0	0	0	0	3.21915335809913e-13	-2.37185125735507e-18	-4.43175610619889e-09
0	0	0	0	3.59534438305166e-13	6.03845535038774e-19	1.12387578768652e-09
0.00197402597402598	0.00225330536083988	0.00370446122969472	0.00370446122969475	0.00179561612580174	0.00179561808874894	-8.9296272744096e-11
0	0	0	0	3.57181088680376e-13	-4.90774923031179e-18	-8.63971613642884e-10
0	0	0	0	3.5915010139861e-13	-4.18657836683912e-18	6.84165868241557e-10
0	0	0	0	3.58981466305957e-13	3.71484587725688e-18	6.45976770421392e-10
0.0283976023976024	0.0198295904960202	0.0279059888870828	0.0279059888870828	0.0274566564674218	0.0274566560203414	-3.80608750269139e-09
0.00413986013986013	0.00351236155985363	4.52061708400927e-05	4.52061708400937e-05	0.000935198825084295	0.00093519965454714	7.93439491576257e-10
0	0	0	0	3.59277975454827e-13	-2.74457563544805e-18	-2.05714862704665e-09
0.000649350649350649	0	0	0	0.000859589025804559	0.000859589069058555	-2.59459118116685e-09
0	0	0	0	3.59100525668235e-13	-4.52818622499641e-19	6.27163736196843e-10
0	0	0	0	3.68413712037442e-13	-6.39717186910638e-19	-7.60485043333689e-09
0	0	0	0	3.21843211010208e-13	1.68204120415729e-18	-8.99470483778024e-09
0	0	0	0	3.58827743989263e-13	-1.36044212767921e-18	1.60049781777139e-09
0	0	0	0	3.59066720150773e-13	4.81639418444574e-18	3.93384667960509e-10
0	0	0	0	3.52457356649762e-13	-2.11345355243726e-18	6.39251545061941e-09
0	0	0	0	3.56685052329425e-13	-1.48013930026943e-18	6.08596220309524e-10
0	0	0	0	3.5591458398904e-13	-1.56608610431498e-18	1.0438143160985e-09
0	0	0	0	3.59004002327676e-13	1.99843461272543e-18	2.43348677436514e-09
0	0	0	0	3.30478671710874e-13	-8.63240533010034e-18	1.91447057532672e-09
0.00196003996003996	0.00205472178049853	0.00593640826591984	0.00593640826591984	0.00185548906954183	0.00185549106392231	-2.5078430769729e-09
0	0	0	0	3.57665244722488e-13	-4.29985000534091e-18	-1.40562883646941e-08
0.00215184815184815	5.85398006962113e-06	0.00388110319784224	0.00388110319784229	0.00118959468240931	0.00118959555941037	8.68993050207888e-10
0	0	0	0	3.60368972383495e-13	-1.01269869962287e-17	-8.34010496694641e-10
0	0	0	0	3.5611892621362e-13	-1.54655936596037e-17	-1.3355968969425e-08
0	0	0	0	3.71971505004835e-13	1.70616376985028e-17	1.65872349630789e-09
0	0	0	0	3.76540504803806e-13	6.42427074074862e-18	3.1327000139701e-10
0.000625374625374625	0	0	0	0.0012063006916645	0.00120630080332008	1.22396734867567e-07
2.3976023976024e-05	0.000165543013006222	7.31355665521139e-06	7.31355665521139e-06	3.19137096942634e-13	-9.52979505265791e-19	6.21618165600668e-11
0.00482317682317683	0.00276339268614464	0.00603735908375485	0.0060373590837548	0.00342274615658349	0.00342274983758797	1.79915660260756e-09
0.00171828171828172	0.00133843753282902	0.00412084690747841	0.00412084690747837	0.00164446897164913	0.00164447123847126	5.21574476285862e-10
0	0	0	0	3.57914607633023e-13	2.74685042660633e-17	2.97145302312586e-09
0	0	0	0	3.58981465472544e-13	-3.25747606103108e-17	1.16399393133901e-10
2.3976023976024e-05	0.00143809126853696	1.29295901261273e-05	1.29295901261272e-05	7.26391538194536e-05	7.26385973090925e-05	2.77956313191602e-09
0	0	0	0	3.60011612871705e-13	-5.39879752559279e-18	3.33084153299322e-12
0	0	0	0	3.58534566856592e-13	-5.23983686819484e-18	1.37280551584302e-09
0.0377602397602398	0.0545775835471141	0.0069715250180305	0.00697152501803043	0.00140271907687887	0.00140272605731335	-4.45704138090637e-09
0	0	0	0	3.59001185091159e-13	-5.41332493824258e-18	-6.76982659309862e-09
0	0	0	0	3.58981056782759e-13	-2.01848151867477e-19	4.18433571214264e-07
0	0	0	0	3.5897394087498e-13	-2.42509829677705e-17	-2.37385713101365e-09
0	0	0	0	3.58980847332172e-13	-1.31142176022431e-17	-6.4535850121417e-08
0	0	0	0	3.58786597599147e-13	1.23013185734033e-18	6.47830403030218e-10
0	0	0	0	3.51942666675725e-13	-3.72389358366491e-18	-2.60956644873839e-08
0	0	0	0	3.58115820560347e-13	-7.30756440359015e-18	-7.7295516272807e-10
0	0	0	0	3.65016282913505e-13	4.57466925212949e-18	-2.10100262238536e-08
0	0	0	0	3.56851219871684e-13	-9.43778736192065e-18	-3.58681884759105e-08
0	0	0.00390588512330567	0.00390588512330563	0.00141087480509701	0.00141087639001515	7.92615670371715e-09
0	0	0	0	3.59085657494553e-13	1.09710923429301e-17	-2.94006259131316e-09
0.000621378621378621	0	0	0	0.00121244682962039	0.0012124464706953	1.59391296620736e-07
0	0	0	0	3.48106941486358e-13	1.66318466078103e-17	1.20860032021055e-10
0	0	0	0	3.59001671094091e-13	1.99797863906417e-17	-1.50173317228982e-09
0	0	0	0	3.59457897276078e-13	1.88576254110229e-18	1.08469851263247e-07
0	0	0.00317226495211942	0.00317226495211939	0.00131433749612764	0.0013143390725558	3.83219036854653e-09
0.000537462537462537	0.00204833539941346	0.000829349581394204	0.000829349581394152	0.000248082192839969	0.000248082448947648	7.73342968919717e-10
0	0	0	0	3.56110098739289e-13	1.17966510320663e-18	-3.04277225037796e-09
0	0	0	0	3.47295653763745e-13	1.78901928824873e-17	6.37919087567189e-11
0	0	0	0	3.59039584174207e-13	-6.35836070398495e-17	3.68376255778349e-09
0	0	0	0	3.58562160372151e-13	1.66641479819094e-17	-1.03129642071415e-08
0	0	0	0	3.58507058843047e-13	1.71481263207808e-17	2.05831171422837e-10
0	0	0	0	3.70649389275152e-13	7.82634746145862e-18	3.44384608492303e-07
0.013946053946054	0.0127115895151315	0.000283752948411968	0.000283752948411868	2.18671853990073e-05	2.18671902023068e-05	-1.17364594586265e-08
0	0	0	0	3.59659705979521e-13	-2.51401204224827e-17	3.68799481164912e-08
0.000659340659340659	5.47428175398188e-05	0.00176561126449326	0.00176561126449324	0.000358023749906145	0.000358024124056397	-4.27607327661138e-09
0.0102497502497502	0.0318840363310302	0.000204536333340733	0.000204536333340732	3.86999766443362e-13	-5.86768817556258e-17	-1.18956447650377e-08
0	0	0	0	3.5896184595348e-13	4.86550964792193e-18	3.01577062894645e-08
0	0	0	0	3.58981466280754e-13	-3.0472187242679e-19	3.09654864702802e-09
0.0201538461538462	0	0	0	3.69336242396912e-13	-7.41557837408319e-17	-1.47945292290996e-08
0.0065054945054945	0	0	0	3.66853698994294e-13	7.80851240802484e-18	4.42836066483882e-10
0.181060939060939	0.000127369522307891	0.0794061327617313	0.0794061327617326	0.208579301005083	0.208579525254975	-5.8823742185508e-08
0	0	0.00798104318669704	0.00798104318669705	0.0157120354813249	0.0157120523719979	3.26971636639024e-09
0	0	0	0	3.41914143999816e-13	1.1422934681536e-18	2.69282561653137e-09
0.000351648351648352	0.0018867899708962	0.000484893227556751	0.000484893227556739	0.000102586849521247	0.000102586924407077	9.82341956662701e-10
0.0515144855144855	0.0877510496692197	0.000233183549742428	0.00023318354974243	3.69084005043358e-13	-3.71855074111058e-17	-1.50664608464876e-08
0	0	0	0	4.53041959202622e-13	-1.64598571613514e-18	3.80082488127811e-09
0	0	0	0	3.58982095762887e-13	-3.13097815041786e-18	5.33301442521344e-08
0	0	0	0	3.58972653023202e-13	-7.61860094424376e-19	3.9216293565256e-10
0	0	0	0	3.60883159871945e-13	-1.16568729923807e-17	-1.61385315608247e-10
0	0	0	0	3.70663468620334e-13	2.44933439709596e-17	-1.6011163900189e-09
0.0338281718281718	0.0224572315824748	0.000776186747124913	0.000776186747124993	0.000591560874806852	0.000591560575795982	-1.48983891216484e-08
0.00133266733266733	0	0	0	3.53843003979316e-13	7.58156809578772e-18	1.31713903710062e-09
0	0	0	0	3.58981466356567e-13	6.09473190671247e-18	-7.39685057613926e-09
0.0225994005994006	0.00966775048124935	0.000233674589760408	0.000233674589760407	3.92858296585932e-13	1.21237184514214e-17	-1.49974550812898e-08
0	0	0	0	3.59020262665729e-13	2.08411716715941e-18	9.1846245909036e-10
0.00144455544455544	0.000225378303575603	0.00152222895712889	0.00152222895712882	0.000499472350037261	0.00049947288160444	3.66305783385112e-09
0.0228251748251748	0.0101573547284517	0.000263740322368992	0.00026374032236899	3.88880110037618e-13	1.11540778380347e-17	-1.50074831649937e-08
0	0	0	0	3.56170713588705e-13	-1.81494067962018e-18	9.19059505314251e-09
0	0	0	0	3.66187545428718e-13	2.08771090563012e-18	5.52042774095614e-11
0	0	0	0	3.58981466122582e-13	1.37751145103612e-17	-1.11593627974926e-08
0.00493106893106893	0	0	0	3.73737571683443e-13	7.54527607813248e-18	5.36300753409846e-10
0	0	0	0	3.58981466316484e-13	3.09642867524944e-18	-3.36542838210925e-10
0	0	0	0	3.58981466125124e-13	-6.29096271263948e-18	-1.11313974677937e-08
0	0	0	0	3.60584243399786e-13	2.32957688943379e-17	3.80953531240273e-09
0	0	0	0	3.88354330290011e-13	3.4952066084416e-18	-1.77813209874732e-10
0	0	0	0	3.59134639333363e-13	1.8976620661694e-18	-1.11485864429614e-08
0	0	0	0	3.48318039445974e-13	2.35405593649267e-18	1.39264648408139e-09
0	0	0.00317226495211942	0.00317226495211939	1.00108322818262e-12	6.27331092962818e-17	1.98196036415312e-10
0	0	0	0	3.58981466095873e-13	2.60200551970342e-18	-7.24720624516046e-09
0.00386613386613386	0.00243280674594096	8.2673554802446e-05	8.2673554802445e-05	9.97382852904761e-06	9.97378280418853e-06	5.35740744559332e-10
0	0	0	0	3.58981730264616e-13	-1.70336424283729e-18	2.7676947161572e-09
0	0	0	0	4.12434800180883e-13	3.53398063859363e-17	-7.51804906941669e-09
0.000323676323676323	0.0146729973432243	0.000127964494604675	0.000127964494604674	3.58067548926736e-13	1.36795157505484e-18	3.82275521877752e-09
0	0	0	0	3.58981466336201e-13	-8.51671043788166e-18	-2.85391491566421e-11
0	0	0	0	3.58981466095595e-13	1.01968279440061e-17	-7.48701655403881e-09
0	0	0	0	1.79706957310911e-12	-1.35227223632113e-17	-2.80092224936717e-10
0	0	0	0	3.58363778776007e-13	-1.79347714654407e-18	9.97657687694693e-08
0.0261738261738262	0	0.00449900900145438	0.00449900900145435	3.63804333561536e-13	4.6309192303471e-18	1.70897055462495e-07
0.000911088911088909	0.000732457640548686	3.32575743192431e-05	3.32575743192457e-05	1.38468081734155e-06	1.38463670441247e-06	-6.10650380585328e-10
0	0	0	0	3.58979907886561e-13	-8.74654975784264e-19	8.55734078509073e-09
0.0111108891108891	0	0.000383827937956895	0.000383827937956892	3.6904814097509e-13	1.61328775181826e-17	-1.13754808280617e-08
0.00322277722277722	0	0	0	3.65272614015893e-13	-8.63009213996608e-18	4.43172744280081e-10
0	0	0	0	3.59326325706442e-13	4.22471156011723e-18	2.10889239706872e-07
0	0	0	0	3.58943941192445e-13	-7.20602775364008e-18	2.111366822255e-08
0.00494705294705295	0.00264456545640764	0.00304769717661902	0.00304769717661905	0.00412326438928698	0.00412326881186002	2.99814423741695e-08
0	0	0	0	3.58981466306642e-13	-1.00797459803379e-17	6.06980738625125e-08
0.0120959040959041	0.0012139680467694	0.00023704067860732	0.000237040678607317	2.70124940602412e-06	2.69818359983032e-06	-1.18161852829462e-08
0	0	0	0	3.58955842164576e-13	-1.68736881342139e-18	-9.82969193751103e-08
0	0	0	0	3.58981466322565e-13	-4.46228910470631e-17	2.56015467794961e-08
0.00659140859140859	0.00210557238078642	0.000231370870913359	0.000231370870913357	3.66911458860914e-13	2.01782272825767e-17	-1.22632615353638e-08
0.00210989010989011	0.000151346015849249	4.21631410745157e-06	4.21631410745124e-06	3.61731474287305e-06	3.61415042622751e-06	3.4529397995048e-09
0	0	0	0	3.59204358834364e-13	9.66460586091622e-18	-3.80339641068813e-08
0	0	0	0	3.5875532457333e-13	1.59282073465916e-17	-1.94967261766158e-09
0	0	0	0	3.58981077349901e-13	6.11067869871402e-17	1.33436752630111e-08
0	0	0	0	3.59103606075821e-13	-8.74614407251344e-18	3.6292081011742e-10
0.00647352647352648	0	0.000312146778719169	0.000312146778719168	3.61958411738335e-13	-5.37239842231982e-17	-1.22787731904271e-08
3.59640359640359e-05	0.00604007896650352	2.02488597296987e-05	2.02488597296984e-05	1.89735992108763e-12	2.47730923616417e-17	1.41096657347684e-09
0	0	0	0	3.58981466286638e-13	2.62062106609203e-17	2.93432211083624e-09
0	0	0	0	3.59012530852642e-13	-1.29768203844495e-17	-9.23993925602507e-09
0	0	0	0	3.59115850287973e-13	1.03292832650716e-18	2.73070949871488e-09
0	0	0	0	7.55268834058207e-13	8.58550516698954e-18	-8.91719752521852e-08
0	0	0	0	3.52787591771673e-13	2.66778954079194e-18	-6.15370792919193e-09
0	0	0	0	3.58955842090876e-13	1.63440807799796e-17	1.95097535331641e-08
0	0	0	0	3.58981466323121e-13	-1.4009714691714e-17	-3.17148531076386e-07
0	0	0	0	3.58946457524306e-13	-7.4173938748626e-18	-2.39841194602348e-10
0	0	0	0	3.5896264875436e-13	2.8016431720715e-18	6.15907384361635e-08
0	0	0	0	3.58981202346475e-13	-1.89189546037285e-18	-1.3882463903458e-08
0	0	0	0	3.58946458822473e-13	-3.43939466252211e-18	-6.86548693410352e-10
0	0	0	0	3.56586749846912e-13	1.08097220802983e-18	9.76695271071576e-09
0	0	0	0	3.62299332082386e-13	-6.92106841451284e-18	9.44097014676225e-09
0	0	0	0	3.57621356436684e-13	2.66349840672142e-18	1.78359795360067e-09
0	0	0	0	3.1819356786286e-13	1.5279648920535e-17	7.85237043571047e-09
0	0	0	0	3.58981466284434e-13	-8.45825663283335e-18	1.08128874546473e-09
0	0	0	0	3.5674714809281e-13	2.40834457993575e-17	-2.00782354569913e-10
0	0	0	0	3.56969021340249e-13	-3.68669472076533e-17	9.09560435335122e-09
0	0	0	0	3.58981466281349e-13	1.13261787744253e-17	2.88388633058568e-09
0	0	0	0	3.58952144409865e-13	6.4172727691208e-18	-6.64709476581326e-09
0	0	0	0	3.59115850361321e-13	-4.94615217874289e-19	-1.44592147962313e-10
0	0	0	0	3.59159585931599e-13	3.31848806342562e-18	-5.95524193850853e-09
0	0	0	0	2.93611128673614e-13	1.26050908866772e-17	2.05161474997348e-09
0	0	0	0	3.57312184144471e-13	-4.96907771539501e-18	-5.65402581249497e-09
0	0	0	0	3.58981466322229e-13	3.7502113247655e-18	6.28276435829298e-08
0	0	0	0	3.58960071784759e-13	-3.29751744742835e-17	8.31598768793787e-09
0	0	0	0	3.58962648747064e-13	4.14048052789342e-17	-1.23602677270332e-08
0	0	0	0	3.62299332082564e-13	2.36899183191705e-17	2.3353110826393e-09
0	0	0	0	4.11746649317618e-13	9.63507447815086e-17	-1.95390472312894e-08
0	0	0	0	3.10597114609708e-13	2.32069782059468e-17	1.6296054522381e-09
0.196431568431568	0	0.527973133272379	0.527973133272378	0.535766794164392	0.53576679449729	-3.55643093577067e-08
0	0	0	0	3.56744066649936e-13	1.00674074376219e-17	9.30546107116374e-09
0	0	0	0	3.55980772347645e-13	9.15237942882105e-17	5.43135013714155e-09
0	0	0	0	3.62299332087801e-13	3.20834195539825e-18	8.1533755656003e-10
0	0	0	0	3.18170150840847e-13	1.1260904442543e-17	1.73660329238504e-09
0	0	0	0	3.59003494608352e-13	1.01285144342707e-16	8.21581499379083e-09
0	0	0	0	3.56020712266842e-13	-2.02787142340601e-16	5.37013199959552e-09
0	0	0	0	3.49560144511812e-13	1.69537421109419e-16	-4.53856257210782e-08
3.996003996004e-06	0.00652256627720526	4.55777412589423e-06	4.55777412586627e-06	6.63357033962207e-07	6.63108208057292e-07	4.14406971313197e-11
0.00456143856143856	0.00775580994166145	0.00992554814342531	0.00992554814342539	0.00316046008432547	0.00316046113262703	7.59046808738513e-09
0	0	0	0	3.59005933014372e-13	-4.56752812570908e-18	7.43845200512173e-09
0	0	0	0	3.58995572433548e-13	-1.48254066703184e-16	6.92608550714527e-10
0	0	0	0	3.58901140227966e-13	-5.21294956065622e-17	2.61542706363231e-09
0	0	0	0	3.67881685576354e-13	-3.00306276407826e-19	-4.60188374936441e-09
0	0	0	0	3.58885551616951e-13	-1.3454328369582e-17	4.63386299714717e-09
0	0	0	0	3.58803523233012e-13	1.23601603984024e-17	7.75538406927042e-10
0	0	0	0	3.22325870646432e-13	5.75838747872139e-17	-7.52529672235601e-09
0.00638561438561437	0.00516490918927241	0.0046107035098942	0.00461070350989394	0.00207225537137554	0.00207225787278428	2.65951346464371e-09
0	0	0	0	3.6531359307981e-13	6.38429097354737e-17	-4.20358419206939e-09
0	0	0	0	3.5908075516647e-13	2.57034076932576e-17	-1.51773326296553e-09
0	0	0	0	3.5711533615236e-13	-2.32809641911215e-20	-2.52563024129496e-10
0	0	0	0	3.57446067108221e-13	9.95775335447427e-18	8.24293454882829e-09
0	0	0	0	3.58990220321496e-13	1.2173979177166e-17	6.34119822158014e-10
0	0	0	0	3.65289321241981e-13	-4.83393794328047e-17	-1.41867247087942e-08
0	0	0	0	3.59589144126035e-13	1.53346494617052e-17	-8.17610032368364e-09
0.00432167832167832	0.00320152996457572	2.41044398729455e-05	2.41044398729453e-05	0.00100639743925699	0.00100640441163275	3.8111059789606e-09
0	0	0	0	3.71763455896537e-13	9.04068567009574e-17	-9.54951212451838e-09
0	0	0	0	3.58973685835819e-13	9.6518207424978e-17	5.75552184476647e-09
0	0	0	0	3.60297263161679e-13	6.73097955777312e-17	3.78874908494529e-09
0	0	0	0	3.731333019414e-13	-1.19616512061958e-17	-2.06573476491441e-09
0	0	0	0	3.53314919859296e-13	-7.28770264269618e-17	3.18917668316228e-09
0	0	0	0	3.58981874654698e-13	-7.04530249167397e-18	1.29389351130909e-09
0.00457742257742258	0.00666506381091537	0.0105703470579666	0.0105703470579665	0.00316046008432591	0.00316046113262725	4.06525706304464e-09
0	0	0	0	3.58979516579654e-13	-2.41802688493296e-17	4.72778369977854e-10
0.00456143856143856	0.00286824350353074	0.00787453386330759	0.00787453386330766	0.00456775815865031	0.00456776305836136	-8.63780414597514e-09
0	0	0	0	3.5922045962815e-13	6.43927500111438e-17	-8.2583614999299e-09
0	0	0	0	3.58928808711454e-13	-1.08544995696141e-16	2.81369175851891e-09
0	0	0	0	3.58871970129407e-13	-3.70570415814232e-17	1.40263580614291e-09
0	0	0	0	3.5530999587357e-13	-7.64433787082113e-18	2.2915655697471e-09
0	0	0	0	3.57168299014243e-13	3.73266485091248e-18	4.49656123668281e-09
0	0	0	0	3.59005933014297e-13	-2.89619836486175e-18	1.35709312261053e-08
0	0	0	0	3.568141169022e-13	2.91644985181172e-18	1.81759690801938e-10
0	0	0	0	3.62314653768944e-13	2.37427834766771e-17	-8.78137240661198e-11
0	0	0.0042324358945412	0.00423243589454115	0.00127491494203481	0.0012749163243152	7.62832634006665e-09
0	0	0.00325034929052548	0.0032503492905255	0.00380784074806707	0.00380784175430824	7.02515307231934e-09
0	0	0	0	3.56818527587764e-13	5.95309137484308e-17	-6.18811962023113e-07
0	0	0	0	3.67656127239334e-13	-6.76175456897414e-17	3.3840675246116e-09
0	0	0	0	3.55550846708223e-13	-1.50123970379191e-16	2.89505268091264e-09
0	0	0	0	3.59549162070148e-13	-2.41660673279937e-17	8.67819685644852e-09
0	0	0	0	3.62567610098245e-13	8.67005562708926e-18	7.29268791280482e-09
0	0	0	0	3.56471682908033e-13	-3.04283244103169e-17	2.74354282550765e-08
0.000765234765234767	1.34082626836609e-06	3.56561905214796e-05	3.56561905214834e-05	5.41120351710592e-06	5.41118702629521e-06	-2.29674417166318e-10
0	0	0	0	3.61925652421614e-13	8.96688579787574e-18	1.39169432856255e-09
0	0	0	0	3.57670136778684e-13	-3.01204453895785e-18	-4.8913275673768e-09
0.0021938061938062	0.00149368845283393	0.00341227296991345	0.00341227296991342	5.26413420553958e-07	-7.85296341011833e-20	1.38282011245026e-09
0	0	0	0	3.65331796047606e-13	2.57071996761517e-17	1.17158412602144e-07
0	0	0	0	3.5896014020882e-13	-2.16796920081372e-17	-4.56072098820657e-09
0	0	0	0	3.5898786536978e-13	1.58598252743942e-18	-2.93964270043292e-08
0	0	0	0	3.5898146630503e-13	-6.50337937748912e-18	1.00221339500401e-05
0	0	0	0	3.58953094288314e-13	-3.66716115292842e-17	-2.8604934816111e-08
0	0	0	0	3.57449285697369e-13	1.38114793783414e-17	6.54150934747109e-09
0	0	0	0	3.5898298857588e-13	-5.55077834132917e-19	1.82985728637156e-07
0	0	0	0	3.59068827215639e-13	3.54883804500608e-18	-2.53062292248632e-09
0	0	0	0	3.53285525661208e-13	-1.61781710251352e-17	-3.48668408187022e-09
0	0	0	0	3.58978195317299e-13	3.46047657618596e-18	6.35751850642219e-07
0	0	0	0	3.56431911550916e-13	-7.22662530550257e-18	-1.8715088301413e-08
0	0	0	0	3.56907215895281e-13	3.84147564219503e-17	-1.25723250891002e-07
0.00278721278721279	0.00461383763926435	0.0060042030490901	0.00600420304909005	0.00315773926805825	0.00315774133693108	1.89974907007857e-08
0	0	0	0	3.58968813479685e-13	1.51292967553799e-17	9.45023148447355e-10
0.00365234765234765	0.00314014532503238	0.00153004510279962	0.00153004510279957	0.00245118008515697	0.0024511827661921	-3.54711377637643e-08
0	0	0.00782677952162425	0.00782677952162416	0.00143405626849332	0.00143405768083886	2.14712274218909e-08
0	0	0	0	3.54209770262583e-13	1.76796935836624e-17	4.50500565928925e-09
0	0	0	0	3.56799095528798e-13	-2.3045220688123e-17	-6.7226555933654e-08
0	0	0	0	3.91457144914543e-13	-6.01182655403475e-17	9.7070648874091e-09
0	0	0	0	3.58686929502379e-13	-8.61147434287144e-20	-1.31266892907577e-08
0	0	0	0	3.55239476287314e-13	-9.23517968653683e-18	-2.25514098534939e-09
0	0	0	0	3.59293299524179e-13	1.15154094415109e-17	-1.30427919604857e-09
0	0	0	0	3.49130440660318e-13	4.01496093669404e-17	-1.49065279789576e-08
0	0	0	0	0.000883067765332971	0.000883068626290238	7.55057434963931e-09
0	0	0	0	3.58984524286373e-13	6.09862548511312e-18	8.11132735398938e-09
0	0	0	0	3.58988509987062e-13	3.73872890257591e-17	8.96978404794115e-08
0	0	0	0	3.59016802006233e-13	9.76264694795191e-19	-9.83059210262598e-08
0	0	0	0	0.000703163506019418	0.000703164479458496	1.2746632717275e-08
0	0	0	0	3.58981466335729e-13	5.09225984428354e-18	3.58248206012003e-07
0.014041958041958	0.0121463003786721	0.000260771530637822	0.00026077153063782	7.96084641025963e-13	3.54816590955526e-17	-1.17060198659149e-08
0.00470329670329671	0.00408268898608096	0.004968776559677	0.00496877655967703	0.00164613484064669	0.00164613642024674	-1.32105714093626e-07
0	0	0	0	3.73800660504524e-13	2.27828464830805e-18	-4.1628435008139e-09
0.0103236763236763	0.0321828476918307	0.000204962097029633	0.000204962097029631	3.63034541613236e-13	2.27808609607066e-17	-1.18829813239194e-08
0	0	0	0	3.58988430776024e-13	-1.57923776031884e-17	-1.50579325169158e-10
0	0	0	0	3.58981466293843e-13	-9.92848630711879e-19	3.78041296026407e-09
0.0201578421578421	0	0	0	3.68953477093722e-13	2.97443399228243e-18	-1.47935589931084e-08
0.0064975024975025	0	0	0	3.66679398029052e-13	-1.64721430230117e-17	5.02244310624872e-10
0	0	0	0	3.61730521117653e-13	-1.99940942782163e-18	1.05090536375068e-09
0.050947052947053	0.0859703181297062	0.000234461059492362	0.000234461059492359	4.03908867913381e-13	6.85835622202382e-17	-1.50680665220306e-08
0	0	0	0	3.56290917867014e-13	-8.85375715355907e-17	3.80711368078107e-09
0	0	0	0	3.5907158179411e-13	7.39836633569678e-18	-1.86113237160411e-09
0.0350649350649351	0.0156793647104592	0.000695375255772129	0.000695375255772251	0.000512776383646918	0.000512776101683756	-1.48986005104044e-08
0.00133466533466533	0	0	0	3.53234653684197e-13	2.18248619087577e-17	1.520139131631e-09
0	0	0	0	3.33467926456852e-13	5.28548405979667e-18	1.40781532729945e-07
0	0	0	0	4.23945937272481e-13	-1.48052218973749e-17	3.34103535049066e-07
0.00244355644355644	0.00238193642811191	2.65286359813723e-05	2.65286359813928e-05	7.49926620575292e-06	7.49929833628959e-06	-9.68268010772471e-10
0	0	0	0	3.58981466318013e-13	-3.82178597642728e-17	-8.03752399064542e-09
0	0	0	0	3.58619752950623e-13	1.6091153198398e-17	-3.90543558804808e-09
0	0	0	0	3.59358763393737e-13	-3.19790933296033e-17	-2.06276937771042e-09
0	0	0	0	3.59989264737061e-13	-3.49373029567492e-17	4.07462019467508e-09
0.00652147852147852	0.00230864764419957	0.00458214806064986	0.00458214806065004	0.00186015902387736	0.00186016083294231	-3.95890991756612e-09
0	0	0	0	3.59616056895137e-13	7.86003282035353e-17	1.71408294341623e-08
0	0	0	0	3.58981466306519e-13	-3.66693721465406e-17	5.57417393445614e-11
0	0	0	0	3.58693620604476e-13	-1.58613640102601e-17	-3.50276356650124e-09
0	0	0	0	3.58814776201048e-13	1.04617026738525e-17	-2.48682357729458e-09
0	0	0	0	3.58775513147277e-13	2.99953315512121e-17	-6.34965865244575e-10
0	0	0	0	3.58693620604443e-13	-1.19512759599954e-17	-3.3747587142487e-09
0	0	0	0	3.57061465543978e-13	2.12030914582285e-17	4.15414325215211e-09
0.00670729270729271	0.00392330055338518	0.00427727280804332	0.00427727280804327	0.00675541243086587	0.00675541784247082	-3.57829895060088e-10
0	0	0	0	3.58693620604389e-13	3.95317194141847e-18	-3.47718403326737e-09
0	0	0	0	3.24920252655623e-13	-7.20119054861659e-18	1.04968413484073e-08
0	0	0	0	3.58981466436619e-13	-4.95981265990783e-17	4.31355666279389e-10
0	0	0	0	3.58767518514621e-13	5.79441886211989e-17	2.57373130414532e-09
0	0	0	0	3.58799915991949e-13	9.1824282075859e-18	-4.37153881122698e-09
0	0	0	0	3.58981466305004e-13	-1.07825602148242e-16	4.6265513101699e-09
0	0	0	0	3.58767518507664e-13	-5.52462778812127e-18	3.64737075377906e-09
0	0	0	0	3.58962702367867e-13	1.50348720008518e-18	-3.35940771207146e-09
0	0	0	0	3.6293532176553e-13	1.29510574358781e-18	-1.52992439834421e-12
0	0	0	0	3.58767518514624e-13	-6.70625059163514e-17	3.18965239447321e-09
0.0455704295704296	0.0246030220922213	0.0509707267133724	0.0509707267133723	0.049263610734341	0.0492636094314489	1.1770248865966e-08
0	0	0.00804234632194313	0.00804234632194307	1.28584068613512e-11	2.81162574122983e-17	-6.55899451079695e-08
0	0	0.00287113736972662	0.00287113736972672	0.00152220135125374	0.00152220292924338	-2.05631159805405e-08
0	0	0	0	3.5820727021391e-13	1.55474692148079e-17	6.67771586574523e-10
0.00352247752247752	0.00299968155956874	0.00582068932988446	0.00582068932988443	0.00257710983421857	0.00257711259322905	1.70947648624791e-07
0	0	0	0	3.57479909908818e-13	-1.87164207198125e-17	3.00893137832929e-08
0	0	0	0	3.58774503261556e-13	-3.06733016276309e-18	-5.50947840159931e-08
0	0	0	0	3.58114021261698e-13	-2.54696484535385e-18	-9.49591308649813e-09
0	0	0	0	0.00175553239883681	0.00175553447082306	-2.00906614860867e-09
0	0	0	0	3.58934109949572e-13	-1.13604756529999e-17	5.84679417545803e-09
0	0	0	0	3.5980509135342e-13	-6.68167668373038e-18	4.85241119288447e-07
0	0	0.00480799611044627	0.00480799611044616	0.000866625623151362	0.000866626448401433	1.01062918544246e-07
0	0	0	0	3.58997752471862e-13	-1.06813978272777e-17	1.91523848353444e-08
0.00443356643356643	0.00282156085183152	0.00616207987404202	0.00616207987404197	0.00505721325929329	0.00505721867454504	6.11906535588477e-06
0	0	0	0	3.58933739882711e-13	1.75210313612519e-17	1.96428211600967e-07
0	0	0	0	3.595912988706e-13	-1.77054254121649e-18	7.50410222716946e-08
0	0	0	0	3.59097618086645e-13	-7.39946565699461e-18	1.8587139853472e-05
0	0	0	0	3.58233180841512e-13	8.85389627766619e-17	-5.20643197720225e-08
0	2.37248990668419e-06	0.00322933188851349	0.00322933188851343	0.00118871980417125	0.0011887210362077	8.94182792298541e-09
0	0	0	0	3.58981466310448e-13	2.34635951313013e-18	2.51072508015289e-07
0	0	0	0	3.586663653441e-13	-1.64116146476123e-17	-1.50299288126043e-07
0.000143856143856144	2.32828316787363e-06	0.00662338276820087	0.00662338276820077	0.00121413537579314	0.00121413655163525	1.30292456158599e-08
0	0	0	0	3.58666731918504e-13	1.10760607458085e-17	-9.66150266012078e-07
0	0	0	0	3.57900844084771e-13	1.9083010385202e-18	-1.92643695914179e-07
0	0	0	0	3.58584794712652e-13	5.95951979409187e-18	6.39112183871935e-09
0	0	0	0	3.65499091233224e-13	1.38049976876464e-17	-1.04453825881942e-05
0	0	0.00232607438135754	0.00232607438135757	0.00103898007966106	0.00103898106644939	-1.32680198926126e-07
0	0	0	0	3.58205324479509e-13	7.05796582153851e-19	5.21458487279095e-08
0	0	0	0	3.58968602327287e-13	-2.59796663495863e-17	1.67717327307895e-07
0	0	0	0	3.57821258681548e-13	-1.95800179073445e-17	6.12871925717177e-08
0	0	0.00298457366526176	0.00298457366526198	0.000990331747575181	0.000990332773476755	1.3332702382847e-07
0	0	0	0	3.61920968723962e-13	-3.09709067784738e-17	-1.33247919289329e-06
0	0	0	0	3.58645803553752e-13	4.09969708372035e-17	-3.04720537774315e-08
0	0	0	0	3.57167009002638e-13	1.01470935744447e-19	9.76351502862847e-09
0	0	0	0	3.65338396439503e-13	-3.03447403371756e-18	-2.27597112323505e-07
0	0	0	0	3.55021796304262e-13	-3.44266538383297e-19	-1.25562426137199e-08
0	0	0	0	3.58987452274819e-13	-1.70882728927239e-17	-8.22341399776005e-08
0	0	0	0	3.58896405867265e-13	-3.72348188781586e-18	-1.63490592193092e-07
0	0	0	0	3.5862524405078e-13	2.00383271698158e-17	-1.92317340298373e-09
0	0	0	0	3.5660322136972e-13	-2.26573365893329e-18	-7.62405150605754e-09
0	0	0	0	3.58854790476793e-13	-3.22188822963464e-17	-1.714569424212e-08
0	0	0	0	3.58625244123288e-13	1.13314698229482e-17	-1.13509560734131e-08
0.000163836163836164	2.34292645823761e-06	0.00521364713410131	0.00521364713410124	0.00153344411827763	0.001533445656863	-7.35890431471313e-09
0.00473726273726274	0.0024901364366873	0.00458179934581511	0.00458179934581507	0.00478205335821334	0.0047820584575471	-1.16858879743481e-08
0	0	1.6121366344138e-05	1.61213663442164e-05	0.00169077704765822	0.00169077910453677	-1.93221046432152e-08
0	0	0	0	3.5854114213683e-13	2.34816699831509e-18	-1.84939026670834e-08
0	0	0	0	3.58982196214489e-13	1.23159718550301e-17	2.1036785241796e-07
0	0	0	0	3.58978143086986e-13	1.19591548709609e-17	2.16769693641131e-08
0	0	0	0	3.60218094509261e-13	-2.49041589031472e-19	-5.52676978546134e-08
0	0	0	0	3.63554429049012e-13	-6.25611098258038e-18	1.148880947558e-07
0	0	0	0	3.95313395187666e-13	1.06257187791351e-17	1.72881905352701e-07
0	0	0	0	3.5885174638632e-13	3.44063361859525e-17	4.45163511255054e-07
0	0	0	0	3.59168262158552e-13	1.37370410797189e-17	1.64506876358969e-08
0	0	0	0	3.59376758452706e-13	-4.44061348404368e-17	1.41266594211229e-08
0	0	0	0	3.57672159203297e-13	6.21275153838895e-18	5.60749178971411e-08
0	0	0	0	3.61305999758292e-13	7.91073859381348e-18	-3.70049440817675e-08
0	0	0.00355791262102912	0.00355791262102916	0.00142121607033907	0.00142121758805297	-1.29450731156075e-09
0	0	0	0	3.58981466329742e-13	-5.5339546643319e-18	-2.81828078806561e-09
0	0	0	0	3.54956358049363e-13	1.51533466624609e-17	6.53245254434602e-10
0	0	0	0	3.58841446804037e-13	8.40722892720303e-18	8.97746369755193e-09
0.0431468531468531	0.0249351320347953	0.0487404584013326	0.0487404584013327	0.0468451086175772	0.046845107512128	1.12668868406032e-08
0	0	0	0	3.57586084762075e-13	1.14812346287902e-16	-1.09500393766682e-07
0.00625374625374625	0.00525659235837855	0.0106992576485291	0.010699257648529	0.00422447962095294	0.00422448144370182	4.15482030414841e-09
0	0	0	0	3.58851746310581e-13	6.08988649478951e-18	-8.93870159760776e-08
0	0	0	0	3.6098748569355e-13	6.49363166569349e-18	-4.17596651191041e-07
0	0	0	0	3.52717737438284e-13	-4.0926263685607e-17	-4.6924803126014e-09
0	0	0	0	3.6794330151512e-13	6.81051364312829e-18	-3.54751198268588e-07
0	0	0	0	3.5909788710328e-13	7.38899078336197e-18	-1.67262343843537e-08
0	0	0	0	3.58915405570906e-13	4.03691223683548e-17	1.4498442043506e-08
0.00174825174825175	0.00203260069162277	0.0030728170027472	0.00307281700274726	0.001619688979942	0.00161969069550516	-2.05770893692288e-08
0	0	0	0	3.64541740327766e-13	-1.51512753572439e-18	9.36824365883437e-09
0	0	0	0	3.59486820037523e-13	-2.8470215223672e-17	5.1119725840455e-09
0	0	0	0	2.86093858836422e-13	-1.10392741565325e-18	5.41276876795469e-09
0	0	0	0	3.55151854156024e-13	-5.845551105711e-18	1.62192751562395e-09
0	0	0	0	3.58915405641575e-13	-1.32291462776042e-17	1.08343835433178e-08
0	0	0	0	3.26446085541181e-13	1.31658420092809e-17	9.37778123779982e-09
0	0	0	0	3.42484765524038e-13	3.98662708098113e-18	-5.06501409121727e-09
0.0525214785214785	0.0324977778976557	0.0553265970887176	0.0553265970887175	0.052147235719961	0.052147234300457	1.46257644828275e-08
0	0	0	0	3.58851746386113e-13	7.91227861250425e-18	1.65608738630389e-08
0	0	0	0	3.77182335678537e-13	-7.52736245346883e-18	7.43028801960985e-08
0	0	0	0	2.94426445661414e-13	-2.16848110302183e-18	7.14696502292183e-09
0	0	0	0	3.58885458676989e-13	5.35538490380247e-17	3.96909745438498e-08
0	0	0	0	3.65104171703905e-13	-4.79646055859506e-17	3.14322118272926e-09
0	0	0	0	4.70481712575045e-13	3.73401165065794e-18	1.43832890385865e-08
0.00212987012987013	8.59212535496718e-06	0	0	0.0013546863545678	0.00135468786169745	8.71196249640593e-09
1	1	1	1	1	1	-3.53655192089114e-08
0.0021958041958042	0.00211192890908738	0.00520932549082773	0.0052093254908277	0.00177871997042672	0.00177872187616788	6.97305806860143e-09
0	0	0	0	3.49061009339775e-13	-6.4352214791803e-18	7.83822564018978e-09
0	0	0	0	3.6538244474432e-13	4.91988082918162e-18	1.53887716421146e-09
0	0	0	0	2.88749716098445e-13	5.35791682902514e-18	1.63257853904353e-08
0	0	0	0	3.59110750574443e-13	6.3187077120802e-18	1.00295770127103e-08
0.000581418581418582	0.00235173217177832	0.00195027267109828	0.00195027267109824	0.000567445619517936	0.000567446227445144	1.27133931918276e-10
0.000705294705294704	0.00164813571653235	0.000366260597346702	0.000366260597346684	7.41365773385268e-05	7.41361112042757e-05	2.74092905342462e-09
0	0	0	0	3.59647139274722e-13	-7.41771168333529e-18	2.92217521016196e-10
0.0235984015984016	0.0120417533174582	0.0239468859089216	0.0239468859089218	0.0225135301270116	0.0225135332559141	-3.65931618093975e-10
0	0	0	0	3.34647517669389e-13	-1.59899273270932e-18	2.97449324721088e-09
0	0	0	0	3.59576553970824e-13	-7.1773429328207e-18	3.0003064913731e-10
0	0	0	0	3.66624487139074e-13	-2.20693432482844e-20	2.72271046733129e-11
0	0	0	0	3.34590442786288e-13	1.26442959865537e-18	2.71857976024855e-09
0	0	0	0	3.59395091636583e-13	-4.43850369642804e-18	2.92259234306876e-10
0	0	0	0	3.58981466273028e-13	-2.74690716804778e-17	-1.65888984041968e-08
0	0	0	0	3.59047504843629e-13	-2.08785060165275e-18	-2.20755917491317e-09
0	0	0	0	3.59051041981498e-13	6.0633307778367e-18	-5.47960757760162e-10
0	0	0	0	3.58981466206957e-13	-2.30591818375701e-17	5.29534714870889e-08
0	0	0	0	3.59317797227268e-13	-4.75250330850118e-20	3.47649851109368e-09
0	0	0	0	3.58993491433465e-13	5.72854842479269e-18	-1.11894751651799e-08
0	0	0	0	3.5898146587014e-13	3.27526573945634e-18	0
0	0	0	0	3.58921915421368e-13	-3.80671076889213e-18	3.54644120432546e-09
0	0	0	0	3.59395091636712e-13	2.71644461795217e-18	2.94553025721382e-10
0	0	0	0	3.58811876673318e-13	-1.23105901583625e-18	4.76085863044701e-09
0	0	0	0	3.58406930390135e-13	1.88961313347343e-19	1.03008112838769e-08
0	0	0	0	3.59359093107422e-13	-1.49439743178951e-18	2.69461251255227e-10
0.00195004995004995	0.00201776820299524	0.00551293742702957	0.00551293742702955	0.00213170688834131	0.00213170916547776	1.57187890448498e-07
0.00183216783216783	0.00321478046146429	0.00302317444377358	0.00302317444377357	0.000816178338734224	0.000816179275315216	-2.76496410935891e-07
0	0	0	0	3.59205536905089e-13	4.81802389750073e-18	3.7060866900498e-09
0	0	0	0	3.59644257101015e-13	-1.66068311499031e-17	1.64076743231833e-06
0.00266333666333666	8.81032720504631e-06	0.00187014086983086	0.00187014086983084	0.000841461769285587	0.00084146274041728	6.43190384668794e-08
0	0	0	0	3.58223502678625e-13	3.03293623597372e-18	1.77843565647923e-08
0	0	0	0	3.59053771347119e-13	4.84652330619939e-18	1.53582260384932e-06
0	0	0	0	3.5832058923025e-13	-8.09342779061536e-18	-3.80327523536059e-09
0	0	0	0	3.58450249017647e-13	-1.43392355118768e-18	-8.02330661089037e-12
0	0	0	0	3.59266444014402e-13	1.44634366108012e-17	5.9808914120207e-10
0	0	0	0	3.59789954957742e-13	2.45858985820593e-18	3.01415699490701e-09
0	0	0	0	3.59359093185319e-13	1.63721035871334e-17	2.75458887043597e-10
0.00238761238761239	0.000249732262368598	0.00355764030074355	0.00355764030074354	0.000856576841017448	0.000856577751516848	-1.38180447196514e-09
0	0	0	0	3.58838579760652e-13	6.41606187357805e-19	-8.56178037206995e-11
0	0	0	0	3.59201294943284e-13	-4.81795196055897e-18	2.70783304119347e-10
0	0	0	0	3.59279547003899e-13	2.75208723725621e-19	-3.06301422370984e-07
0	0	0	0	3.52574771123358e-13	-3.30298521246672e-18	-6.7185168706801e-08
0	0	0	0	3.59828705442578e-13	2.77492154275271e-17	1.02341467310801e-09
0	0	0	0	3.58984380823563e-13	6.1434369535941e-18	-2.82806803623753e-06
0	0	0	0	3.59243402502104e-13	1.42785311541084e-17	-3.24150410750266e-08
0.00237362637362637	4.85026524566395e-06	0.00299861505161054	0.00299861505161063	0.000968206379660982	0.00096820743918496	1.03571760715698e-08
0.000555444555444556	0.000312102638211406	0.00163495010120704	0.00163495010120707	0.000474956593039028	0.000474957093225389	7.53901959327554e-09
0	0	0	0	3.58973222304115e-13	3.67287420449706e-18	2.69850450780398e-08
0	0	0	0	3.58262661652037e-13	-7.58854633247462e-18	1.37435096718417e-11
0	0	0	0	3.5898146587014e-13	-3.24382282624213e-19	0
0	0	0	0	3.58610980650732e-13	-1.2355074941958e-18	1.60797459666665e-10
0	0	0	0	3.59201294943267e-13	7.47928463055137e-18	2.68696563589329e-10
0	0	0	0	3.58981465991706e-13	-9.1516720510827e-18	-2.08412633555477e-09
0	0	0	0	2.55701627529769e-06	2.5415566590095e-06	1.54897871991772e-10
0	0	0	0	3.53361902975452e-13	-1.21537356581769e-18	-2.15712890451644e-09
0	0	0	0	3.64470013381283e-13	-1.55358814705786e-18	-1.87060474075712e-08
0	0	0	0	3.57549934728348e-13	2.25605586255149e-18	1.56555158975105e-10
0	0	0	0	3.58223502754106e-13	4.51723982337282e-18	-2.43452959599302e-08
0	0	0	0	3.58981465472544e-13	-7.2798744714528e-18	0
0	0	0	0	3.57463381604478e-13	4.02822916498313e-18	1.60792165370703e-10
0	0	0	0	3.58483091839685e-13	1.8089959007976e-18	3.99844492441222e-10
0	0	0	0	3.58981465957055e-13	9.28486941557876e-18	-5.97322907663646e-09
0	0	0	0	3.57478392434969e-13	6.09594355291265e-18	1.58741713063712e-10
0.00241158841158841	0.00866990552819966	0.00402147328820245	0.00402147328820251	0.00199114260262593	0.00199114485565105	2.51086863332807e-09
0	0	0	0	3.58995228328711e-13	-5.52040297756339e-18	7.57238202785308e-09
0	0	0	0	3.58990220321819e-13	4.51535256067684e-18	1.04306285920377e-09
0.00318681318681319	0.000865923789670937	0.0137308149655391	0.0137308149655389	0.00254865945158379	0.00254866146353236	-9.79896858717606e-09
0	0	0	0	3.59814259639815e-13	-9.69707596864687e-18	-5.88844064270099e-09
0.00364235764235764	0.00296155989050939	0.0150748712327656	0.0150748712327654	0.00131495022843394	0.00131491075368927	2.61415582226039e-09
0	0	0	0	3.59868562612168e-13	1.32567670217821e-18	-1.76036806204728e-08
0	0	0	0	3.58987301060216e-13	-1.02684097256652e-17	1.30962816918272e-08
0	0	0	0	3.42012848076126e-13	2.04576282650891e-18	1.01488300818538e-09
0.00604995004995005	0.00289451110625599	0.00788444718404735	0.00788444718404732	0.00509748502618218	0.00509749049265809	-1.18336273081891e-08
0	0	0	0	3.57191938725223e-13	-8.2057868664151e-18	1.80550930094395e-08
0	0	0	0	3.57452832295505e-13	1.08865042048806e-18	-3.71124501612167e-09
0.00281118881118881	0.00466179039575202	0.00608415271646972	0.0060841527164697	0.00315773926805761	0.00315774133693103	5.38436395761006e-09
0	0	0	0	3.58979516579289e-13	3.22308674362239e-18	1.54216325375922e-10
0	0	0	0	3.58981308355926e-13	1.69467881552361e-18	2.87929495755173e-08
0	0	0	0	3.58978177398072e-13	-2.06480700520993e-18	-1.76381411728775e-08
0.00456943056943056	0.00288628277084854	0.0062589543443842	0.00625895434438416	0.00389288969183782	0.00389289386690078	-4.34068185835564e-09
0	0	0	0	3.58961329269709e-13	-4.47527751388573e-18	-8.21749750477766e-09
0	0	0	0	3.58986936506772e-13	-5.61942924808998e-18	3.60568044160582e-09
0	0	0	0	3.58981561927299e-13	-2.93006696941588e-18	-1.84283137462723e-10
0	0	0	0	3.70392936991086e-13	4.1324100628185e-18	-1.11834321137462e-08
0	0	0	0	3.56316094173219e-13	2.33268253544299e-18	4.5296954191147e-10
0	0	0	0	3.56527580515407e-13	3.87286053876954e-18	2.21639726759694e-09
0	0	0	0	3.5903913708506e-13	2.2499184622657e-17	1.86815550952393e-09
0.000611388611388612	0.00221063102688579	0.00286815389019952	0.00286815389019952	0.00181006351680119	0.00181006549088708	1.58612932332466e-08
0.00304295704295704	0.00220212200048669	0.0092983669640444	0.0092983669640443	0.00204820215729282	0.00204820374827834	1.19704731533904e-09
0	0	0	0	3.6538523444719e-13	-8.70489893151409e-18	8.79673580549904e-10
0	0	0	0	3.56512295203082e-13	2.5517462679685e-18	1.02406536983766e-08
0.0145114885114885	0.00749410916479304	0.0159330523200754	0.0159330523200753	0.0134177950222362	0.0134177968248788	1.78705148177925e-09
0	0	0	0	3.58981466312248e-13	8.98509794165704e-18	4.64478907810157e-09
0	0	0	0	3.60840299435866e-13	9.42675228829498e-18	2.11308575533068e-08
0	0	0	0	3.63471070580303e-13	-1.25650847503528e-17	8.86851400789212e-09
0.159364635364635	0.0831778116792534	0.156779101835588	0.156779101835588	0.15951857143743	0.159518588828265	5.61551988876189e-11
0.000795204795204796	2.4175359917492e-06	0	0	3.18456551667591e-12	5.94003952502738e-19	-6.8316865218629e-09
0	0	0	0	3.45851630937017e-13	1.15985070682362e-18	-8.57335787494213e-10
0	0	0	0	3.66599155850258e-13	5.49570172729504e-17	-4.09165703404171e-08
0	0	0	0	3.11157282865355e-13	-5.17873740070957e-18	-2.21526423124898e-09
0	0	0	0	3.58170763990476e-13	1.57776208822894e-17	1.01166980003512e-09
0	0	0	0	3.58981466284017e-13	6.6574053404647e-18	-5.23616336086082e-09
0	0	0	0	3.5636753836176e-13	8.18519334944776e-19	-1.17140118715453e-08
0	0	0	0	3.58994912575611e-13	6.79843101842389e-18	1.84656147083439e-09
0	0	0	0	3.64218255718121e-13	1.10864658762774e-17	3.43892832888235e-07
0	0	0	0	3.56473943379593e-13	1.19348938160646e-17	1.02686674179207e-07
0	0	0	0	3.58991388976001e-13	-5.19200588819487e-18	1.18873981883193e-08
0	0	0	0	3.71754265325518e-13	2.75724294140725e-17	3.84884937230949e-06
0	0	0	0	3.57709133014761e-13	-1.90641775400019e-17	9.35588988104572e-08
0	0	0	0	3.58164693176729e-13	1.44223073601013e-17	4.60134324973004e-08
0	0	0	0	3.58981466278689e-13	8.0845098844794e-18	5.97036900103699e-09
0	0	0	0	3.58950769684678e-13	-5.23221219097099e-18	-1.00809856499949e-08
0	0	0	0	3.59042285074811e-13	2.4643020424252e-18	-3.051517585233e-10
0	0	0	0	3.58981466305052e-13	2.64737186639064e-19	-6.80070928127208e-07
0	0	0	0	3.58946048507611e-13	4.66303841991347e-18	-1.27757736143352e-07
0	0	0	0	3.5965700478413e-13	-1.28639194114458e-17	5.72932896391361e-09
0	0	0	0	3.58995378314695e-13	1.08391458295076e-17	-6.56458471167977e-06
0	0	0	0	3.57411399201639e-13	5.6468658729108e-18	-8.58364708521724e-08
0.00103096903096903	0.00188678879349615	0.00128690301825052	0.00128690301825049	0.00103526846281819	0.00103526950128259	2.90158645778016e-08
0	0	0	0	3.60142544349616e-13	2.78435861308801e-18	8.84236568711418e-08
0	0	0	0	3.5904857214434e-13	7.67564346815413e-18	3.34803715545122e-08
0	0	0	0	3.5784722095898e-13	-6.92081183424271e-18	7.16302494544741e-08
0.00222177822177822	0.00939354853506853	0.00320707402585656	0.00320707402585658	0.00119326144555414	0.00119326271628682	-1.37365310932134e-06
0	0	0	0	3.58786611970425e-13	-1.92375883637378e-17	-2.51480789624105e-08
0	0	0	0	3.57861910460955e-13	1.36272445139648e-17	6.4517320488749e-09
0	0	0	0	3.71721704160411e-13	-6.15522657918821e-18	-9.82011034576196e-09
0	0	0	0	3.61520549902651e-13	7.87481620693181e-18	-1.08439571697518e-08
0	0	0	0	3.58991388976605e-13	1.66302763690493e-19	-6.42618595518549e-09
0.00194805194805195	0.00292767888812322	0.0047071106687015	0.0047071106687016	0.00226699927668253	0.002267001738846	-1.24552459322908e-07
0	0	0	0	3.59559377852608e-13	-4.68492984512757e-18	-1.00668169490126e-09
0	0	0	0	3.5797092303775e-13	1.17882931750356e-18	-3.93784614669288e-08
0	0	0	0	3.59806961783313e-13	1.66403418090803e-18	-1.43943272767083e-07
0	0	0	0	3.57141161812357e-13	-4.05852673063076e-18	-8.69707197622799e-09
0	0	0	0	3.59013680568605e-13	8.03364050041033e-18	-1.23486027273439e-09
0	0	0	0	3.58988510016611e-13	-1.30100472486053e-17	-8.70796794176299e-09
0	0	0	0	3.58352289063368e-13	8.34625205606715e-19	6.08291927366705e-09
0	0	0	0	3.5193546651433e-13	-2.020345739072e-18	-3.49614674585526e-09
0	0	0	0	3.58717753973101e-13	4.20543556948591e-18	-3.31514213752799e-08
0	0.00136567264815671	0	0	0.000187459561388196	0.00018745962191359	-5.88068215158304e-09
0	0	0	0	3.56033790815255e-13	-3.89535362216937e-18	-7.15973468758729e-09
0	0	0	0	3.58984524285901e-13	6.73796967372772e-19	7.87325354401314e-09
0.00354045954045954	1.05670784008862e-05	0.00507734774697995	0.00507734774697994	0.00315102468229991	0.00315102926969594	2.20650636796567e-09
0	0	0	0	3.66057572560749e-13	-4.89709628617327e-18	8.10434047127223e-07
0	0	0.00628837479847136	0.0062883747984713	0.00138276626235054	0.00138276765082239	4.075262218723e-08
0	0	0	0	3.59592473907195e-13	2.68614691333438e-18	-1.4711890082682e-07
0	0	0	0	3.63484346292886e-13	-6.23636210394983e-18	-4.6550189995336e-08
0.00107692307692308	1.75718297263111e-05	0	0	0.000608270999964581	0.000608272179876206	-2.90496702957242e-10
0	0	0	0	3.48924459092869e-13	1.74329601474992e-18	4.60124488258326e-08
0.0107992007992008	0.00735092366713698	0.0119747014278852	0.0119747014278851	0.0123034035265371	0.012303414286405	1.4398536140892e-08
0	0	0	0	2.83127440197975e-13	-5.47997557112849e-18	-9.54547298103817e-10
0	0	0.00425147597127108	0.00425147597127108	0.00121853366583746	0.00121853489641309	4.69593056668194e-09
0	0	0	0	3.59658999012469e-13	-2.74292009543478e-18	-1.16695436203101e-09
0.00300299700299701	0.00551938977579114	0.00810175954074089	0.0081017595407408	0.00591883971096444	0.00591884208492488	3.23761232333916e-08
0	0	0	0	3.56204761959585e-13	-1.19562885333172e-17	1.52712260775018e-08
0	0	0	0	3.56936273398406e-13	-5.18094044870073e-18	-1.43071814923813e-09
0	0	0	0	3.58941550080098e-13	1.64649518120672e-17	-2.67686123334073e-07
0	0	0	0	3.5898146630501e-13	-7.98701995349997e-18	3.47807952879351e-08
0	0	0	0	3.59061325108247e-13	-3.80419270837248e-18	-5.22814117096627e-08
0	0	0	0	3.56725926413938e-13	1.31287344042973e-17	-3.23339197382481e-12
0	0	0	0	3.58982300333031e-13	-1.03806971158412e-18	-9.21380298874762e-11
0	0	0	0	3.66387193837811e-13	-3.25673482620755e-17	4.20582287081875e-07
0	0	0	0	3.20202900023122e-13	3.29780559465429e-18	-1.33791699362233e-07
0	0	0	0	3.5649541746373e-13	3.02779720447775e-18	6.25296571488999e-07
0.00505494505494506	0.00271080124041785	0.00464857483963941	0.00464857483963922	0.00404734469647176	0.0040473490374957	-2.96535541882563e-09
0	0	0	0	3.52568052657193e-13	3.89715088183954e-18	4.20656984538748e-09
0	0	0	0	3.72040102631303e-13	2.20180324521414e-19	1.79182393341702e-08
0	0	0	0	3.58981466294638e-13	-1.92212683163913e-17	4.34938440489553e-09
0	0	0	0	3.58619753004985e-13	-9.9917128960115e-18	-5.51388339037977e-09
0	0	0	0	3.58814776274935e-13	-7.56643800022284e-18	-4.05376801569022e-09
0	0	0	0	3.59094134949857e-13	-1.59977188428024e-17	1.42293330724464e-09
0	0	0	0	3.57508353798924e-13	-1.45454404419027e-17	-5.24836579805412e-09
0.00311288711288712	0.00309282919608835	0.00468215234410558	0.0046821523441056	0.00239865869011805	0.00239866124697675	5.5740851005347e-09
0	0	0	0	3.59319493021659e-13	7.07677745068905e-18	-1.52590249639478e-09
0	0	0	0	3.55923180024627e-13	7.0119032449919e-18	-5.75976080657232e-09
0	0	0	0	3.58552969307419e-13	-5.78067450659078e-18	1.69867197544071e-08
0.143804195804196	0.451358672891351	0.147790943255863	0.147790943255863	0.14421525720431	0.14421525858606	-9.0869463958934e-08
0	0	0	0	3.44926397170266e-13	-3.93324524307864e-17	6.36179244367655e-08
0	0	0	0	3.46988431673816e-13	-3.97510587150707e-18	2.7604120688473e-09
0	0	0	0	3.661590115068e-13	9.21280185652542e-18	2.08441371722605e-07
0	0	0	0	3.4599746228787e-13	-5.13352569897763e-18	-1.39612998661409e-07
0	0	0	0	3.58545763988776e-13	1.60765363021563e-17	-3.832796834486e-08
0	0	0	0	3.71333861605664e-13	-1.45582744754635e-17	5.5600859154558e-07
0	0	0	0	3.5939293623626e-13	1.86775594414213e-18	1.10893358329823e-07
0	0	0	0	3.54150873081106e-13	1.28530250257628e-17	1.47602531077095e-08
0.00444155844155844	0.00283930651756631	0.00574930843191081	0.00574930843191076	0.00501714652547429	0.00501715190329978	6.01768677470994e-06
0	0	0	0	3.58312404614767e-13	-5.96626224612207e-17	2.11596492158503e-07
0	0	0	0	3.58759428112477e-13	-9.11460679513843e-18	8.6222731844937e-08
0	0	0	0	3.59096070460567e-13	-4.66030200051495e-18	2.73008993620452e-05
0	0	0	0	3.59027177195335e-13	1.25233785085106e-18	-2.00051668476377e-08
0	0	0	0	3.56466744062003e-13	2.20548765063203e-17	1.02789732346674e-08
0	0	0	0	3.58953394104586e-13	2.45405117346822e-17	3.77195277741175e-07
0	0	0	0	3.59014534334101e-13	-9.75708001813668e-18	-1.3928002253931e-07
0	0	0	0	3.57292683247144e-13	-2.60583079340523e-18	1.59310848387189e-08
0	0	0	0	3.59101149398597e-13	-2.27540550640611e-17	-1.11611273527188e-06
0	0	0	0	3.59488428788019e-13	-1.86937525378493e-17	-5.84896933756392e-07
0	0	0	0	3.59025226173622e-13	1.74703115044007e-17	3.00092817000449e-08
0.00354845154845155	0.00305248568701728	0.00452049677727331	0.00452049677727322	0.00252554369655963	0.00252554640105025	-1.45588157980499e-05
0	0	0	0	3.58109258030859e-13	-2.3935902236922e-19	-2.21182612001599e-07
0	0	0	0	3.59721712693823e-13	3.6982736245965e-18	3.97461791491287e-08
0	0	0	0	3.59115609316231e-13	2.71799539909109e-18	2.36082503805541e-07
0	0	0	0	3.58811254894492e-13	-1.15643774009912e-17	1.1369608549669e-07
0	0	1.47457762865573e-06	1.47457762864319e-06	0.000975194416723971	0.000975195433462822	1.58668021240402e-07
0	0	0	0	3.58981466314345e-13	2.7647374814549e-18	-1.30257192867436e-06
0	0	0	0	3.59028152529171e-13	1.0785034342852e-18	4.21276390158729e-09
0	0	0	0	3.59316703980017e-13	-1.14717015425675e-17	1.14104846217905e-08
0	0	0	0	3.5899696498143e-13	-1.08712486588407e-17	-3.06327755963048e-07
0	0	0	0	3.59041771757141e-13	1.64597505409765e-19	6.87113061369614e-09
0	0	0	0	3.59606532054139e-13	-1.04028298327548e-17	-7.66477628829413e-08
0	0	0	0	3.72353265635446e-13	2.24505541556837e-17	-1.79576546295055e-07
0	0	0	0	3.59041771726119e-13	-1.91414220247127e-17	2.22418207989875e-08
0	0	0.00447548739720378	0.00447548739720379	0.00138044023817785	0.00138044168127089	9.28650785175125e-09
0	0	0	0	6.32493752793943e-12	-1.25312778426075e-16	-2.14849523095006e-08
0	0	0	0	3.59041771799399e-13	4.8824990758407e-18	2.22058660613686e-08
0	0	0	0	3.56869834460792e-13	-7.56291857196666e-18	3.80008670317521e-09
0	0	0	0	4.13596960184621e-13	1.1197016422628e-17	2.5694732861809e-07
0	0	0	0	3.15519615812172e-13	-1.24041459796123e-17	1.09826042996686e-07
0.00373426573426574	0.00240151651466553	2.44148478488138e-05	2.44148478488137e-05	3.11661705286911e-14	7.42621750662781e-18	-3.77097180642326e-09
0.082931068931069	0.0381612612469908	0.029419261658993	0.0294192616589935	0.0968057479525705	0.096805852117861	3.23358305972083e-06
0.000597402597402596	4.64200368730065e-06	0.00535478594199673	0.00535478594199668	0.000211990089220695	0.000211990206985908	-3.50077418728612e-08
0	0	0	0	3.67504465548236e-13	-7.03412135122299e-18	3.35327233396053e-06
0	0	0	0	3.62188589197893e-13	-7.21905923804273e-18	1.10437951713903e-08
0	0	0	0	3.52187588813035e-13	-1.31956249484206e-17	7.42550671019092e-10
0.00716483516483516	0.00420987426943304	0.00752625002159598	0.00752625002159588	0.00768928820799766	0.00768929183504959	8.05920254412758e-09
0	0	0	0	3.58984524285908e-13	-1.33054119943488e-17	7.72307660720728e-09
0	0	0	0	3.58990220321506e-13	-1.42768380177939e-17	1.18037918488033e-09
0	0	0	0	3.58984524285862e-13	6.36846303854829e-18	5.0808291302786e-09
0	0	0	0	3.58979516579289e-13	-9.87839478839362e-18	5.95713937983835e-09
0	0	0	0	3.57500699949094e-13	-3.41612452072279e-18	2.20445278086921e-06
0	0	0	0	3.58984868370053e-13	2.63405549212246e-18	-8.82110999067419e-10
0	0	0	0	3.57446966837908e-13	-1.19499660519049e-17	-2.33719401263729e-08
0	0	0	0	3.58979516579412e-13	3.24228348489483e-18	-7.51141389926413e-09
0	0	0	0	3.58973820885714e-13	1.53726613933923e-18	8.29487633564262e-09
0.00358241758241758	1.34990022715751e-05	0.00687274981199053	0.00687274981199061	0.00314957681925436	0.00314958194984344	3.7588124788142e-08
0	0	0	0	3.58984868369956e-13	-5.16905174484855e-18	3.64935347003578e-10
0	0	0	0	3.5896311812772e-13	6.49637445951486e-18	2.14251498356332e-08
0	0	0	0	3.57223749193422e-13	1.25365449038565e-17	-4.05887171848664e-09
0	0	0	0	3.58963118127765e-13	3.04560597342551e-17	-6.18711880014595e-09
0.00306293706293706	0.00166003238728499	0.00215234830585835	0.00215234830585838	0.00315510590670167	0.00315510896323972	1.84341844965199e-09
0	0	0	0	3.58979516579415e-13	1.68028304850269e-17	1.2072653370386e-08
0	0	0	0	3.58483091839685e-13	-1.01849191394689e-17	3.99844492441222e-10
0	0	0	0	3.5596068610989e-13	5.60894384479787e-18	-5.83807161338821e-10
0	0	0	0	3.58630924886767e-13	-2.30042228175333e-17	-2.03544023571411e-08
0	0	0	0	3.57696547305449e-13	2.58098546934752e-17	1.43709966793721e-08
0.00717482517482517	0.00282289184704452	0.00567297477461445	0.00567297477461443	0.00263458061067205	0.00263458337711476	2.70976993880867e-09
0	0	0	0	3.58753391079319e-13	6.80416332259023e-18	-1.39872482457986e-08
0.000613386613386613	0.003022381734961	0.00377663902305916	0.00377663902305915	0.00181379828321576	0.00181380023564826	6.52195314209826e-08
0.00391008991008991	0.000322888828080669	3.62063771406245e-06	3.62063771406235e-06	0.00166175724177264	0.00166175907563285	1.61083673694285e-08
0	0	0	0	3.65275441857275e-13	-8.66765977862355e-18	1.21068246563493e-09
0	0	0	0	3.59127902299132e-13	8.37353546839654e-18	-5.41167711289821e-08
0	0	0	0	7.55747624831762e-13	-1.92485247244975e-17	-5.32641001573582e-07
0	0	0	0	3.58688951991302e-13	5.70783488360349e-18	-1.36838572248236e-08
0	0	0	0	3.31323496104728e-13	-3.05271874539002e-17	5.40951759181108e-12
0	0	0	0	3.65610670936683e-13	1.23505419612941e-17	-9.21380298874762e-11
0	0.00318188693626432	0.00370592093332657	0.00370592093332663	0.00180029805203497	0.00180030017603676	8.70934133970305e-09
0	0	0	0	3.5931444811185e-13	-1.20925941025552e-17	2.3927977590899e-08
0	0	0	0	3.58981466305007e-13	-7.91203120580887e-18	-4.06183353127689e-09
0	0	0	0	3.58317350411948e-13	-1.97490950495638e-17	-8.86825643933281e-10
0	0	0	0	4.02894556368666e-13	3.55295380236306e-17	3.1339645941666e-11
0	0	0	0	3.65610670936683e-13	-1.59443150356822e-18	-9.21380298874762e-11
0.00407992007992008	0.00310458869650201	0	0	0.0028283794392569	0.00282838494422328	9.28381027224182e-07
0	0	0	0	3.13874280224206e-13	6.78562935202228e-18	-1.06223407596534e-07
0	0	0	0	3.590367112084e-13	-3.58365616468717e-18	-4.21898873020579e-07
0.0172327672327672	0.012615090835266	0.0185114854649078	0.0185114854649077	0.0195720658797423	0.0195720819733571	1.45282607453123e-08
0.057942057942058	0.0426772100183413	0.0669222359364336	0.0669222359364335	0.064809582266448	0.06480958088737	6.14407671100956e-09
0	0	0	0	3.57310578716705e-13	-1.83647021269607e-17	-1.86302860645283e-08
0	0	0	0	3.58981464571424e-13	3.25532106634326e-17	-7.45952883749527e-10
0	0	0	0	3.58981466308985e-13	5.1419926053936e-17	-3.79228642291121e-07
0	0	0	0	3.58981465559517e-13	-7.25522229044497e-18	1.83056817304921e-08
0	0	0	0	3.5898146590808e-13	-1.05275885093246e-17	1.92209509782382e-08
0	0	0	0	3.58980575750831e-13	5.69067884811987e-18	-3.02836965255078e-12
0	0	0	0	3.589814662912e-13	-1.04904161383215e-17	-4.8493699940777e-11
0.281552447552447	0.206431472925656	0.279667006684158	0.279667006684159	0.284054522609836	0.284054519902805	-1.19655699470164e-07
0	0	0	0	3.37152663530935e-13	-4.50093711647776e-18	-1.460160783768e-07
0	0	0	0	3.58888724195108e-13	3.02461698653264e-17	-8.86637430191724e-09
0	0	0	0	3.60539365293143e-13	5.7817292031232e-18	2.27934422235636e-07
0	0	0	0	1.3386416781747e-11	-4.12220421916088e-19	1.01427517130047e-06
0	0	0	0	3.57643401233458e-13	-3.17874423873958e-17	-1.08118401305249e-07
0.00484115884115884	0.0025153939343527	0.00518798603892096	0.00518798603892098	0.00483369954537854	0.00483370471716219	5.66733454629002e-07
0	0	0	0	3.55742052339072e-13	-2.93236709842499e-17	1.64341142632761e-07
0.0055024975024975	0.00264881321111033	0.00502666034566302	0.00502666034566291	0.00329206911711919	0.00329207259822704	3.684290154496e-08
0	0	0	0	3.72144664250638e-13	1.05702408596697e-17	5.99595968605848e-06
0.000667332667332668	0.00283785174954061	0.0037386934173335	0.00373869341733353	0.00130490067779844	0.00130490218486339	5.32954198992557e-07
0	0	0	0	3.61087556595604e-13	-1.22415635121069e-17	2.17489824661109e-07
0	0	0	0	3.59133338783213e-13	1.7273747798266e-17	3.6249264525214e-05
0	0	0	0	3.58246990697994e-13	-2.60907016703121e-17	-3.67772567104689e-08
0	0	0	0	3.59279955354959e-13	-6.50793187112131e-17	2.40933076639834e-08
0	0	0	0	3.59097030550935e-13	-9.43332307273243e-18	4.45484869482879e-07
0	0	0	0	3.79775050068279e-13	3.12991315006933e-17	-5.01010259129826e-07
0	0	0	0	3.60736622398398e-13	3.16675095391881e-18	2.55929719241608e-08
0	0	0	0	3.65191230957377e-13	-2.89800764559874e-17	-1.89486619438724e-05
0	0	0	0	3.59779861489862e-13	-1.44247341406063e-17	4.20840539571254e-07
0	0	0	0	3.58962702372178e-13	-2.46432153334504e-17	1.10784809155791e-07
0	0	0	0	3.59014654593645e-13	-2.85315167038872e-17	2.86336490269412e-07
0	0	0	0	3.59359799612302e-13	3.96023959338045e-17	1.81545408442612e-07
0	0	0	0	3.57134757193997e-13	4.11241558257648e-17	4.36805900408256e-07
0	0	0	0	3.59824688030045e-13	5.72026555185621e-17	-1.28755188214359e-06
0	0	0	0	3.59359799689088e-13	-8.73924662669057e-17	-3.84433446651327e-08
0	0	0	0	3.47769257078201e-13	8.67848684786007e-17	3.72107785485221e-08
0	0	0	0	3.59013390284475e-13	1.00962433308397e-17	-3.49561746474638e-07
0	0	0	0	3.59882555000136e-13	-7.52735697487136e-17	7.26297717935069e-08
0	0	0	0	3.58962702448227e-13	-2.58009258579631e-17	-3.11424655040824e-07
0.00577622377622378	0.00242160396491729	0.00859195496666414	0.00859195496666404	0.00540786369677942	0.00540786912701777	-1.90309702013497e-07
0	0	0	0	3.71405638987137e-13	6.78947279113589e-17	3.29625185045109e-08
0	0	0	0	3.56596880652927e-13	-9.72493201029646e-18	-6.72305880090662e-08
0.138117882117882	0.449575181005358	0.13771861993418	0.13771861993418	0.139856562060053	0.139856557938671	-2.33135676756013e-08
0	0	0	0	3.70927889270411e-13	-8.4298381215935e-18	3.88463214977878e-08
0	0	0	0	0.000189587360372894	0.000189588893792087	-1.40548880696595e-08
0.000563436563436564	0.000260885048302828	0.00273706998067407	0.00273706998067402	0.000639427529311147	0.000639428206956789	6.24885663372567e-10
0	0	0	0	3.58981466308962e-13	-5.7381625294634e-17	-8.78508022609373e-08
0.00788011988011988	0.0044205088981701	0.00702844243849051	0.00702844243849051	0.00682745334554062	0.00682745314578468	-2.80337369249254e-07
0	0	0	0	3.58981465908132e-13	-3.19630272652838e-17	4.12663011745068e-09
0	0	0	0	3.58929499716473e-13	-6.51377126179515e-17	4.33138796827194e-12
0.013018981018981	0.00541531694625812	0.0127634805939922	0.0127634805939924	0.0134014376897672	0.0134014520875447	-4.8493699940777e-11
0	0	0	0	3.69082180959282e-13	-1.22990889090786e-17	4.6559636994272e-09
0	0	0	0	3.5898146548098e-13	1.00972194783384e-16	6.75987707885276e-10
0	0	0	0	3.58981465584368e-13	9.02599415862289e-17	-1.60211531396072e-09
0	0	0	0	3.58981273372412e-13	1.0539796321587e-16	-4.95490848466459e-12
0	0	0	0	4.09399398445877e-13	-6.31906664299787e-17	2.65634167952395e-11
0.0130609390609391	0.0053280211158427	0.00993835455964361	0.00993835455964393	0.0134014376897672	0.0134014520875441	-4.8493699940777e-11
0	0	0	0	3.58981466105524e-13	2.36208215820172e-17	4.66164922374409e-08
0	0	0	0	3.58981466105527e-13	5.27994705074198e-17	1.09505716277853e-08
