FW_Default	FW_LBM	FW_QBM	FW_NM	Direct	interior-point-convex	active-set
0	1.98254811252136e-15	0.00226525027133389	0.00226525027133422	1	1	0.0107342453141131
0	0	0	0	1	0	-2.31875694673106e-05
0	0	0	0	1	0	-0.000274028661348957
0	0	0	0	1	0	0.0103714840473449
0	0	0	0	1	0	1.89354442408422e-05
0	0	0	0	1	0	-0.000672638565413773
0	0	0	0	1	0	0.00744366722455702
0	0	0	0	1	0	0.000239288491093901
0	0	0	0	1	0	-0.00160279243529709
0	0	0	0	1	0	0.00506655757259845
0	0	0	0	1	0	-0.000311188283519731
0	1.98254811252136e-15	0.00226525027133389	0.00226525027133422	1	1	0.000499481193538384
0	0	0	0	1	0	0.00325458613250234
0	1.05728117108055e-15	0.00130479743856597	0.00130479743856615	1	0	-0.000138464452974062
0	0	0	0	1	0	0.000149562486625851
0	0	0	0	1	0	0.00158259770985566
0	6.1455679092309e-16	0.00139907147283019	0.00139907147283038	1	0	-6.32792503671558e-05
0	0	0	0	1	0	6.305903479764e-05
0	0	0	0	1	0	0.0107340931109052
0	0	0	0	1	0	-9.75510696379108e-07
0	0	0	0	1	0	2.29934106752336e-05
0	0	0	0	1	0	0.000123243322248102
0	0	0	0	1	0	-0.000906097776160844
0	0	0	0	1	0	0.010372126478238
0	0	0	0	1	0	-9.57853026875095e-07
0	0	0	0	1	0	4.18835630678067e-05
0	0	0	0	1	0	0.000135586633653801
0	0	0	0	1	0	-0.000982897681892256
0	0	0	0	1	0	0.00744371934311581
0	0	0	0	1	0	-8.39864498168621e-07
0	0	0	0	1	0	0.000106658318766399
0	0	0	0	1	0	0.000237855182357773
0	0	0	0	1	0	-0.00111925714702509
0	0	0	0	1	0	0.00506651835858966
0	0	0	0	1	0	-7.43358226911511e-07
0	0	0	0	1	0	-0.000261554391514665
0	0	0	0	1	0	-0.00012774862608195
0	0	0	0	1	0	0.00035217739247022
0	0	0	0	1	0	0.00325472029955663
0	0	0	0	1	0	-4.66160912743395e-07
0	0	0	0	1	0	-0.000130834284951087
0	0	0	0	1	0	-5.15124428075225e-05
0	0	0	0	1	0	0.000120741852864901
0	0	0	0	1	0	0.0015825906942001
0	0	0	0	1	0	-2.28012626129823e-07
0	0	0	0	1	0	-6.02728838033832e-05
0	0	0	0	1	0	-2.21373260531268e-05
0	0	0	0	1	0	4.59916226140803e-05
0	0	0	0	1	0	0.010733557881444
0	0	0	0	1	0	-1.82255870202938e-07
0	0	0	0	1	0	8.24516528817118e-05
0	0	0	0	1	0	0.000314512555596349
0	0	0	0	1	0	-0.00183225895016008
0	0	0	0	1	0	0.0103739661523188
0	0	0	0	1	0	1.15964719825505e-07
0	0	0	0	1	0	6.29646608156686e-05
0	0	0	0	1	0	0.000301916035873136
0	0	0	0	1	0	-0.00137684034412886
0	0	0	0	1	0	0.00744376932274427
0	0	0	0	1	0	6.3217393709952e-07
0	0	0	0	1	0	-0.00012679954789633
0	0	0	0	1	0	0.000415146505322056
0	0	0	0	1	0	-0.000214270211814535
0	0	0	0	1	0	0.00506630615918351
0	0	0	0	1	0	1.10922726413616e-06
0	0	0	0	1	0	-0.000165650022106373
0	0	0	0	1	0	-0.000238910137820553
0	0	0	0	1	0	0.000117378938855139
0	0	0	0	1	0	0.00325504586803064
0	0	0	0	1	0	6.95076589474096e-07
0	0	0	0	1	0	-0.00011144256378186
0	0	0	0	1	0	-0.000100912784391318
0.0530491501699661	0.0504607215992904	0.0524154008421577	0.0524154008421577	1	0	0.000101840427035917
0	0	0	0	1	0	0.00158253662581041
0	0	0	0	1	0	3.31066898107338e-07
0	0	0	0	1	0	-5.30502986952903e-05
0	0	0	0	1	0	-4.39451737643395e-05
0.123766366726655	0.123743110446621	0.123585007262994	0.123585007262994	1	1	5.77339854193706e-05
0	0	0	0	1	0	0.0107329293187771
0	0	0	0	1	0	-7.75804499196148e-06
0	0	0	0	1	0	2.48321683261798e-05
0	0	0	0	1	0	0.000540911045651978
0	0	0	0	1	0	-0.00171041327004922
0	0	0	0	1	0	0.0103773181450656
0	0	0	0	1	0	-8.07231009364408e-06
0	0	0	0	1	0	4.45338737193091e-06
0	0	0	0	1	0	0.000479626519982722
0	0	0	0	1	0	-0.00124414485834796
0	0	0	0	1	0	0.00744417552224457
0	0	0	0	1	0	-8.08372051521544e-06
0	0	0	0	1	0	-0.000189245984279118
0	0	0	0	1	0	0.000546390310755835
0	0	0	0	1	0	-6.21368052146255e-05
0	0	0	0	1	0	0.00506623295706692
0	0	0	0	1	0	-8.15739539904415e-06
0	0	0	0	1	0	-0.000109943670004799
0	0	0	0	1	0	-0.000328797238557216
0	0	0	0	1	0	-0.000139131633849923
0	0	0	0	1	0	0.00325581998883941
0	0	0	0	1	0	-5.12514994318258e-06
0	0	0	0	1	0	-9.20455185274689e-05
0	0	0	0	1	0	-0.000142579553348757
0	0	0	0	1	0	-5.2625403778837e-05
0	0	0	0	1	0	0.00158253879634788
0	0	0	0	1	0	-2.48862394680695e-06
0	0	0	0	1	0	-3.50836269060481e-05
0	0	0	0	1	0	-6.01553821370942e-05
0	0	0	0	1	0	-9.26686010434901e-05
0	0	0	0	1	0	0.0107309154523456
0	0	0	0	1	0	2.23599629499733e-05
0	0	0	0	1	0	-0.000152784812994681
0	0	0	0	1	0	0.000681631974911768
0	0	0	0	1	0	0.00013105308498336
0	0	0	0	1	0	0.0103808451533731
0	0	0	0	1	0	2.39087010897256e-05
0	0	0	0	1	0	-0.000134998985276684
0	0	0	0	1	0	0.000593935743629078
0	0	0	0	1	0	7.4162182957826e-05
0	0	0	0	1	0	0.00744346301590352
0	0	0	0	1	0	2.58654998658334e-05
0	0	0	0	1	0	-6.51086506804973e-05
0	0	0	0	1	0	0.000672180949837201
0	0	0	0	1	0	-8.68427755011206e-05
0	0	0	0	1	0	0.00506503127631309
0	0	0	0	1	0	2.77327451881839e-05
0	0	0	0	1	0	-0.00010093921509069
0	0	0	0	1	0	-0.000423965141808018
0	0	0	0	1	0	0.000236000661240045
0	0	0	0	1	0	0.00325603565420052
0	0	0	0	1	0	1.74551645299664e-05
0	0	0	0	1	0	-6.42230857983374e-05
0	0	0	0	1	0	-0.000191830390613074
0	0	0	0	1	0	0.000269598119038947
0	0	0	0	1	0	0.00158216617417654
0	0	0	0	1	0	8.44453898836844e-06
0	0	0	0	1	0	-7.64119155625787e-05
0	0	0	0	1	0	-8.9844773447755e-05
0	0	0	0	1	0	0.000403648462970129
0	0	0	0	1	0	0.0107332679216248
0	0	0	0	1	0	-0.000116305963179169
0	0	0	0	1	0	-0.00031971175706987
0	0	0	0	1	0	0.00070408387532061
0	0	0	0	1	0	0.00100002577510052
0	0	0	0	1	0	0.0103903382251129
0	0	0	0	1	0	-0.000117797362519953
0	0	0	0	1	0	-0.000273649895231693
0	0	0	0	1	0	0.00063070367670516
0	0	0	0	1	0	0.000530127810352858
0	0	0	0	1	0	0.00744776654361683
0	0	0	0	1	0	-0.000118729485513318
0	0	0	0	1	0	-1.3741378015251e-05
0	0	0	0	1	0	0.000821981904717
0	0	0	0	1	0	-0.00060844715229989
0	0	0	0	1	0	0.0050678938937073
0	0	0	0	1	0	-0.000119769745209677
0	0	0	0	1	0	-5.69329964787076e-05
0	0	0	0	1	0	-0.000514007826000867
0	0	0	0	1	0	-0.000261493627957284
0	0	0	0	1	0	0.00325979113254729
0	0	0	0	1	0	-7.54916973129364e-05
0	0	0	0	1	0	-2.33208845802945e-05
0	0	0	0	1	0	-0.000233623519054682
0	0	0	0	1	0	-0.000221257165966752
0	0	0	0	1	0	0.00158315332689953
0	0	0	0	1	0	-3.65981944966684e-05
0	0	0	0	1	0	-1.07192972662444e-05
0	0	0	0	1	0	-0.000117034068317408
0	0	0	0	1	0	-0.000150490629829031
0	0	0	0	1	0	0.0107352822413641
0	0	0	0	1	0	2.09333788337787e-05
0	0	0	0	1	0	-0.00037985298908774
0	0	0	0	1	0	0.000694052581594002
0	0	0	0	1	0	0.000875843879044942
0	0	0	0	1	0	0.0104011020782244
0	0	0	0	1	0	2.26106508268156e-05
0	0	0	0	1	0	-0.00035415505468203
0	0	0	0	1	0	0.000637138645953335
0	0	0	0	1	0	0.000767188724539582
0	0	0	0	1	0	0.00745213465913311
0	0	0	0	1	0	2.49076684175195e-05
0	0	0	0	1	0	-0.000214020185129719
0	0	0	0	1	0	0.000956483058460953
0	0	0	0	1	0	0.000268866616889833
0	0	0	0	1	0	0.00507063757264477
0	0	0	0	1	0	2.7073210560295e-05
0	0	0	0	1	0	7.56168554373137e-05
0	0	0	0	1	0	-0.000571103207612728
0	0	0	0	1	0	-0.00052710149080731
0	0	0	0	1	0	0.00326381533387246
0	0	0	0	1	0	1.70412592879146e-05
0	0	0	0	1	0	3.35235759814593e-05
0	0	0	0	1	0	-0.000251525749689249
0	0	0	0	1	0	-0.000266761925093613
0	0	0	0	1	0	0.00158409053855157
0	0	0	0	1	0	8.23827200490367e-06
0	0	0	0	1	0	1.31536111063977e-05
0	0	0	0	1	0	-0.000123601199719874
0	0	0	0	1	0	-0.000107207679508457
0	0	0	0	1	0	0.0107322531045222
0	0	0	0	1	0	-1.06120485949826e-05
0	0	0	0	1	0	-0.000413848503474127
0	0	0	0	1	0	0.000800332298029846
0	0	0	0	1	0	0.000184551695286136
0	0	0	0	1	0	0.0104084425338399
0	0	0	0	1	0	-1.06698463970701e-05
0	0	0	0	1	0	-0.000406698725149042
0	0	0	0	1	0	0.000625038257040774
0	0	0	0	1	0	0.000413391944473387
0	0	0	0	1	0	0.00745161546331105
0	0	0	0	1	0	-1.00013174348592e-05
0	0	0	0	1	0	-0.000518615037460573
0	0	0	0	1	0	0.00101790750985204
0	0	0	0	1	0	0.00123109495344165
0	0	0	0	1	0	0.00506907823567521
0	0	0	0	1	0	-9.47902367125518e-06
0	0	0	0	1	0	0.000247748473806507
0	0	0	0	1	0	-0.000591750831677709
0	0	0	0	1	0	-0.00115349639769525
0	0	0	0	1	0	0.00326483936414835
0	0	0	0	1	0	-5.95450945558214e-06
0	0	0	0	1	0	9.09060063367338e-05
0	0	0	0	1	0	-0.000255551106650992
0	0	0	0	1	0	-0.000521040899381664
0	0	0	0	1	0	0.00158356583823007
0	0	0	0	1	0	-2.9019778626012e-06
0	0	0	0	1	0	3.89779743242716e-05
0	0	0	0	1	0	-0.000126176084027887
0	0	0	0	1	0	-0.000238757078973913
0	0	0	0	1	0	0.0107299294198976
0	0	0	0	1	0	-4.45945819827886e-06
0	0	0	0	1	0	-0.000515069969278841
0	0	0	0	1	0	0.00090579216915987
0	0	0	0	1	0	0.000895782115351967
0	0	0	0	1	0	0.0104181535737388
0	0	0	0	1	0	-3.77528082404937e-06
0	0	0	0	1	0	-0.000535977314127021
0	0	0	0	1	0	0.000581243588598138
0	0	0	0	1	0	0.00149041426981546
0	0	0	0	1	0	0.00745234176629378
0	0	0	0	1	0	-2.23693467283896e-06
0	0	0	0	1	0	-0.000637900078092976
0	0	0	0	1	0	0.000993324055804846
0	0	0	0	1	0	0.00224782722890196
0	0	0	0	1	0	0.00506840558210365
0	0	0	0	1	0	-8.63788282429266e-07
0	0	0	0	1	0	0.000363298025294328
0	0	0	0	1	0	-0.00058746455274961
0	0	0	0	1	0	-0.00110773148868832
0	0	0	0	1	0	0.00326696762251688
0	0	0	0	1	0	-5.43000437288883e-07
0	0	0	0	1	0	0.000145530245898019
0	0	0	0	1	0	-0.000252188605043295
0	0	0	0	1	0	-0.000431060284529177
0	0	0	0	1	0	0.00158330680067345
0	0	0	0	1	0	-2.86285960243858e-07
0	0	0	0	1	0	6.29906458821552e-05
0	0	0	0	1	0	-0.000125589268965998
0	0	0	0	1	0	-0.000183685467165831
0	0	0	0	1	0	0.010727015593314
0	0	0	0	1	0	-6.69532202791683e-06
0	0	0	0	1	0	-0.00075338448420746
0	0	0	0	1	0	0.000968890439379775
0	0	0	0	1	0	0.00115567304913726
0	0	0	0	1	0	0.010428904008149
0	0	0	0	1	0	-6.16943521459849e-06
0	0	0	0	1	0	-0.00069372047727401
0	0	0	0	1	0	0.000527466534180495
0	0	0	0	1	0	0.000642219665234817
0	0	0	0	1	0	0.00745283715067258
0	0	0	0	1	0	-4.69496597210708e-06
0	0	0	0	1	0	-0.000562074937874819
0	0	0	0	1	0	0.00101298139306573
0	0	0	0	1	0	0.000212404571233351
0	0	0	0	1	0	0.00506734857907105
0	0	0	0	1	0	-3.41075022582668e-06
0	0	0	0	1	0	0.000416855105040218
0	0	0	0	1	0	-0.000525012481086065
0	0	0	0	1	0	-0.00248999931601172
0	0	0	0	1	0	0.00326920479336911
0	0	0	0	1	0	-2.13962153263861e-06
0	0	0	0	1	0	0.000193348156835153
0	0	0	0	1	0	-0.000213054920560354
0	0	0	0	1	0	-0.00133800338672319
0.0399365726854629	0.0390949917029517	0.0398341794059667	0.0398341794059667	1	0	0.001582871173955
0	0	0	0	1	0	-1.06243384675977e-06
0	0	0	0	1	0	8.54208607628246e-05
0	0	0	0	1	0	-0.000108303274750812
0	0	0	0	1	0	-0.00062123282666869
0	0	0	0	1	0	0.0107237921696797
0	0	0	0	1	0	-7.0727883072517e-06
0	0	0	0	1	0	-0.000894955020227039
0	0	0	0	1	0	0.000705001150159019
0	0	0	0	1	0	0.00839262196317255
0	0	0	0	1	0	0.0104410124336727
0	0	0	0	1	0	-6.41837011616586e-06
0	0	0	0	1	0	-0.000881453895144824
0.00181603679264147	0.00287617155294861	0.00147408192319774	0.00147408192319766	1	0	0.000166434659163111
0	0	0	0	1	0	0.00851366174259188
0	0	0	0	1	0	0.00745345118766489
0	0	0	0	1	0	-4.69893430428434e-06
0	0	0	0	1	0	-0.000506856463246809
0	0	0	0	1	0	0.000834395434983343
0	0	0	0	1	0	0.00683674822561516
0	0	0	0	1	0	0.00506620800949199
0	0	0	0	1	0	-3.19028571211124e-06
0	0	0	0	1	0	0.000475293298516821
0	0	0	0	1	0	-0.000598578116857377
0	0	0	0	1	0	0.00198695105441066
0.00190953809238153	0.00589404641882541	0.00169096982619125	0.00169096982619123	1	0	0.00327181932695041
0	0	0	0	1	0	-2.0016157850935e-06
0	0	0	0	1	0	0.000227920561522597
0	0	0	0	1	0	-0.000257835572096517
0	0	0	0	1	0	0.00149877489424862
0	0	0	0	1	0	0.00158234415233452
0	0	0	0	1	0	-1.00012845812571e-06
0	0	0	0	1	0	0.000104958012419851
0	0	0	0	1	0	-0.00013182279430487
0	0	0	0	1	0	0.000748011942876497
0	0	0	0	1	0	0.0107201869115399
0	0	0	0	1	0	-7.85905880538121e-06
0	0	0	0	1	0	-0.00102915105871102
0	0	0	0	1	0	0.00034485134376794
0	0	0	0	1	0	0.00336285436555737
0	0	0	0	1	0	0.0104544171820042
0	0	0	0	1	0	-7.16245909439509e-06
0	0	0	0	1	0	-0.000913638375522772
0	0	0	0	1	0	-0.000257272305902937
0.127306378724255	0.127707278027055	0.124242983709788	0.124242983709787	1	0	0.00207441607321799
0	0	0	0	1	0	0.00745409328214229
0	0	0	0	1	0	-5.29279881342437e-06
0.0103456108778244	0.0144115885613182	0.0100153769496433	0.0100153769496432	1	0	-0.000396298167860613
0	0	0	0	1	0	0.000679503482012825
0	0	0	0	1	0	-0.000324137417659633
3.43931213757249e-06	0	0	0	1	0	0.00506489921279761
0.0119590481903619	0.0148174969931317	0.0120090842219254	0.0120090842219254	1	0	-3.65729277081077e-06
0.00348362327534494	0.00550329024758356	0.00303444939688829	0.00303444939688825	1	0	0.000446038953962531
0	0	0	0	1	0	-0.000669718194831315
0	0	0	0	1	0	-0.00255275257031929
0	0	0	0	1	0	0.00327476961781347
0	0	0	0	1	0	-2.29345788562082e-06
0.0197134173165367	0.0214580205830745	0.0195331991728636	0.0195331991728636	1	0	0.000245689714147413
0	0	0	0	1	0	-0.00029684783445514
0	0	0	0	1	0	-0.00146678901686927
0	0	0	0	1	0	0.00158167738746547
0	0	0	0	1	0	-1.1455556292543e-06
0	0	0	0	1	0	0.00011010555178953
0	0	0	0	1	0	-0.000152810652328023
0	0	0	0	1	0	-0.000680373295534887
0	0	0	0	1	0	0.010716205021665
0	0	0	0	1	0	-8.55871295559132e-06
0.00290645870825835	0.0036123554393573	0.0027856055586114	0.00278560555861135	1	0	-0.000875394994895447
0	0	0	0	1	0	0.000213557266161425
0	0	0	0	1	0	0.00314765612556779
0	0	0	0	1	0	0.0104691459440508
0	0	0	0	1	0	-7.79665794133188e-06
0	0	0	0	1	0	-0.000856363809627838
0	0	0	0	1	0	-0.000448356525858883
0	0	0	0	1	0	0.0031935506417937
0	0	0	0	1	0	0.00745477862242601
0	0	0	0	1	0	-5.74823749015709e-06
0.135647190561887	0.135545679376103	0.135527817689407	0.135527817689407	1	0	-0.000682363229835809
0	0	0	0	1	0	0.000710461302576586
0	0	0	0	1	0	0.00254424056987946
3.59928014397121e-06	0	0	0	1	0	0.00506343053256639
0	0	0	0	1	0	-3.95731771667004e-06
0.145643351329734	0.147391317731076	0.145350333750178	0.145350333750178	1	0	0.000537983054147044
0	0	0	0	1	0	-0.000585471713311476
0	0	0	0	1	0	-0.00156645587829628
0	0	0	0	1	0	0.00327809515990982
7.99840031993601e-08	1.03847758274928e-15	0.00115986724623382	0.00115986724623399	1	0	-2.4808217710135e-06
0.117613837232554	0.115961582332664	0.117166299861611	0.117166299861611	1	0	0.000255400740960943
0	0	0	0	1	0	-0.000239589782249148
0	0	0	0	1	0	-0.000706859397340295
0	0	0	0	1	0	0.00158085092011194
0.0744458308338333	0.0797012588444547	0.0747685097812996	0.0747685097812997	1	1	-1.24250457839739e-06
0.0101751649670066	0.00949171311821992	0.00997689664832649	0.00997689664832652	1	0	0.000113265280765191
0	0	0	0	1	0	-0.000127682821451349
0	0	0	0	1	0	-0.00030814389908892
0	0	0	0	1	0	0.0107118328988894
0	0	0	0	1	0	-9.26332522598397e-06
0	0	0	0	1	0	-0.000722436547074171
0	0	0	0	1	0	0.000183368812111707
0	0	0	0	1	0	0.00104978188559143
0	0	0	0	1	0	0.0104852064969318
0	0	0	0	1	0	-8.44204227327079e-06
0	0	0	0	1	0	-0.000743804865149377
0	0	0	0	1	0	-0.000621475808352604
0	0	0	0	1	0	0.00165713104332657
0	0	0	0	1	0	0.00745549550319319
0	0	0	0	1	0	-6.2218808267222e-06
0.184798560287943	0.188131973964454	0.184557205584206	0.184557205584206	1	0	-0.00101028076531922
0	0	0	0	1	0	0.000585882111476579
0	0	0	0	1	0	0.00325652540559514
0	0	0	0	1	0	0.00506178518551398
0	1.09825409097378e-15	0.000808270330084367	0.000808270330084483	1	0	-4.28126626837476e-06
1	1	1	1	1	1	0.00063599735745869
0	0	0	0	1	0	-0.000518243515736455
0	0	0	0	1	0	-0.00217465538298668
0	0	0	0	1	0	0.00328181854324801
0	0	0	0	1	0	-2.68270370306091e-06
0.230810397920416	0.228420307696758	0.23051972914895	0.23051972914895	1	0	0.000258293190744712
0	0	0	0	1	0	-0.000205824330196171
0	0	0	0	1	0	-0.000923420601768528
0	0	0	0	1	0	0.00157983291710238
0	0	0	0	1	0	-1.34125188985644e-06
0.0440804639072185	0.0442396506659219	0.0436200888474952	0.0436200888474952	1	0	0.000113846592868046
0	0	0	0	1	0	-0.000114433334259654
0	0	0	0	1	0	-0.000410268334748553
0	0	0	0	1	0	0.0107070625671421
0	0	0	0	1	0	-1.00283603316588e-05
0	0	0	0	1	0	-0.000729944446845196
0	0	0	0	1	0	0.00023227810673534
0	0	0	0	1	0	0.00133753659037745
0	0	0	0	1	0	0.0105026151721883
0	0	0	0	1	0	-9.15076093067184e-06
0	0	0	0	1	0	-0.000750623899616363
0	0	0	0	1	0	-0.000739736291387147
0	0	0	0	1	0	0.00193446710565525
0	0	0	0	1	0	0.00745624107852614
0	4.43545647894865e-16	0	0	1	0	-6.75619455811649e-06
0.117424915016997	0.121499918456599	0.117174086812576	0.117174086812575	1	0	-0.000919705394870232
0	0	0	0	1	0	0.000439965454247492
0.237208878224355	0.209331352000065	0.237840091090212	0.237840091090212	1	0	0.00303630454791586
0	0	0	0	1	0	0.00505995299067796
0	0	0	0	1	0	-4.67220488731847e-06
0.22133525294941	0.220006407474715	0.221176857231255	0.221176857231255	1	0	0.0005915441907576
0	0	0	0	1	0	-0.000433702387144742
0	0	0	0	1	0	-0.00196885762677606
0	0	0	0	1	0	0.00328597403924298
0	0	0	0	1	0	-2.92652813948901e-06
0.156912377524495	0.156847403304319	0.156730321570589	0.156730321570589	1	0	0.000246498208598226
0	0	0	0	1	0	-0.000165980408973377
0	0	0	0	1	0	-0.000842823609688892
0	0	0	0	1	0	0.00157858848119634
0	0	0	0	1	0	-1.48252558724205e-06
0.0641713257348529	0.0662588058459917	0.0639876613489232	0.0639876613489232	1	0	0.000108599216521067
0	0	0	0	1	0	-9.83328999183884e-05
0.0664410317936412	0.0626468083308569	0.0659336679150699	0.0659336679150702	1	0	-0.000375368970194612
0	0	0	0	1	0	0.0107018721366468
0	0	0	0	1	0	-1.05045713905096e-05
0	0	0	0	1	0	-0.000883395964569867
0	0	0	0	1	0	0.000180861857164716
0	0	0	0	1	0	0.00335067812626522
0	0	0	0	1	0	0.0105213763483212
0	0	0	0	1	0	-9.56543402862464e-06
0	0	0	0	1	0	-0.000824978776807022
0	0	0	0	1	0	-0.00091036241265169
0	0	0	0	1	0	0.00285211177710306
0	0	0	0	1	0	0.00745699770329465
0	0	0	0	1	0	-7.00338556280894e-06
0.0521864427114577	0.0550331717041383	0.0519125100422221	0.051912510042222	1	0	-0.00051786328394146
0	0	0	0	1	0	0.000369955382617598
0	0	0	0	1	0	0.00152434724958556
0	0	0	0	1	0	0.00505791068027395
0	0	0	0	1	0	-4.75097701980036e-06
0.0180579084183164	0.0167309435295057	0.0178749412686017	0.0178749412686016	1	0	0.000439457585777147
0	0	0	0	1	0	-0.000376537185248272
0	0	0	0	1	0	-0.00155249044687167
0	0	0	0	1	0	0.00329058622351077
0	0	0	0	1	0	-2.97322291387442e-06
0	0	0	0	1	0	0.000221702761278065
0	0	0	0	1	0	-0.000132454529421988
0	0	0	0	1	0	-0.000776701346132547
0	0	0	0	1	0	0.00157707859000161
0	0	0	0	1	0	-1.44731765487499e-06
0	0	0	0	1	0	9.85413965240733e-05
0	0	0	0	1	0	-8.53289440260843e-05
0	0	0	0	1	0	-0.000338790388588972
0	0	0	0	1	0	0.0106961885855048
0	0	0	0	1	0	-1.10343575151622e-05
0	0	0	0	1	0	-0.000920562285241415
0	0	0	0	1	0	1.31107546869435e-05
0	0	0	0	1	0	0.00400527092898125
0	0	0	0	1	0	0.010541602973636
0	0	0	0	1	0	-1.00395435675523e-05
0	0	0	0	1	0	-0.000833237342319095
0	0	0	0	1	0	-0.00113232801269547
0	0	0	0	1	0	0.0031058907302087
0	0	0	0	1	0	0.0074573211460905
0	0	0	0	1	0	-7.29167154111893e-06
0	0	0	0	1	0	-0.000306551522736356
0	0	0	0	1	0	0.000404032999875274
0	0	0	0	1	0	0.000657562005476648
0	0	0	0	1	0	0.00505746914518472
0	0	0	0	1	0	-4.85547613340539e-06
0	0	0	0	1	0	0.000342047593100943
0	0	0	0	1	0	-0.000346409116972768
0	0	0	0	1	0	-0.0013538698881695
0	0	0	0	1	0	0.00328734553051991
0	0	0	0	1	0	-3.03631253694912e-06
0	0	0	0	1	0	0.000192992598494779
0	0	0	0	1	0	-0.00010177023391042
0	0	0	0	1	0	-0.000774306731776857
0	0	0	0	1	0	0.00157827293453968
0	0	0	0	1	0	-1.42005424025369e-06
0	0	0	0	1	0	8.70313598343072e-05
0	0	0	0	1	0	-7.24033515169336e-05
0	0	0	0	1	0	-0.000381726567988422
0	0	0	0	1	0	0.0106900509748191
0	0	0	0	1	0	-1.16037291208192e-05
0	0	0	0	1	0	-0.000739573397772306
0	0	0	0	1	0	-0.000120623036279976
0	0	0	0	1	0	0.00257400263443673
0	0	0	0	1	0	0.0105632105335094
0	0	0	0	1	0	-1.05469065402772e-05
0	0	0	0	1	0	-0.000701572701910363
0	0	0	0	1	0	-0.00133291110972544
0	0	0	0	1	0	0.0023583201671295
0	0	0	0	1	0	0.00745762661122402
0	0	0	0	1	0	-7.683269158026e-06
0	0	0	0	1	0	-0.000523726347768368
0	0	0	0	1	0	0.000431125738844965
0	0	0	0	1	0	0.00169010033904406
0	0	0	0	1	0	0.00505681059907431
0	0	0	0	1	0	-5.15451740201189e-06
0	0	0	0	1	0	0.000376805496981417
0	0	0	0	1	0	-0.00033214619833844
0	0	0	0	1	0	-0.00119302899283639
0	0	0	0	1	0	0.0032845742667482
0	0	0	0	1	0	-3.22130788587238e-06
0	0	0	0	1	0	0.000172727704702658
0	0	0	0	1	0	-8.51360115646238e-05
0	0	0	0	1	0	-0.000457350142010859
0	0	0	0	1	0	0.00157918737145944
0	0	0	0	1	0	-1.53354334093923e-06
0	0	0	0	1	0	4.50943195750001e-05
0	0	0	0	1	0	-7.27819626437723e-05
0	0	0	0	1	0	-1.00005771341389e-05
0	0	0	0	1	0	0.0106834887737808
0	0	0	0	1	0	-1.31575858563875e-05
0	0	0	0	1	0	-0.000510552742696777
0	0	0	0	1	0	-8.34677050198755e-05
0	0	0	0	1	0	9.31755630522439e-05
0	0	0	0	1	0	0.0105862631979405
0	0	0	0	1	0	-1.20557781868576e-05
0	0	0	0	1	0	-0.000540545365110291
0	0	0	0	1	0	-0.00143384573826024
0	0	0	0	1	0	0.000819685029277498
0	0	0	0	1	0	0.00745793171318081
0	0	0	0	1	0	-8.7650287057992e-06
0	0	0	0	1	0	-0.000816287524406262
0	0	0	0	1	0	0.000379556210117029
0	0	0	0	1	0	0.00246578764070672
0	0	0	0	1	0	0.00505597089751137
0	0	0	0	1	0	-5.87182624019527e-06
0	0	0	0	1	0	0.000432896565801728
0	0	0	0	1	0	-0.000306309665504584
0	0	0	0	1	0	-0.00162500377266838
0	0	0	0	1	0	0.00328227247472439
0	0	0	0	1	0	-3.67429968970992e-06
0	0	0	0	1	0	0.000155194286478599
0	0	0	0	1	0	-7.23953726511404e-05
0	0	0	0	1	0	-0.000681585307634741
0	0	0	0	1	0	0.00157985231873549
0	0	0	0	1	0	-1.75329567486035e-06
0	0	0	0	1	0	6.76355726222807e-05
0	0	0	0	1	0	-7.52833162865884e-05
0	0	0	0	1	0	-0.000335074785188622
0	0	0	0	1	0	0.0106763256427401
0.103950889822036	0.10323870946284	0.104298086512593	0.104298086512594	1	0	-1.01196973913167e-05
0	0	0	0	1	0	-0.000464486017832846
0	0	0	0	1	0	6.23976138647548e-05
0	0	0	0	1	0	8.66853884312045e-05
0	0	0	0	1	0	0.0106106326776962
0	0	0	0	1	0	-9.03570226293857e-06
0	0	0	0	1	0	-0.000487976082786524
0	0	0	0	1	0	-0.00146358367185643
0	0	0	0	1	0	0.000723159334972268
0	0	0	0	1	0	0.00745810786190781
0	0	0	0	1	0	-6.62342363741381e-06
0	0	0	0	1	0	-0.00072333112460152
0	0	0	0	1	0	0.00030760328245377
0	0	0	0	1	0	0.00216368809530747
0	0	0	0	1	0	0.00505488420033113
0	0	0	0	1	0	-4.46910889313564e-06
0	0	0	0	1	0	0.000363905737402444
0	0	0	0	1	0	-0.000273181819945765
0.126752169566087	0.120859818061756	0.126774252375369	0.126774252375369	1	0	-0.00136656371534708
0	0	0	0	1	0	0.00328037709810152
0	0	0	0	1	0	-2.7734735710071e-06
0	0	0	0	1	0	0.000131340472938812
0	0	0	0	1	0	-5.52421467566863e-05
0	0	0	0	1	0	-0.000549937996300792
0	0	0	0	1	0	0.00158026602593519
0	0	0	0	1	0	-1.3284958318073e-06
0	0	0	0	1	0	5.61974267248816e-05
0	0	0	0	1	0	-6.91782223779817e-05
0	0	0	0	1	0	-0.000234799975138435
0	0	0	0	1	0	0.0106692336779332
0	0	0	0	1	0	-2.73259932617066e-05
0	0	0	0	1	0	-0.000579507561097069
0	0	0	0	1	0	0.000131355997762326
0	0	0	0	1	0	0.00185833895977468
0	0	0	0	1	0	0.0106369743892759
0	0	0	0	1	0	-2.54201231736923e-05
0	0	0	0	1	0	-0.000531551693580406
0	0	0	0	1	0	-0.00152346810682849
0	0	0	0	1	0	0.00150486677057305
0	0	0	0	1	0	0.00745859978299356
0	0	0	0	1	0	-1.83628459381367e-05
0	0	0	0	1	0	-0.000299068175376041
0	0	0	0	1	0	0.000319280269899577
0	0	0	0	1	0	0.000556260902543502
0	0	0	0	1	0	0.00505387416108179
0	0	0	0	1	0	-1.23047053905177e-05
0	0	0	0	1	0	0.00018862439602233
0	0	0	0	1	0	-0.000271843963885432
0	0	0	0	1	0	-0.000900405256492214
0	0	0	0	1	0	0.00327907083896774
0	0	0	0	1	0	-7.77298302231388e-06
0	0	0	0	1	0	9.66059919540763e-05
0	0	0	0	1	0	-4.67931981088869e-05
0	0	0	0	1	0	-0.0004813213360339
0.0784729454109176	0.0785307404329698	0.0785744124957055	0.0785744124957055	1	0	0.00158054230616089
0	0	0	0	1	0	-3.73930359174283e-06
0.00195656868626275	0.00783814929328683	0.00173392312473961	0.00173392312473964	1	0	4.23417652585521e-05
0	0	0	0	1	0	-6.78810673684732e-05
0	0	0	0	1	0	-0.000219879913419075
0	0	0	0	1	0	0.0106313596985222
0	0	0	0	1	0	-4.45284290046962e-05
0	0	0	0	1	0	-0.00061374711209046
0	0	0	0	1	0	8.80096748238653e-05
0	0	0	0	1	0	0.00266310740583607
0	0	0	0	1	0	0.0107345573041004
0	0	0	0	1	0	-4.1802239130093e-05
0	0	0	0	1	0	-0.000529830006242009
0	0	0	0	1	0	-0.00163112274703093
0	0	0	0	1	0	0.00181140913077236
0	0	0	0	1	0	0.00743893571676784
0	0	0	0	1	0	-3.00954409553667e-05
0.000846550689862028	0.00484915900979275	0.00075668516233216	0.000756685162332225	1	0	-4.27303608449466e-05
0	0	0	0	1	0	0.000444442005502637
0	0	0	0	1	0	-0.000429305357321653
0	0	0	0	1	0	0.00506004686178468
0	0	0	0	1	0	-2.01357268559681e-05
0	0	0	0	1	0	6.73397724011925e-05
0	0	0	0	1	0	-0.000305265231362586
0	0	0	0	1	0	-0.000574278549094898
0	0	0	0	1	0	0.00327634887952752
0	0	0	0	1	0	-1.27705120125198e-05
0	0	0	0	1	0	6.51279589886918e-05
0	0	0	0	1	0	-4.4574858857666e-05
0.108501179764047	0.106865350472037	0.108538745655835	0.108538745655835	1	0	-0.000404554777550916
0.0785052589482103	0.0790392544022108	0.0785533194231372	0.0785533194231372	1	0	0.0015816327047895
0	0	0	0	1	0	-6.1492194692567e-06
0	0	0	0	1	0	2.89471811716036e-05
0	0	0	0	1	0	-6.89033369693897e-05
0	0	0	0	1	0	-0.000185407172108121
0	0	0	0	1	0	0.010593453289954
0	0	0	0	1	0	-4.15004591407008e-05
0	0	0	0	1	0	-0.000442891649919053
0	0	0	0	1	0	7.33520169127589e-05
0	0	0	0	1	0	0.00120470842305571
0	0	0	0	1	0	0.0108342519924469
0	0	0	0	1	0	-3.88078887468748e-05
1.27974405118976e-06	5.45651935896682e-08	0.000380655190170769	0.000380655190170824	1	0	-0.000400940149099125
0	0	0	0	1	0	-0.00171409359664035
0	0	0	0	1	0	0.000934236892149151
0	0	0	0	1	0	0.00741944284747563
0	0	0	0	1	0	-2.79802692976199e-05
0.0062512297540492	0.00687816692069183	0.00631275617559681	0.00631275617559673	1	0	-0.000231803994116924
0	0	0	0	1	0	0.000581575472539254
0	0	0	0	1	0	0.000289237315586756
0	0	0	0	1	0	0.00506638865860648
0	0	0	0	1	0	-1.87456428590205e-05
0	0	0	0	1	0	9.02159937915551e-05
0	0	0	0	1	0	-0.000351681050533369
0	0	0	0	1	0	-0.000608289617935595
0	0	0	0	1	0	0.00327414895672174
0	0	0	0	1	0	-1.18791509901679e-05
0	0	0	0	1	0	4.3967017652404e-05
0	0	0	0	1	0	-4.88781675728831e-05
0	0	0	0	1	0	-0.000328632707386543
0	0	0	0	1	0	0.00158263827463794
0	0	0	0	1	0	-5.72564827263973e-06
0.00197088582283543	0.00181246708901044	0.00164601092948177	0.0016460109294817	1	0	1.84866916196354e-05
0	0	0	0	1	0	-7.3081994872357e-05
0	0	0	0	1	0	-0.000149375234154208
0	0	0	0	1	0	0.0105547359764968
0	0	0	0	1	0	-4.2996230839575e-05
0	0	0	0	1	0	-0.000214418772227099
0	0	0	0	1	0	0.000237874117625037
0	0	0	0	1	0	-0.00143719951675436
0	0	0	0	1	0	0.0109355390643623
0	0	0	0	1	0	-4.02554285383558e-05
0	0	0	0	1	0	-0.000250233211437878
0	0	0	0	1	0	-0.00169084806445598
0	0	0	0	1	0	-0.000627913344979439
0	0	0	0	1	0	0.00739952720234856
0	0	0	0	1	0	-2.89658081445248e-05
0	0	0	0	1	0	-0.00054555044032216
0	0	0	0	1	0	0.000648092287329347
0	0	0	0	1	0	0.00119674457968883
0	0	0	0	1	0	0.00507266595622118
0	0	0	0	1	0	-1.94032201944179e-05
0	0	0	0	1	0	0.000156217234533205
0	0	0	0	1	0	-0.000382143422889355
0	0	0	0	1	0	-0.00094715650133535
0	0	0	0	1	0	0.00327221902386134
0	0	0	0	1	0	-1.23001775919869e-05
0	0	0	0	1	0	2.7964345867655e-05
2.15956808638272e-06	0	0	0	1	0	-5.39763559804069e-05
0	0	0	0	1	0	-0.000381757682454484
0	0	0	0	1	0	0.00158349758227554
0	0	0	0	1	0	-5.93390478211805e-06
0	0	0	0	1	0	9.83563636737451e-06
0	0	0	0	1	0	-7.79220999778247e-05
0	0	0	0	1	0	-0.000173075173197604
0	0	0	0	1	0	0.0105152896015022
0	0	0	0	1	0	-4.38080783746544e-05
0	0	0	0	1	0	-0.000188731628373864
0	0	0	0	1	0	0.000451589378090704
0	0	0	0	1	0	-0.00180474411846632
0	0	0	0	1	0	0.011038700728304
0	0	0	0	1	0	-4.11026666441739e-05
0	0	0	0	1	0	-0.000219644636326719
0	0	0	0	1	0	-0.00140588126252418
0	0	0	0	1	0	-0.00106043134392019
0	0	0	0	1	0	0.0073791849491802
0	0	0	0	1	0	-2.97677028538166e-05
0	0	0	0	1	0	-0.000502646952367291
0	0	0	0	1	0	0.000640423963896518
0	0	0	0	1	0	0.000801474116132497
0	0	0	0	1	0	0.00507905014837704
0	0	0	0	1	0	-1.99383866349488e-05
0	0	0	0	1	0	0.000116867899782877
0	0	0	0	1	0	-0.00038017098614899
0	0	0	0	1	0	-0.000989485416545415
0	0	0	0	1	0	0.00327055649840552
0	0	0	0	1	0	-1.2631181742101e-05
0	0	0	0	1	0	1.03195220646416e-05
1.91961607678465e-06	0	0	0	1	0	-5.96860115814787e-05
0	0	0	0	1	0	-0.000431068006097904
0	0	0	0	1	0	0.00158427250829782
0	0	0	0	1	0	-6.08933787393207e-06
0.0624315936812638	0.0640031773123019	0.0623854182544386	0.0623854182544387	1	0	1.95440827978577e-06
0	0	0	0	1	0	-7.88379265337886e-05
0	0	0	0	1	0	-0.00019911192796407
0	0	0	0	1	0	0.0104749337149494
0	0	0	0	1	0	-4.32135436234956e-05
0	0	0	0	1	0	-0.000355029479899613
0	0	0	0	1	0	0.000592990010753481
0	0	0	0	1	0	0.000224218056224397
0	0	0	0	1	0	0.0111437540397215
0	0	0	0	1	0	-4.0223158550088e-05
0	0	0	0	1	0	-0.000323330919589806
0	0	0	0	1	0	-0.00115300560860268
0	0	0	0	1	0	9.95013897920219e-05
0	0	0	0	1	0	0.00735818952176927
0	0	0	0	1	0	-2.83930854989156e-05
0	0	0	0	1	0	-0.000114004808858005
0	0	0	0	1	0	0.000710610849588557
0	0	0	0	1	0	-0.000578093941103982
0	0	0	0	1	0	0.00508555588566094
0	0	0	0	1	0	-1.90392514543433e-05
0	0	0	0	1	0	-1.93064034009385e-05
0	0	0	0	1	0	-0.000394915431377636
0	0	0	0	1	0	-0.000570683430137494
0	0	0	0	1	0	0.00326906785012488
0	0	0	0	1	0	-1.20964423542705e-05
0.0144243151369726	0.017213920012876	0.0142606228399347	0.0142606228399347	1	0	-5.06502678950847e-06
1.67966406718657e-06	0	0	0	1	0	-6.58434322215691e-05
0	0	0	0	1	0	-0.000367700734925547
0	0	0	0	1	0	0.00158497342576858
0	0	0	0	1	0	-5.86196721002955e-06
0	0	0	0	1	0	-3.6848535089039e-06
0	0	0	0	1	0	-7.98501569700245e-05
4.79904019196162e-07	0	0	0	1	0	-0.000173305534893443
0	0	0	0	1	0	0.0104338337712195
0	0	0	0	1	0	-4.99470603133779e-05
0	0	0	0	1	0	-0.000490686202527263
0	0	0	0	1	0	0.00057808179899402
0	0	0	0	1	0	0.00178001957570536
0	0	0	0	1	0	0.0112511248452042
0	0	0	0	1	0	-4.78049271337263e-05
0	0	0	0	1	0	-0.000393193481937834
0	0	0	0	1	0	-0.000979251563371556
0	0	0	0	1	0	0.000745587661468585
0	0	0	0	1	0	0.00733670586760896
0	0	0	0	1	0	-3.66977038171452e-05
0	0	0	0	1	0	0.000103652023258493
0	0	0	0	1	0	0.000876875677869023
0	0	0	0	1	0	-0.00139124688207225
0	0	0	0	1	0	0.00509249855945592
0	0	0	0	1	0	-2.45507593071383e-05
0	0	0	0	1	0	-8.7009159287706e-05
0	0	0	0	1	0	-0.000436060822500064
0	0	0	0	1	0	-0.000391125042167492
0	0	0	0	1	0	0.00326782843044268
0	0	0	0	1	0	-1.54741750712066e-05
0	0	0	0	1	0	-8.03183249878437e-06
1.5996800639872e-06	0	0	0	1	0	-7.46395752362621e-05
0	0	0	0	1	0	-0.00036691544543003
0	0	0	0	1	0	0.00158570308737755
0	0	0	0	1	0	-7.38729957284738e-06
0	0	0	0	1	0	-4.00217595597808e-06
0	0	0	0	1	0	-8.19825157758395e-05
0	0	0	0	1	0	-0.000175794609628771
0	0	0	0	1	0	0.0103907826134864
0	0	0	0	1	0	-2.36267552926354e-05
0	0	0	0	1	0	-0.000391881521286501
0.0243552089582083	0.0276381578044254	0.0240443198061212	0.0240443198061213	1	0	0.000563517610396441
0	0	0	0	1	0	0.000220211703101292
0	0	0	0	1	0	0.0113596763474789
0	0	0	0	1	0	-1.88032521961196e-05
0	0	0	0	1	0	-0.000377214413392591
0	0	0	0	1	0	-0.000815810304720201
0	0	0	0	1	0	0.000329963326959291
0	0	0	0	1	0	0.00731337327502987
0	0	0	0	1	0	-4.76943884026495e-06
0	0	0	0	1	0	-0.000144648618098916
0	0	0	0	1	0	0.00103843689450192
0	0	0	0	1	0	-0.000461842936455073
0	0	0	0	1	0	0.00509903576975895
0	0	0	0	1	0	-3.23033145037619e-06
0	0	0	0	1	0	7.56102347789171e-06
2.02359528094381e-05	0.00550438144339531	0	0	1	0	-0.000474127337391958
0	0	0	0	1	0	-0.000649347495121836
0	0	0	0	1	0	0.00326625592693706
0	0	0	0	1	0	-2.39881648567643e-06
0	0	0	0	1	0	8.6886115798507e-06
0	0	0	0	1	0	-8.15250824192374e-05
0	0	0	0	1	0	-0.00040669527814747
0	0	0	0	1	0	0.00158619970664496
0	0	0	0	1	0	-1.47496744723182e-06
0	0	0	0	1	0	2.29834787495589e-06
0	0	0	0	1	0	-8.34922769260079e-05
0	0	0	0	1	0	-0.000190154529980402
0	0	0	0	1	0	0.0103506486500889
0	0	0	0	1	0	-0.000144917517650393
0	0	0	0	1	0	-0.000302564653774618
0.010323775244951	0.0160334868293345	0.00979303461479088	0.00979303461479084	1	0	0.000664186009076592
0	0	0	0	1	0	-0.000856337392638771
0	0	0	0	1	0	0.0114749349054241
0	0	0	0	1	0	-0.000147155603863164
0	0	0	0	1	0	-0.000288420537035119
0	0	0	0	1	0	-0.000588096200343439
0	0	0	0	1	0	-0.000731446838386369
0	0	0	0	1	0	0.00729316434471692
0	0	0	0	1	0	-0.000139928043959513
0	0	0	0	1	0	-0.00058320501219701
0.0136219956008798	0.0152771728861974	0.0136216134466762	0.0136216134466762	1	0	0.00108854748285525
0	0	0	0	1	0	0.00117059759033665
0	0	0	0	1	0	0.00510913467761114
0	0	0	0	1	0	-9.40356570590536e-05
0	0	0	0	1	0	0.00017470407280757
0	0	0	0	1	0	-0.000481104347262825
0	0	0	0	1	0	-0.00111320153548415
0	0	0	0	1	0	0.00326652126314445
0	0	0	0	1	0	-5.83946612360807e-05
0	0	0	0	1	0	3.55904274007865e-05
0	0	0	0	1	0	-8.34656440106427e-05
0	0	0	0	1	0	-0.000474312364665933
0	0	0	0	1	0	0.00158770921419498
0	0	0	0	1	0	-2.70191024704114e-05
0	0	0	0	1	0	1.34680211659021e-05
0	0	0	0	1	0	-8.33017886141578e-05
0	0	0	0	1	0	-0.000217608623957426
0	0	0	0	1	0	0.0102912467798985
0.863122575484904	0.856295563843243	0.862846071964263	0.862846071964262	1	0	0.000391042618174984
0	0	0	0	1	0	-0.000293156626248778
0	0	0	0	1	0	0.000866032522303575
0	0	0	0	1	0	-0.00209411840989671
0	0	0	0	1	0	0.0115739092595258
0.00980507898420318	0.00395660497992943	0.00958454053816705	0.00958454053816666	1	0	0.00040111038068113
0	0	0	0	1	0	-0.000411781928069768
0	0	0	0	1	0	-0.000339714447367438
0	0	0	0	1	0	-0.000148227511383717
0	0	0	0	1	0	0.0072544936853181
0	0	0	0	1	0	0.000420541067933697
0	0	0	0	1	0	-0.000643256523215124
0	0	0	0	1	0	0.00105662739978112
0	0	0	0	1	0	0.00142582287591529
0	0	0	0	1	0	0.00510672244235529
0	0	0	0	1	0	0.000284677263549143
0	0	0	0	1	0	0.00023110860751708
0	0	0	0	1	0	-0.000461834214832394
0	0	0	0	1	0	-0.00126030009840859
0	0	0	0	1	0	0.00325918568298052
0	0	0	0	1	0	0.000176016856580669
0	0	0	0	1	0	6.47737982855898e-05
0	0	0	0	1	0	-7.90871001121996e-05
0	0	0	0	1	0	-0.000545733785518504
0	0	0	0	1	0	0.00158519223507843
0	0	0	0	1	0	8.06054080095453e-05
0	0	0	0	1	0	2.53770181252129e-05
0	0	0	0	1	0	-8.0797975756269e-05
0	0	0	0	1	0	-0.000245898224701161
0	0	0	0	1	0	0.0102304701830349
0	0	0	0	1	0	-0.000145358728315623
0	0	0	0	1	0	-0.000604118284960647
0	0	0	0	1	0	0.000949050935900647
0	0	0	0	1	0	0.00186906081721346
0	0	0	0	1	0	0.0116754708311812
0	0	0	0	1	0	-0.00014829793881624
0	0	0	0	1	0	-0.000490563726042479
0	0	0	0	1	0	-0.000150914535576081
0	0	0	0	1	0	0.000627970269206481
0	0	0	0	1	0	0.00721451886344877
0	0	0	0	1	0	-0.000140810101381069
0	0	0	0	1	0	-0.000396817620664847
0	0	0	0	1	0	0.00105215332656452
0	0	0	0	1	0	0.000550117034781411
0	0	0	0	1	0	0.00510493985079681
0	0	0	0	1	0	-9.4659356733646e-05
0	0	0	0	1	0	0.000196634486429698
0	0	0	0	1	0	-0.000440820188631818
0	0	0	0	1	0	-0.00116159468976048
0	0	0	0	1	0	0.00325177671447471
0	0	0	0	1	0	-5.88096681768807e-05
0	0	0	0	1	0	8.59621951281394e-05
0	0	0	0	1	0	-6.89329834922118e-05
0	0	0	0	1	0	-0.000601737130131175
0	0	0	0	1	0	0.00158276909617089
0	0	0	0	1	0	-2.72168509893982e-05
0	0	0	0	1	0	3.76861897932478e-05
0	0	0	0	1	0	-7.57829773343885e-05
0	0	0	0	1	0	-0.000277610308860218
0	0	0	0	1	0	0.0101864683233687
0	0	0	0	1	0	-3.07475625266344e-05
0	0	0	0	1	0	-0.000693346646914904
0	0	0	0	1	0	0.000874070899017965
0	0	0	0	1	0	0.00152886983759513
0	0	0	0	1	0	0.0117985786206823
0	0	0	0	1	0	-2.28568190093075e-05
0	0	0	0	1	0	-0.000728949771956615
0	0	0	0	1	0	-6.8999898368341e-05
0	0	0	0	1	0	0.00229459812946706
0	0	0	0	1	0	0.00719042238062277
0	0	0	0	1	0	-7.26017308378229e-06
0	0	0	0	1	0	-0.000146508555050276
0	0	0	0	1	0	0.00112303912763984
0	0	0	0	1	0	-0.000292566138667778
0	0	0	0	1	0	0.00511694734655141
0	0	0	0	1	0	-4.70286231803256e-06
0	0	0	0	1	0	0.000168031988664708
0	0	0	0	1	0	-0.000429470348758325
0	0	0	0	1	0	-0.00104666857725626
0	0	0	0	1	0	0.00325182272865732
0	0	0	0	1	0	-3.35332595310186e-06
0	0	0	0	1	0	0.000117699170879717
0	0	0	0	1	0	-5.33248319310421e-05
0	0	0	0	1	0	-0.000666234703154735
0	0	0	0	1	0	0.00158456541050775
0	0	0	0	1	0	-1.93272840900808e-06
0	0	0	0	1	0	5.15136041995454e-05
0	0	0	0	1	0	-6.83263262589237e-05
0	0	0	0	1	0	-0.000304139163251424
0	0	0	0	1	0	0.0101361335553874
0	0	0	0	1	0	-3.5534589842473e-05
0	0	0	0	1	0	-0.000873963582693309
0	0	0	0	1	0	0.000696379166474563
0	0	0	0	1	0	0.00422355666097847
0	0	0	0	1	0	0.0119199372937341
0	0	0	0	1	0	-4.62528166142756e-05
0	0	0	0	1	0	-0.000628704536804669
0	0	0	0	1	0	-1.58443617015464e-05
0	0	0	0	1	0	0.00128275516312289
0	0	0	0	1	0	0.00716046951061925
0	0	0	0	1	0	-3.69233538957662e-05
0	0	0	0	1	0	-0.00041507796175235
0	0	0	0	1	0	0.00119121909706527
0	0	0	0	1	0	0.00061948292458293
0	0	0	0	1	0	0.00512661514457961
0	0	0	0	1	0	-2.53178427066862e-05
0	0	0	0	1	0	0.000309910983349089
0	0	0	0	1	0	-0.000402891116227633
0	0	0	0	1	0	-0.00151906010485469
0	0	0	0	1	0	0.00324984203230438
0	0	0	0	1	0	-1.6057740284594e-05
0	0	0	0	1	0	0.000155010875461801
0	0	0	0	1	0	-2.83237862785391e-05
0	0	0	0	1	0	-0.000811755000953153
0	0	0	0	1	0	0.00158553191935681
0	0	0	0	1	0	-7.65530998525044e-06
0	0	0	0	1	0	7.02715415027489e-05
0	0	0	0	1	0	-5.67066865322673e-05
0	0	0	0	1	0	-0.000375506467104681
0	0	0	0	1	0	0.0100882052812256
0	0	0	0	1	0	-0.000128715738529578
0	0	0	0	1	0	-0.000485040566589549
0	0	0	0	1	0	0.000679813878785807
0	0	0	0	1	0	-0.00215502459271256
0	0	0	0	1	0	0.0120465137142502
0	0	0	0	1	0	-7.2109621889496e-05
0	0	0	0	1	0	-0.00083207335624527
0	0	0	0	1	0	2.94397418850977e-05
0	0	0	0	1	0	0.00246900247141718
0	0	0	0	1	0	0.00713026047159261
0	0	0	0	1	0	-4.56873290027005e-05
0	0	0	0	1	0	-0.000761032396076618
0	0	0	0	1	0	0.00114230463315503
0	0	0	0	1	0	0.0023988706008884
0	0	0	0	1	0	0.00513831978167143
0	0	0	0	1	0	-2.81917465723445e-05
0	0	0	0	1	0	0.000481603899424968
0	0	0	0	1	0	-0.000349571490195414
0	0	0	0	1	0	-0.00166916854427024
0	0	0	0	1	0	0.00324817565273168
0	0	0	0	1	0	-1.77897253396046e-05
0	0	0	0	1	0	0.000209489765322943
0	0	0	0	1	0	5.59012300662039e-07
0	0	0	0	1	0	-0.00074930486446644
0	0	0	0	1	0	0.0015870263959739
0	0	0	0	1	0	-8.6281289544868e-06
0	0	0	0	1	0	8.94239717339544e-05
0	0	0	0	1	0	-4.42706845789353e-05
0	0	0	0	1	0	-0.000325534187772135
0	0	0	0	1	0	0.0100780933852289
0	0	0	0	1	0	0.000474951989716542
0	0	0	0	1	0	-0.00104099021609339
0	0	0	0	1	0	0.000615143497021725
0	0	0	0	1	0	0.00473666979845811
0	0	0	0	1	0	0.0120311759251351
0	0	0	0	1	0	0.00024176591187168
0	0	0	0	1	0	-0.00048568519453777
0	0	0	0	1	0	0.000220031581717002
0	0	0	0	1	0	-0.0008222878935342
0	0	0	0	1	0	0.00713049568843314
0	0	0	0	1	0	0.000154896878587745
0	0	0	0	1	0	-0.00107260028220981
0	0	0	0	1	0	0.000789514932741519
0	0	0	0	1	0	0.00291553699749717
0	0	0	0	1	0	0.00513258216864355
0	0	0	0	1	0	9.82893913464391e-05
0	0	0	0	1	0	0.000639274971172454
0	0	0	0	1	0	-0.000187896186277195
0	0	0	0	1	0	-0.0025674119634762
0	0	0	0	1	0	0.00324714306361426
0	0	0	0	1	0	6.19176367385459e-05
0	0	0	0	1	0	0.000238548565499693
0	0	0	0	1	0	2.2187079276228e-05
0	0	0	0	1	0	-0.0011128418279553
0	0	0	0	1	0	0.00158551441711342
0	0	0	0	1	0	2.99830742961761e-05
0	0	0	0	1	0	0.000110189708915563
0	0	0	0	1	0	-1.84386384639339e-05
0	0	0	0	1	0	-0.00051762283221907
0	0	0	0	1	0	0.0101465356275052
0	0	0	0	1	0	-0.00202706005403887
0	0	0	0	1	0	-0.00035343703671156
0	0	0	0	1	0	0.000383757914375704
0	0	0	0	1	0	0.00173012027538194
0	0	0	0	1	0	0.0120619099476399
0	0	0	0	1	0	-0.00103758712592048
0	0	0	0	1	0	-0.00137006740436612
0	0	0	0	1	0	0.00010443820838949
0	0	0	0	1	0	0.00944582904451813
0	0	0	0	1	0	0.00715593314761461
0	0	0	0	1	0	-0.000675510114737326
0	0	0	0	1	0	-0.000506949269248801
0	0	0	0	1	0	0.000360395115563656
0	0	0	0	1	0	0.00416204186391088
0	0	0	0	1	0	0.00514619505714744
0	0	0	0	1	0	-0.000435995939439241
0	0	0	0	1	0	0.000512751742113604
0	0	0	0	1	0	-0.000101706954302375
0	0	0	0	1	0	5.18779707651125e-05
0	0	0	0	1	0	0.00325682912538156
0	0	0	0	1	0	-0.000274933580657513
0	0	0	0	1	0	0.000288379624028438
0	0	0	0	1	0	3.49253579046549e-06
0	0	0	0	1	0	0.000178026382563854
0	0	0	0	1	0	0.00158973520038468
0	0	0	0	1	0	-0.000133239424753883
0.00420979804039192	0.00557836053334738	0.00427457726319541	0.0042745772631954	1	0	0.000121737732861054
0	0	0	0	1	0	-1.30459942833378e-05
0	0	0	0	1	0	0.000140897817377161
0	0	0	0	1	0	0.0102332880384323
0	0	0	0	1	0	-0.00147580051989116
0	0	0	0	1	0	0.00821199574496708
0	0	0	0	1	0	0.0121064891330977
0	0	0	0	1	0	-0.000539212971413792
0	0	0	0	1	0	-0.0010712688034152
0	0	0	0	1	0	0.00718608563866644
0	0	0	0	1	0	-0.000807979066407606
0	0	0	0	1	0	0.00134111916360193
0	0	0	0	1	0	0.00516528356652366
0	0	0	0	1	0	0.00061104694008515
0	0	0	0	1	0	-0.00292433213327336
0	0	0	0	1	0	0.00326882788666984
0	0	0	0	1	0	0.000265257400293065
0.217316376724655	0.211769938697153	0.217681090335922	0.217681090335922	1	0	-0.00145989003220945
0	0	0	0	1	0	0.0015955091309731
0	0	0	0	1	0	0.0001264984241119
0	0	0	0	1	0	-0.000693591107974893
