FW_Default	FW_LBM	FW_QBM	FW_NM	Direct	interior-point-convex	active-set
0	0.0359987625193185	0.0375030480776969	0.0375030480776971	1.32699868751065e-16	1	-0.960238218037259
0	0.0359987625193185	0.0375030480776969	0.0375030480776971	1.15747807661625e-16	1	-1.50731874066315
0	0	0	0	3.12443987680221e-16	0	0.455742280568635
0	0	0	0	3.20051477762602e-16	0	1.96351173896955
0	0	0	0	8.53228054733038e-16	0	2.10082607180299
0	0	0	0	1.5947265158661e-16	0	-0.808302231324115
0	0	0	0	1.34136022055264e-16	0	-0.970864637047049
0	0	0	0	9.74701131442656e-17	0	0.412666652981179
0	0	0	0	1.22180272005289e-16	0	0.670170427800493
0	0	0	0	2.14738284902071e-16	0	-0.575416755533758
0	0	0	0	5.63658559852441e-16	0	0.806534808526186
0	0	0	0	2.01478778759213e-16	0	-0.192447118842705
0	0.0359987625193185	0.0375030480776969	0.0375030480776971	1.96687602418159e-16	1	-0.343865145570814
0	0	0	0	4.04988424696287e-16	0	0.285998261627201
0	0	0	0	9.38948629599263e-16	0	1.25878356682357
0	0	0	0	3.66750215391901e-16	0	1.64999581980622
0	0	0	0	2.75104991002805e-16	0	0.965733781751804
0	0	0	0	1.25279451964186e-16	0	-1.8666302684199
0	0	0	0	1.51655003438199e-15	0	0.213579560398534
0	0	0	0	1.81884499958703e-10	0	0.297691462125555
0	0	0	0	2.85134523591638e-16	0	-0.721700608553003
0	0	0	0	2.421946245241e-16	0	2.0014243141428
0	0	0	0	4.00586793979038e-16	0	0.31983613864038
0	0	0	0	1.72944233775932e-16	0	-0.0116352909658585
0	0	0	0	2.85683004040087e-16	0	-1.94883276009821
0	0	0	0	1.42467552539333e-16	0	-0.9167440687402
0	0	0	0	1.87975910546437e-16	0	0.58429369332646
0.0356435643564356	0.0399148842659802	0.0396261069092798	0.0396261069092797	0.0449928820595312	0	0.987259980522058
0	0	0	0	1.08700140720673e-16	0	-0.520944849736534
0	0	0	0	1.18581591165932e-16	0	1.01768356007913
0	0	0	0	3.00670364295537e-16	0	-2.27343207694524
0	0	0	0	1.22932316211956e-16	0	-1.61368334087547
0	0	0	0	1.07106891040057e-15	0	0.2852006048009
0	0	0	0	3.60451456940076e-16	0	-0.64191060727152
0	0	0	0	2.24533245626782e-16	0	-0.701184592279017
0	0	0	0	1.62415378095441e-16	0	-0.69752905033682
0	0	0	0	1.86765044624998e-16	0	0.567178722994514
0	0	0	0	1.41433183993174e-16	0	-0.714899305838143
0	0	0	0	1.25726102960042e-15	0	-0.0669939267329104
0	0	0	0	1.23268769187854e-16	0	-1.81192137648421
0	0	0	0	3.24452103703184e-16	0	1.45051685970009
0	0	0	0	1.08803752353706e-15	0	-3.06782379464747
0	0.00915184301242033	0.00951536132399192	0.00951536132399193	0.00438806059191143	0	0.364607286959048
0	0	0	0	3.01745503121359e-16	0	-0.969206047608105
0	0	0	0	1.7369917232295e-16	0	-3.00568345791838
0	0	0	0	3.39143479931453e-16	0	-1.68993516752954
0	0	0	0	2.64967159053815e-16	0	0.714359716007178
0	0	0	0	1.16943315434199e-16	0	-0.246472950600217
0	0	0	0	2.31847804587721e-16	0	-0.452389605900136
0	0	0	0	1.10108534686996e-16	0	-1.1464720174032
0	0	0	0	2.60970890690417e-16	0	0.568524129562731
0	0	0	0	1.45041046772963e-16	0	0.866983807191605
0.018019801980198	0.0351099041855082	0.0374720359737262	0.0374720359737263	0.0217615772440865	0	0.911684543422083
0	0	0	0	8.78505317305577e-17	0	-0.948061154614478
0	0	0	0	1.760067460007e-16	0	-1.88613336019667
0	0	0	0	3.43973474843556e-16	0	1.14806669236074
0	0	0	0	1.57248330945792e-16	0	-0.929266084531858
0	0	0	0	1.20882314775078e-16	0	-0.877804321992257
0	0	0	0	2.66705706588871e-16	0	-0.549636693609817
0	0	0	0	3.1028721293795e-16	0	1.49358226556211
0	0	0	0	2.95569811209217e-16	0	-0.254967287625118
0	0	0	0	5.38184269719919e-16	0	2.39052183873077
0.0136633663366337	0.00492505858129099	0.0066443782293383	0.00664437822933825	0.00858537992990377	0	-0.100895750986136
0	0	0	0	7.03163222137413e-16	0	0.645750010668172
0	0	0	0	1.44819835222053e-16	0	-0.106666995451409
0	0	0	0	2.34915489418425e-16	0	-0.48074196913003
0	0	0	0	1.01081649761167e-16	0	-0.682017687952886
0	0	0	0	4.28243755260518e-16	0	0.119996591152436
0.217425742574257	0.230359848703628	0.229579059403161	0.229579059403162	0.228841070367443	1	1.97130998758526
0	0	0	0	6.42562309535785e-16	0	-1.17886305536641
0	0	0	0	9.19481029278619e-16	0	-1.03036665260428
0	0	0	0	2.04596855986679e-15	0	-0.575716106473812
0	0	0	0	1.89420998622997e-16	0	-1.55965927629802
0	0	0	0	1.62891193676705e-16	0	-0.691791362430161
0.209108910891089	0.212563502997947	0.209507671838748	0.209507671838748	0.208939316136296	1	2.08112833857316
0.00831683168316832	0.0131127818592274	0.00644777435238165	0.00644777435238168	0.0116254466247806	0	0.921804237985274
0.00792079207920792	0.0121566388675317	0.00732064325300859	0.00732064325300863	0.00941540219053156	0	-0.288289366548878
0	0	0	0	1.62535911553712e-16	0	-0.656846664070217
0	0	0	0	1.01369843906743e-16	0	0.540054153554909
0	0	0	0	8.97321566540945e-16	0	1.81401996296997
0	0	0	0	1.42183668997903e-16	0	0.45866866158802
0	0	0	0	2.60228588645104e-16	0	0.861610429731719
0	0	0	0	1.22659527220733e-16	0	0.0432877130286614
0.0198019801980198	0.0183725337962675	0.0177143178484889	0.017714317848489	0.0203956127565176	0	1.07680591382087
0	0	0	0	1.90239629414898e-16	0	0.282609174903261
0.0376237623762376	0.0248655010997436	0.0277645034023811	0.0277645034023811	0.0262341493296113	0	2.56578265863446
0	0	0	0	3.22851542275362e-16	0	0.709632780376572
0	0	0	0	1.02716269455213e-16	0	-0.82235447014877
0	0	0	0	1.34462833573021e-16	0	0.0808683534981936
0	0	0	0	1.7425926127221e-16	0	-0.932562892131775
0	0	0	0	1.8962232957167e-16	0	-0.138437518918301
0	0	0	0	5.08498059584976e-16	0	-1.30464876077249
0	0	0	0	1.47420068413513e-15	0	-2.92657616828097
0	0	0	0	1.74080175425662e-16	0	-1.8220594837716
0	0	0	0	3.78652021623759e-16	0	1.74919437439439
0	0	0	0	5.05853413352931e-16	0	-0.368356791749647
0	0	0	0	1.34493701884908e-16	0	0.648724559543823
0	0	0	0	1.05483767118114e-16	0	-1.61399794522034
0	0	0	0	1.42036133315868e-16	0	0.173920107908954
0	0	0	0	4.63764330893097e-16	0	3.31265290488092
0	0	0	0	1.1513764866833e-16	0	1.26614239086534
0	0	0	0	8.93012113320708e-16	0	-0.405305196306914
0	0	0	0	2.74702446438955e-16	0	0.484350546171204
0	0	0	0	2.54914138888286e-16	0	-0.991101183938577
0	0	0	0	1.35900056386255e-16	0	1.16476837671148
0	0	0	0	2.04108865608337e-16	0	1.36943784423768
0	0	0	0	2.22533622393411e-16	0	-0.433687975495452
0	0	0	0	1.98088340135938e-16	0	-0.780721857286619
0	0	0	0	4.72604747648833e-16	0	0.193270391287245
0	0	0	0	1.96754296493272e-16	0	1.5002935122463
0	0	0	0	1.56253658670567e-16	0	-1.20937937205763
0	0	0	0	2.10622250553181e-16	0	0.0664206356443616
0	0	0	0	2.12355098799231e-16	0	2.31415015506304
0	0	0	0	1.40611849253438e-16	0	0.269418753945014
0	0	0	0	2.60494186592512e-16	0	1.12858963206271
0	0	0	0	3.33900699757055e-16	0	-0.254843569488823
0	0	0	0	4.79004917205256e-16	0	-0.0812381241417056
0	0	0	0	1.51752231462447e-16	0	0.548490680042418
0	0	0	0	1.73017327847475e-16	0	-1.23446771854595
0	0	0	0	1.37619301677317e-16	0	-0.244351154787165
0	0	0	0	2.44740282509321e-16	0	1.51084426849766
0	0	0	0	1.82214687819716e-16	0	0.403973214884774
0	0	0	0	8.61957057735102e-17	0	2.11046460170517
0	0	0	0	1.27233170455729e-16	0	0.141851749790659
0	0	0	0	2.1149707106647e-15	0	-1.45327569763966
0	0	0	0	4.05284495073593e-16	0	0.575360549723251
0.00376237623762377	0.0133633445699133	0.0081013442051157	0.00810134420511569	0.0104309455542928	0	1.34741362233726
0	0	0	0	8.95350918435232e-17	0	-0.668052240360787
0	0	0	0	1.92983939163397e-16	0	-0.366362872084161
0	0	0	0	1.7835522802866e-16	0	0.168061983916433
0	0	0	0	1.49417677100218e-16	0	0.56151002773919
0	0	0	0	2.69812347502382e-16	0	-0.611738062043761
0	0	0	0	3.57601719007486e-16	0	-0.00627579134327818
0	0	0	0	1.89053169642255e-16	0	-0.884102842438446
0.0283168316831683	0.0187709396094351	0.0182776079868772	0.0182776079868772	0.0248546001955473	0	1.51082663444355
0.248316831683168	0.250539244402525	0.250603082581854	0.250603082581854	0.249180188375767	1	1.57653373014946
0	0	0	0	2.26184359690293e-16	0	-1.79452849748613
0	0	0	0	3.66045522109678e-16	0	-0.102023296757308
0	0	0	0	1.2225062580767e-16	0	2.17813228449216
0	0	0	0	1.73632494824465e-16	0	0.119243989904216
0	0	0	0	4.18896559334328e-15	0	0.5971526817869
0	0	0	0	3.23839821736506e-16	0	0.668873593986236
0	0	0	0	6.3874925733334e-16	0	0.744374467373908
0	0	0	0	2.8595639600848e-16	0	0.500229925358026
0	0	0	0	2.22349121777011e-16	0	-1.78979150860346
0	0	0	0	3.35295994447579e-16	0	-0.338067249107682
0	0	0	0	4.1573274010376e-16	0	1.96800864799241
0	0	0	0	1.92211188717303e-16	0	-1.5145923545213
0	0	0	0	2.55920399545615e-16	0	1.39653559131781
0	0	0	0	2.55054860646413e-16	0	-0.868585627402305
0	0	0	0	3.02235511516888e-16	0	0.746897022114961
0	0	0	0	1.36938342605544e-16	0	-1.67446852268056
0	0	0	0	2.79545638395085e-16	0	1.02673262237321
0	0	0	0	2.57792379805745e-16	0	-1.06234612559242
0	0	0	0	1.39327912209369e-16	0	-0.17393233376204
0	0	0	0	1.28426436412187e-15	0	2.57537824917289
0	0	0	0	2.8420926215464e-16	0	0.86795236444982
0	0	0	0	4.38375596139806e-16	0	-0.776720931837876
0	0.0106480775083359	0.00847262789384134	0.00847262789384133	0.00550935524452006	0	1.15067830110038
0	0	0	0	2.01337891023848e-16	0	-0.815215130653455
0.143960396039604	0.149734584007772	0.150607749561271	0.150607749561271	0.153563551906539	0	0.563718731558569
0	0	0	0	2.99737492187608e-16	0	-1.52035195316572
0	0	0	0	4.3427578875806e-16	0	-0.334483126629943
0	0	0	0	4.50693856652625e-16	0	1.77366776001113
0	0	0	0	2.57151133853113e-16	0	1.97666140155652
0	0	0	0	1.44879544351341e-16	0	-1.62033558098576
0.0097029702970297	0.00915184301242033	0.00844277329035099	0.008442773290351	0.0077879477824903	0	1.34995565093486
0.00831683168316832	0.0151677333478772	0.01370898421221	0.0137089842122101	0.00968666754893327	0	0.797415784397523
0	0	0	0	2.06607583820932e-16	0	-0.494922677937907
0	0	0	0	2.17637522524924e-16	0	-1.63946556411462
0	0	0	0	3.6840605185724e-16	0	-0.853459231137573
0	0	0	0	1.90418113464056e-16	0	-0.813800188792919
0	0	0	0	4.92602460976988e-16	0	0.383238761949228
0.102772277227723	0.10385886062117	0.0995528445046723	0.0995528445046723	0.103407734706	0	-2.66177810367178
0	0	0	0	1.58313300352599e-16	0	0.227342918401811
0	0	0	0	3.46135167519699e-16	0	-0.0527242134048793
0	0	0	0	1.30579564301059e-15	0	0.893233544581077
0	0	0	0	2.57256218192976e-16	0	0.394061184336194
0.10019801980198	0.101310983608618	0.0977038712375321	0.0977038712375321	0.0979712895233412	1	2.23670927678919
0	0	0	0	7.12400180941077e-15	0	0.35530450036154
0	0	0	0	6.06777920950515e-16	0	0.613511941577272
0	0	0	0	1.07591247044336e-16	0	-1.20476816283946
0	0	0	0	1.66991746230509e-16	0	2.23596392383661
0.0134653465346535	0.00554811825153977	0.00594053596600466	0.00594053596600468	0.0104838415935956	0	1.11770466373657
0	0	0	0	3.04194460365785e-16	0	0.787004863755591
0	0	0	0	1.32855533558541e-16	0	-1.17822704229425
0	0	0	0	4.96865943594187e-15	0	-1.21142084372035
0	0	0	0	3.5596500475897e-16	0	-0.549217905669612
0	0	0	0	2.88377615061233e-16	0	-0.0236270684525563
0	0	0	0	1.13116359222831e-16	0	-0.647221823833422
0	0	0	0	2.86195483142246e-16	0	0.0460150862377226
0	0	0	0	2.76979278454524e-16	0	-1.19748718199815
0	0	0	0	3.11635879721038e-16	0	0.724960856131857
0	0	0	0	1.78438342646038e-15	0	-0.755436750520568
0	0	0	0	1.20710290054175e-16	0	-0.35374233441323
0	0	0	0	8.02241377525409e-16	0	-1.95085852445432
0	0	0	0	1.10747864870087e-16	0	0.997000660755794
0	0	0	0	1.62228643384563e-16	0	-0.198996672375261
0	0	0	0	3.7301974941028e-16	0	1.49493074041731
0	0	0	0	4.00673868244232e-16	0	-0.0325773370555609
0	0	0	0	3.07082398438926e-16	0	0.5424909054999
0	0	0	0	1.19895290821832e-16	0	-0.22647002948856
0	0	0	0	1.75471249977528e-16	0	2.05782854238417
0	0	0	0	3.23803795682638e-16	0	-0.656668637341977
0	0	0	0	2.1884134153444e-15	0	-0.103051355271492
0	0	0	0	3.0638416612666e-16	0	-1.572213157132
0	0	0	0	2.43058731951801e-16	0	3.32186691447016
0	0	0	0	1.19600969545477e-15	0	2.38256036632418
0	0	0	0	4.92601033495514e-16	0	1.20536859063449
0	0	0	0	1.27094222181724e-16	0	-0.759755289327523
0	0	0	0	2.67908690108562e-16	0	2.17437903075022
0	0	0	0	1.42883881602117e-16	0	-2.05078921312631
0	0	0	0	1.12875231569315e-16	0	-0.722952182221998
0	0	0	0	1.36361725979619e-16	0	-0.102865153554574
0	0	0	0	1.16589996603866e-16	0	-0.854623186156558
0	0	0	0	4.83393289968551e-16	0	0.201245461554919
0	0	0	0	1.35916933708297e-16	0	-1.65629026671789
0	0	0	0	1.70297783588117e-16	0	-1.25514325411757
0	0	0	0	3.50236716618018e-16	0	-0.209381219367346
0	0	0	0	2.42552905324185e-16	0	-0.537397245585265
0	0	0	0	2.60121454324514e-16	0	1.44043936607628
0	0	0	0	1.26027119616918e-15	0	0.708888433952534
0	0	0	0	1.41126876285342e-16	0	-1.31537243011206
0	0	0	0	1.44837695786513e-16	0	-1.14100391771037
0	0	0	0	3.91674129673547e-16	0	-1.41354212453742
0	0	0	0	2.72352916482086e-16	0	0.851283948183473
0	0	0	0	1.97008566213555e-16	0	1.28494253181942
0	0	0	0	2.42079012834177e-16	0	0.643217991864281
0.0689108910891089	0.066476194151394	0.0664050048510987	0.0664050048510987	0.0654759035359066	0	2.65411378919621
0	0	0	0	3.7721785771127e-16	0	-1.21919686674629
0	0	0	0	1.35347566567278e-16	0	-0.626869597589525
0	0	0	0	1.65425315819611e-16	0	0.937847490629661
0.0904950495049505	0.101623945176074	0.101788209162093	0.101788209162093	0.100305442856235	0	-0.0243531460271762
0	0	0	0	1.54510153510597e-16	0	-0.0839861913186283
0	0	0	0	1.26572397930903e-16	0	0.41131624467352
0	0	0	0	1.60188993526717e-16	0	0.0495218067253225
0.0277227722772277	0.0213786708478772	0.0182574836818891	0.0182574836818891	0.0184868364963707	0	-0.81197877642937
0	0	0	0	6.11189348879348e-16	0	0.759937213734833
0	0	0	0	3.43235777893845e-16	0	1.75148648332825
0	0	0	0	3.87270435272632e-16	0	2.24997923134563
0	0	0	0	3.59067625382335e-16	0	1.82245310996737
0	0	0	0	1.68001050962421e-16	0	1.71488087493249
0	0	0	0	3.03266449171386e-16	0	-1.53168684241521
0.0552475247524752	0.048487939287236	0.0478566354857965	0.0478566354857965	0.0507701088933096	0	0.444286901973441
0	0	0	0	1.56370253831335e-16	0	-0.854612520917262
0	0	0	0	9.14965952073774e-17	0	-0.851210118056941
0	0	0	0	3.69000538579795e-16	0	-0.813879119985124
0	0	0	0	1.95487497839007e-16	0	0.668187921057941
0	0	0	0	2.17561036095538e-16	0	-0.655856649853392
0	0	0	0	1.39891602548636e-16	0	-0.437389535957261
0	0	0	0	1.36915924635901e-16	0	1.11557068571008
0	0	0	0	3.56968296184611e-16	0	-0.847902380781514
0	0	0	0	1.49177326201156e-16	0	-1.76989550031212
0	0	0	0	2.08577706706003e-16	0	0.297952512131807
0	0	0	0	4.76465369503586e-16	0	0.859424852039889
0	0	0	0	2.12237411604644e-16	0	-0.0651314996272109
0	0	0	0	2.68403321181264e-16	0	-2.5869086148275
0	0	0	0	7.58090590415567e-16	0	0.978117190685699
0	0	0	0	1.88383463726195e-15	0	1.48673656479434
0	0	0	0	1.01177086894811e-15	0	-2.28750868553401
0	0	0	0	1.67898099001819e-16	0	-0.915926301228275
0	0	0	0	3.56180474417079e-16	0	-0.614362472424693
0	0	0	0	1.46850401559521e-15	0	-0.456790716198607
0	0	0	0	2.76618341660755e-16	0	-0.0253102391750095
0	0	0	0	3.42645514110106e-15	0	0.974907493772813
0	0	0	0	1.41729470917554e-16	0	-0.746378316736948
0	0	0	0	2.14981132631767e-16	0	3.27312502020023
0	0	0	0	8.19923288351963e-16	0	0.13285922775379
0	0	0	0	1.9563470180268e-16	0	0.383698901965631
0	0	0	0	1.87795326661823e-16	0	0.205653553757071
0	0	0	0	3.43645243332206e-16	0	-1.7203141818516
0	0	0	0	4.16530490967768e-16	0	-1.83653291182708
0	0	0	0	2.02687459893933e-15	0	0.818088872263109
0	0	0	0	2.24448811060271e-16	0	0.694756784112009
0	0	0	0	6.6807958766669e-16	0	1.73124110424791
0	0	0	0	1.68913789598294e-16	0	0.790014968268228
0	0	0	0	4.20808511261212e-16	0	0.425126416147801
0	0	0	0	1.69757445972506e-16	0	1.25006483262638
0	0	0	0	6.23432399774002e-16	0	0.856345249937243
0	0	0	0	9.30226427814663e-16	0	-0.0291690966779004
0	0	0	0	4.06128215925791e-16	0	0.48421745955498
0	0	0	0	2.28933769515682e-16	0	-1.2886423488429
0	0	0	0	1.40521209541394e-16	0	-0.684702936462109
0	0	0	0	2.4603672697295e-16	0	0.221859675307005
0	0.00524372592145931	0.00652239889662047	0.00652239889662043	0.00233613781254067	0	-0.341678182382181
0	0	0	0	3.4833755981131e-16	0	-0.110192387900608
0	0	0	0	1.4408754033502e-16	0	-2.87816927068986
0.174851485148515	0.172414218313267	0.172233830357831	0.172233830357831	0.168132402763038	0	-0.775893619020285
0	0	0	0	1.16784577130965e-16	0	-0.735479651036134
0	0	0	0	4.97283826966888e-16	0	1.91024437593255
0	0.00524372592145931	0.00559707167533193	0.00559707167533187	0.00780165449706889	0	2.51933952857562
0	0	0	0	1.01938549070488e-15	0	1.3567652416956
0	0	0	0	5.30133267446962e-16	0	0.328464708734774
0	0	0	0	7.6682547815936e-16	0	-0.17977144045147
0	0	0	0	4.62368671477567e-16	0	-0.637371231143234
0	0	0	0	1.2608394940403e-16	0	-1.18311691606194
0	0	0	0	1.75532725809264e-16	0	0.11137378778118
0	0	0	0	4.66783496670221e-16	0	-0.90996330237871
0	0	0	0	3.58228029894999e-16	0	1.13441398297273
0.0326732673267327	0.027616926873135	0.0310902250576907	0.0310902250576907	0.0318357807047065	0	1.41367946874158
0	0	0	0	3.05485869035397e-16	0	1.91170002667507
0	0	0	0	1.36429639005588e-16	0	-1.08577746307589
0	0	0	0	1.45368589252912e-16	0	-1.44349215712905
0	0	0	0	5.12239689373328e-16	0	-1.81248071610009
0	0	0	0	8.59100865047297e-17	0	-1.55248298668948
0	0	0	0	1.05441213681013e-16	0	-0.0275360869435726
0	0	0	0	1.08991818429897e-15	0	0.76794753273566
0	0	0	0	2.2292912189496e-16	0	1.30584931066061
0	0	0	0	1.00632296893356e-15	0	0.490072556789699
0	0	0	0	1.30787359106471e-16	0	1.39717170411854
0	0	0	0	7.05852387534808e-16	0	-0.667358208326727
0	0	0	0	2.14787477070893e-15	0	0.192148884438621
0	0	0	0	1.89696120266659e-16	0	0.850680724025734
0	0	0	0	8.79166075383737e-16	0	-0.696201166594043
0	0	0	0	4.71807753135569e-16	0	-0.133518995410632
0	0	0	0	2.6415177432095e-16	0	1.18047548832903
0	0.00579703226171399	0.00620266065799171	0.00620266065799166	0.00614599524667323	0	-0.859033760184978
0	0	0	0	7.27817589273804e-16	0	-1.28265329004678
0	0	0	0	4.59766372158366e-16	0	-0.829487315988096
0	0	0	0	1.24216869270274e-16	0	-0.833854832741041
0	0	0	0	2.96280413743293e-16	0	-1.87782791744919
0	0	0	0	5.83855932439361e-16	0	-0.0752387025454595
0	0	0	0	2.50896165453909e-16	0	1.73096494994012
0.0124752475247525	0.00498720381634624	0.0066443782293383	0.00664437822933825	0.00553340478827682	0	-0.163394468100515
0	0	0	0	2.07963392545113e-16	0	-1.31723294414839
0.0297029702970297	0.0218241148246989	0.0203744732034223	0.0203744732034223	0.0276750151690659	0	0.824779332561808
0	0	0	0	4.17464009428299e-16	0	-0.772014039240484
0	0	0	0	2.62040700975284e-16	0	0.464965190172827
0.145742574257426	0.153430637927529	0.157823268438713	0.157823268438713	0.156517650979031	0	0.000138083744514376
0	0	0	0	2.18339559374278e-16	0	0.915275130161001
0	0	0	0	1.39569836776403e-16	0	-2.08344756683682
0	0	0	0	1.00152535357874e-15	0	1.29149962424416
0	0	0	0	1.71088998229098e-16	0	1.20785902028689
0	0	0	0	2.50455459495078e-16	0	0.483332847636115
0	0	0	0	5.00749880968961e-15	0	0.682899094576379
0	0	0	0	2.41587991765462e-15	0	0.803045122885165
0	0	0	0	4.14255354636156e-16	0	1.70736248821472
0.0097029702970297	0.010060283352775	0.00833605892087498	0.00833605892087498	0.0122311347564368	0	-0.184366049632866
0	0	0	0	1.18085158745466e-16	0	2.5795063714383
0.060990099009901	0.0521839099493438	0.0530810104041629	0.0530810104041629	0.0514030434152513	0	0.410345674465892
0	0	0	0	1.17942516260291e-16	0	0.11179710678018
0	0	0	0	1.73584671433313e-16	0	-0.182364345773541
0	0	0	0	1.40762499166122e-16	0	-1.22924329705238
0	0	0	0	2.4460883974482e-16	0	-2.10918424697322
0	0	0	0	3.63259792612917e-16	0	3.03015167615975
0	0	0	0	1.57095773374847e-16	0	-1.09318186056699
0	0	0	0	1.80515968088914e-16	0	0.84029846587475
0	0	0	0	9.91105210665041e-17	0	1.52554236351191
0	0	0	0	4.99827383734683e-16	0	0.41962859585795
0	0	0	0	1.33061055066161e-15	0	0.968986489885633
0	0	0	0	1.91904625449091e-16	0	-0.551150948826832
0	0	0	0	1.0157104367789e-16	0	-0.788030194244709
0.000594059405940594	0.00881186634426363	0.0103550051047884	0.0103550051047884	0.00447642886226553	0	1.08294530114862
0	0	0	0	1.98724407905404e-16	0	-1.88259417536805
0	0	0	0	1.98541614751237e-16	0	-2.30727524180304
0	0	0	0	1.57722838420866e-15	0	-0.677581237488172
0	0	0	0	5.09312077868257e-16	0	0.909397275543334
0	0	0	0	1.60990475400139e-16	0	0.650559234560845
0	0	0	0	1.29231727550928e-15	0	-0.60165470056941
0	0	0	0	1.58816276124547e-16	0	-0.076626469255016
0	0	0	0	8.7458530735006e-16	0	0.199468840515491
0	0	0	0	1.73059965820506e-16	0	-0.269189583574164
0	0	0	0	6.35771276564168e-16	0	0.0649662792071291
0	0	0	0	4.79805824543083e-16	0	1.72271979982214
0	0	0	0	2.56603438402306e-15	0	1.0794814240308
0	0	0	0	4.51169100076079e-16	0	0.682338901700756
0	0	0	0	3.14366308882517e-16	0	-0.152917332677809
0	0	0	0	1.74434933904356e-16	0	-0.237121312946423
0	0	0	0	3.255850673628e-16	0	0.679248007823722
0	0	0	0	1.36995332189803e-16	0	-0.914056610765815
0	0	0	0	9.34329022962079e-17	0	-0.803800572399194
0	0	0	0	3.47160917089238e-16	0	-0.619379174155858
0	0	0	0	2.31385545192793e-16	0	1.000601125559
0.075049504950495	0.0652221740981189	0.0639943451667084	0.0639943451667084	0.067809016584474	0	1.46463747515786
0	0	0	0	3.93418830701404e-16	0	0.0905512827171359
0	0	0	0	7.86963301714428e-17	0	-1.32136329402161
0	0	0	0	2.14396283858098e-16	0	-0.769461263436545
0	0	0	0	1.97617222707668e-16	0	1.28796130619543
0	0	0	0	1.26780196195369e-16	0	-1.58914286091628
0	0	0	0	4.45911512940467e-16	0	-1.16080728537236
0	0	0	0	3.32360917492106e-16	0	2.72727201408125
0.023960396039604	0.0154491877064615	0.0143154671451373	0.0143154671451372	0.016888497587773	0	-0.0460493633586406
0	0	0	0	1.09764877969595e-16	0	0.519940984132791
0	0	0	0	2.24726711347328e-16	0	-0.774188173080492
0	0	0	0	1.73037350004777e-16	0	-2.26552412292959
0	0	0	0	3.35285720138421e-16	0	-1.08233319780245
0.0104950495049505	0.00471358553327838	0.00683250332294697	0.00683250332294694	0.00951875708054157	0	0.286650482625722
0	0	0	0	1.77642709556099e-16	0	0.887247478442544
0	0	0	0	1.85805876340274e-16	0	-0.545340189684707
0	0	0.00490873071292493	0.00490873071292495	0.00614079016209835	0	0.265988274740808
0.0166336633663366	0.0266766079981082	0.0251632404901346	0.0251632404901346	0.0237529724211164	0	-0.00984659270380544
0	0	0	0	1.77117412203967e-16	0	-0.554287554468614
0	0	0	0	3.23163293336093e-16	0	0.43651966470307
0	0	0	0	1.10904538210677e-16	0	-0.123254481206988
0	0	0	0	4.17914540530018e-16	0	0.621541060868193
0	0	0	0	8.4202053366686e-16	0	0.814965729192883
0	0	0	0	2.6652814206392e-16	0	-1.66013042839623
0	0	0	0	1.32380342451877e-16	0	-1.07718595790599
0	0	0	0	1.74920993857415e-16	0	-0.415292145238338
0	0	0	0	2.2026728885829e-16	0	-0.343631586390698
0	0	0	0	1.34160436018226e-16	0	0.985314980598961
0	0	0	0	2.69449617155517e-15	0	-0.739700350150657
0	0	0	0	6.64943996782846e-16	0	-0.736452458846636
0	0	0	0	3.80055359443929e-16	0	1.1695990498342
0	0	0	0	1.58431869388672e-16	0	0.34616918305303
0	0	0	0	2.60164333062134e-16	0	0.855230899227092
0	0	0	0	1.63220953143943e-16	0	-1.09048302647505
0	0	0	0	1.54758346458307e-16	0	-0.20828893846505
0	0	0	0	1.79334751631276e-16	0	-0.360283523788515
0	0	0	0	1.46733516388027e-16	0	-1.59543605276592
0	0	0	0	1.37440547493668e-15	0	0.413445397514523
0	0	0	0	2.54093102549921e-16	0	-0.902440226600391
0	0	0	0	4.26646166460811e-16	0	-0.873451502811625
0	0	0	0	4.71225559871416e-16	0	0.998299096152981
0	0	0	0	4.48325251933183e-16	0	0.9162843174716
0	0	0	0	9.53773496277213e-17	0	-0.354152025004103
0.0465346534653465	0.0345478136508695	0.0334462383439892	0.0334462383439892	0.034830020681368	0	2.40959752628401
0	0	0	0	1.68809117417544e-16	0	-1.72083707217361
0	0	0	0	2.16017736861363e-16	0	0.822918080304656
0	0	0	0	3.15427385161147e-16	0	-1.61518846811612
0	0	0	0	3.32114186310653e-16	0	-0.568473645118086
0	0	0	0	1.59569996822351e-16	0	-0.634873736984832
0	0	0	0	3.76962350789971e-16	0	-1.65628412345358
0	0	0	0	4.63238019741681e-16	0	0.142543827185126
0.0376237623762376	0.0368631815419902	0.0365815052811076	0.0365815052811076	0.0402655771012093	0	1.21958862315981
0	0	0	0	3.18899896663569e-15	0	-0.955041013419464
0	0	0	0	1.94867349099232e-16	0	-0.189123406868068
0	0	0	0	2.35169027631069e-16	0	0.495362884279893
0	0	0	0	1.5268572087901e-16	0	-1.72704540565993
0	0	0	0	1.04989018570982e-16	0	-0.947498212451867
0	0	0	0	3.60599131281979e-16	0	-1.33349189426219
0	0	0	0	4.10797292178588e-16	0	-0.670224949575751
0	0	0	0	9.87900368448539e-16	0	0.703021538117861
0	0	0	0	1.09503225229775e-16	0	-2.20051059232838
0	0	0	0	1.39069391167699e-16	0	-0.927116311865753
0	0	0	0	4.67946807918981e-16	0	-0.434351271658154
0	0	0	0	3.74906115251789e-16	0	0.119543679867661
0	0	0	0	4.71040843949833e-16	0	-0.245392450309258
0	0	0	0	9.83558135288395e-17	0	-0.0450867108555871
0	0	0	0	5.07958959198618e-16	0	-0.0115188923160766
0.0306930693069307	0.0290479836599771	0.0296357526604673	0.0296357526604673	0.0324200987274319	0	-0.801574707896079
0	0	0	0	8.8281458578329e-16	0	-0.568143769121222
0	0	0	0	1.29559236687333e-16	0	-0.792663205176152
0	0	0	0	2.05710142762993e-16	0	-0.673275686557654
0	0	0	0	6.89708351942437e-16	0	-0.62390773526554
0	0	0	0	2.09416054159493e-16	0	0.730836728759259
0	0	0	0	8.17474389934771e-17	0	1.16482706060114
0	0	0	0	2.30537569978665e-16	0	-0.494195863640025
0	0	0	0	1.29799807576433e-16	0	-0.837908880489205
0	0	0	0	1.36640754099094e-16	0	-1.03288154205228
0	0	0	0	0.00202244973821058	0	-1.1075929394554
0	0	0	0	2.10415518690618e-16	0	-2.27582940297521
0	0	0	0	2.66990181035357e-16	0	-1.06915579365936
0	0	0	0	1.23227138017392e-16	0	-0.550688636393846
0	0	0	0	6.41247286075126e-16	0	-1.33452644828307
0	0	0	0	3.37422222894051e-16	0	0.260526168776423
0	0	0	0	4.22105900754422e-16	0	0.492449042007295
0	0	0.00582133446608757	0.00582133446608747	0.00476453601191389	0	0.822523552299128
0	0	0	0	1.49669464747459e-16	0	-0.372750088445234
0	0	0	0	2.01124602672608e-16	0	-0.147342309354211
0	0	0	0	2.73680654667843e-16	0	0.412406410365204
0	0	0	0	1.12212590913876e-16	0	-0.802427648418472
0	0	0	0	2.24913538139069e-16	0	0.633157712551249
0	0	0	0	5.09003777711578e-16	0	-0.843871512227842
0	0	0	0	1.59114305092154e-16	0	-1.91608937770395
0	0	0	0	1.17150400646841e-16	0	0.494958080848925
0	0	0	0	2.16948302904913e-16	0	-0.0344810968713609
0	0	0	0	4.6006418856332e-16	0	1.57309210393525
0	0	0	0	1.15614933418921e-16	0	-1.18262984742107
0	0	0	0	1.55280021590101e-16	0	0.472172405136326
0	0	0	0	1.58630296189409e-15	0	1.06861008907536
0	0	0	0	7.59428523775402e-16	0	2.12463980750089
0	0	0	0	2.42829259083496e-16	0	0.251830135569982
0	0	0	0	2.54016059915383e-15	0	0.0693706945065025
0	0	0	0	8.97607791101786e-17	0	-0.467829581589214
0	0	0	0	2.40401316838762e-16	0	0.669271481428957
0	0	0	0	4.48331441343327e-16	0	-1.76143509774508
0	0	0	0	2.38327325440044e-16	0	1.72169442185816
0.0263366336633663	0.00987165303991048	0.0136163017942843	0.0136163017942843	0.0163518211178309	0	1.26186830495157
0	0	0	0	1.95046064849383e-16	0	0.0824203244544705
0	0	0	0	1.06715063912018e-16	0	-0.957124883413232
0	0	0	0	1.62607918734933e-16	0	0.589263827651477
0	0	0	0	1.87030748461696e-16	0	-0.0887890924209245
0	0	0	0	4.29718457632908e-16	0	-0.476225251151958
0	0	0	0	1.57159099054057e-16	0	0.232400141211579
0	0	0	0	2.04689825597578e-15	0	0.761658066051537
0.0146534653465347	0.0126256625018788	0.00806143331359246	0.00806143331359251	0.0106782669364355	0	-0.802721341032197
0	0	0	0	1.63664745039028e-16	0	-0.0574777390958602
0	0	0	0	5.19809016151331e-16	0	-0.41227010437937
0	0	0	0	2.52008738060546e-16	0	0.936932117184803
0	0	0	0	3.12718710326535e-16	0	0.639570544125701
0	0	0	0	3.71696686557922e-16	0	1.71663084958036
0	0	0	0	1.5953768798566e-16	0	0.0658120130653472
0	0	0	0	1.55155523960042e-16	0	-0.945105936799926
0	0	0	0	3.86142836709508e-16	0	1.27527002043354
0	0	0	0	8.41958248663815e-17	0	-0.0666184778804774
0	0	0	0	1.80705684513672e-16	0	2.32004750307907
0	0	0	0	5.85727908257527e-16	0	-1.08206461247889
0	0	0	0	1.73436621913702e-16	0	2.39273617358404
0	0	0	0	3.25481494866722e-16	0	-0.174231102325998
0	0	0	0	1.63961884671034e-16	0	1.11540788838791
0	0	0	0	1.43762737823148e-16	0	-0.654514349544787
0	0	0	0	5.32471478523856e-16	0	1.81157032932264
0	0	0	0	2.07073973052679e-16	0	-0.943587742433039
0	0	0	0	3.15769425932642e-15	0	-0.0665051314453663
0	0	0	0	7.35070800067142e-16	0	-1.56746889944542
0	0	0	0	1.28747027634305e-16	0	-0.505268850830326
0	0	0	0	1.54248207610145e-16	0	1.30302801648254
0	0	0	0	2.40855886998733e-16	0	0.128082032511412
0	0	0	0	1.97972679668642e-16	0	2.14701834597529
0	0	0	0	2.08882447710021e-16	0	-0.262801502165263
0	0	0	0	1.27620707496125e-16	0	-0.321044548842355
0	0	0	0	1.69785769321516e-16	0	0.542835003774377
0.0473267326732673	0.0387867594671387	0.0403693837242131	0.0403693837242131	0.045027305091589	0	1.26347559218792
0	0	0	0	1.5933282160901e-16	0	0.010106571189368
0	0	0	0	2.04735577587176e-16	0	1.25244037874417
0.0356435643564356	0.0482736734843241	0.0440478587449494	0.0440478587449494	0.0463387671970279	0	0.460771526086124
0	0	0	0	2.35812442871853e-16	0	-1.18411576282413
0	0	0	0	5.64374380885824e-16	0	-0.639436560203419
0	0	0	0	1.53165462928344e-16	0	1.93277876050586
0	0	0	0	2.06741143900495e-16	0	0.286794779956596
0	0	0	0	2.22316693649583e-16	0	-1.06071330576183
0.00871287128712872	0.00968655954541216	0.00749951797082658	0.0074995179708266	0.0126811002010053	0	0.641564658443516
0	0	0	0	5.8302966206877e-15	0	2.91052018325864
0	0	0	0	1.90244430313331e-16	0	-0.668821856512547
0	0	0	0	1.54508650645641e-16	0	-0.93818336127306
0	0	0	0	3.96714615368975e-16	0	0.554003630427703
0.0718811881188119	0.0624247763270413	0.0599867059911126	0.0599867059911127	0.0662746736199273	0	0.793003894447333
0	0	0	0	6.19710075603978e-16	0	-1.30383192614314
0	0	0	0	1.92771844686127e-16	0	0.00448623988335276
0	0	0	0	1.36366255323194e-16	0	-0.300378807204859
0	0	0	0	2.04519629856262e-16	0	-0.485540345387891
0	0	0	0	1.34115683241985e-15	0	0.871185292427826
0	0	0	0	1.875124748716e-16	0	-0.152775029974071
0	0	0	0	1.5526705211751e-16	0	0.6626520794255
0	0	0	0	1.59203937765345e-16	0	0.248644293240815
0	0	0	0	1.54332623675184e-16	0	-0.380698074355089
0	0	0	0	1.13439406974786e-16	0	0.341455205423322
0	0	0	0	1.73453018380719e-16	0	0.418139997273736
0	0	0	0	1.23891199700145e-16	0	-3.91919497701275
1	1	1	1	1	1	-1.0741001239468
0	0	0	0	5.02241348372748e-16	0	-0.994521256488481
0	0	0	0	1.00381555239168e-15	0	1.05126023605475
0	0	0	0	1.31389388290072e-16	0	0.920866250227044
0	0	0	0	1.49258642619473e-16	0	1.19195600383979
0	0	0	0	3.04375087813954e-16	0	-1.59759912286313
0	0	0	0	1.34611680659072e-16	0	0.267933569884364
0	0	0	0	2.27607730672904e-16	0	0.31545090079392
0	0	0	0	8.04585021889481e-15	0	-0.105140663658629
0	0	0	0	4.58025511016879e-16	0	1.07486896954418
0	0	0	0	7.96665970277476e-16	0	0.448234926469107
0	0	0	0	1.41973908109049e-16	0	-0.351829864925658
0.0982178217821783	0.0917066362892448	0.0937732988017549	0.093773298801755	0.0945736633944677	0	-1.45849969144793
0	0	0	0	5.25737085348444e-16	0	-0.869972028221532
0	0	0	0	1.45240251434841e-16	0	-0.910827385906729
0	0	0	0	2.37812175920275e-16	0	-0.646491004560305
0	0	0	0	5.36873339194602e-16	0	-0.954611728728439
0	0	0	0	1.5983636767138e-16	0	0.988650458477689
0	0	0	0	1.39068698540326e-16	0	0.577303248087652
0	0	0	0	2.72334625175466e-16	0	-0.185965629088074
0	0	0	0	1.6620134187532e-16	0	0.310327543505931
0	0	0	0	9.41104770019661e-16	0	0.642825225060427
0	0	0	0	9.77230359756126e-17	0	-1.45630140583705
0	0	0	0	1.57653203211503e-16	0	-0.973597975853832
0	0	0	0	1.59851929324139e-16	0	0.895224657538431
0	0	0	0	3.7332140638132e-16	0	-1.46121032942538
0	0	0	0	2.20181183161226e-16	0	0.158266256471983
0	0	0	0	1.43458778386364e-16	0	0.427949146602335
0	0	0	0	2.34007593842957e-16	0	0.0542572599697224
0	0	0	0	2.18294881505607e-16	0	-0.595161489367713
0	0	0	0	3.48524446552074e-16	0	-0.503908479955393
0	0	0	0	1.04714844302249e-16	0	0.916378024888307
0	0	0	0	1.13477251475088e-15	0	0.579113138953142
0	0	0	0	1.4202665632533e-16	0	0.539408242839367
0	0	0	0	2.12248118961286e-16	0	0.0700837874118425
0	0	0	0	1.71476327565891e-16	0	0.473505881133913
0	0	0	0	1.33730215819017e-16	0	0.0268285065149771
0	0	0	0	3.12274896251944e-16	0	1.48033464048947
0	0	0	0	4.2114928285945e-16	0	0.431445929346997
0	0	0	0	4.24618242183135e-16	0	0.183417034046043
0	0	0	0	2.0421058692674e-16	0	0.420511730899579
0	0	0	0	2.21069238025721e-16	0	-0.910542575332442
0	0	0	0	1.51859289073656e-16	0	-0.204158938502396
0	0	0	0	5.86174889393508e-16	0	0.320512766373702
0	0	0	0	2.46000615450853e-16	0	0.503305895731639
0	0	0	0	1.47617858840655e-16	0	0.143900589802756
0.239207920792079	0.234109602444277	0.238954518789265	0.238954518789265	0.236198908796576	1	0.0140978417385268
0	0	0	0	2.33733285287659e-16	0	1.08519397746349
0	0	0	0	1.4641694097977e-16	0	1.20939339747505
0	0	0	0	1.36413769351487e-16	0	-0.959219454104565
0	0	0	0	1.49299098349157e-16	0	0.36747654894772
0	0	0	0	4.26046316909795e-16	0	0.980817194118165
0.00633663366336633	0.0117050387283511	0.00641349167238152	0.00641349167238152	0.0108210296842636	0	0.178092536561196
0	0	0	0	4.37003723482414e-16	0	1.66884843477601
0	0.0110588983006774	0.0075835769297278	0.00758357692972781	0.00345928038860246	0	0.805840303716495
0	0	0	0	0.00212206427070076	0	0.768904785782002
0	0	0	0	1.28407452688768e-16	0	1.09027280750772
0.0605940594059406	0.0625787337615151	0.0657099221488378	0.0657099221488377	0.0650781548698327	0	-0.368113708060059
0	0	0	0	1.73211417950385e-16	0	0.357387885080973
0	0	0	0	2.39977016546035e-16	0	-0.153416072667714
0	0	0	0	3.94658212968327e-16	0	1.06296458049185
0	0	0	0	3.69493440981166e-16	0	0.10639905533492
0	0	0	0	4.93730534517244e-16	0	0.212853508959955
0	0	0	0	8.83269611283378e-16	0	-1.95582128882985
0	0	0	0	3.01150994220558e-16	0	0.43421933378078
0	0	0	0	1.23824517677409e-16	0	-2.79959599328159
0.211287128712871	0.206965658505282	0.20580255313719	0.20580255313719	0.206465706196653	0	1.05909060097263
0	0	0	0	4.15248808647632e-16	0	0.042288336049029
0	0	0	0	1.98173784636514e-16	0	0.230798236950606
0	0	0	0	1.78331026820019e-16	0	-0.347207846280281
0	0	0	0	1.46815113770145e-16	0	1.20031167370221
0	0	0	0	9.40221756686336e-16	0	-0.963790207134969
0	0	0	0	2.14142439001275e-16	0	-0.99913890616679
0	0	0	0	1.37444337922175e-16	0	-1.40469814438067
0	0	0	0	1.73583621325104e-16	0	0.143571026483507
0.0786138613861386	0.077364983022061	0.0743920169932136	0.0743920169932136	0.0789491412616439	0	2.23958487348229
0	0	0	0	1.22351685812102e-16	0	0.634529031178598
0	0	0	0	1.04009460878626e-16	0	-2.02950863717578
0	0	0	0	1.23081085048777e-16	0	-1.48265674861771
0.0247524752475247	0.0350620891531052	0.0355089103302621	0.0355089103302621	0.0334445051163782	0	1.04347762678033
0	0	0	0	1.81203194032847e-16	0	-0.248122670442448
0	0	0	0	1.76341826299156e-16	0	-0.136614859655737
0	0	0	0	1.6912300629329e-15	0	-0.313163974038879
0	0	0	0	1.28247903838254e-16	0	-0.706803582170733
0	0	0	0	1.11817965774748e-16	0	-0.448310387936922
0	0	0	0	1.45396924962024e-16	0	-1.01217123021435
0	0	0	0	1.36883614605865e-16	0	-0.948878464329439
0	0	0	0	2.36436504386635e-16	0	-1.60340524334944
0	0	0	0	1.38550061798249e-16	0	-0.891687117811182
0.0592079207920792	0.0492552754569893	0.0468821770344599	0.0468821770344599	0.0549304716936601	0	1.24965532677861
0	0	0	0	1.09248909213858e-16	0	-0.141706292349726
0	0	0	0	1.24459101780329e-16	0	-0.124943664252821
0	0.00495603379249408	0.00657254006458139	0.00657254006458138	0.00783988427510432	0	1.53873597544233
0	0	0	0	1.27849401367092e-16	0	-0.574869469895892
0.0417821782178218	0.0397353740939283	0.0375759136890438	0.0375759136890439	0.0398501253563543	0	-0.103577352558862
0	0	0	0	3.23874725746485e-16	0	1.06671898863404
0	0	0	0	3.76345371664455e-15	0	-0.0483236486005498
0	0	0	0	1.53800845111059e-16	0	-1.78640675343369
0	0	0	0	1.31270958418005e-16	0	0.854927784225913
0	0	0	0	1.57271869490769e-16	0	2.18191705506539
0	0	0	0	1.29865966795116e-16	0	0.888581744592434
0	0	0	0	1.840965521678e-16	0	-1.30011315938858
0	0	0	0	1.47496068349034e-16	0	-0.677239545021877
0	0	0	0	1.99823083735992e-16	0	1.70836283877386
0	0	0	0	9.1172519500922e-16	0	1.82066653762687
0	0	0	0	4.58634909968331e-16	0	1.14859151653192
0	0	0	0	5.43678955804821e-16	0	0.431766170898905
0	0	0	0	1.17076117181839e-16	0	0.0130098429252867
0	0	0	0	6.43911105304506e-16	0	-0.703917098124441
0	0	0	0	2.17384437927941e-16	0	1.34950183387329
0	0	0	0	2.3866016273891e-16	0	-2.56364718411954
0	0	0	0	1.9097050033447e-16	0	-0.416895479828847
0	0	0	0	9.58700716002257e-17	0	1.77221571756051
0.0378217821782178	0.0420148994452815	0.0469525772476003	0.0469525772476004	0.045653625465055	0	-1.15469687901834
0	0	0	0	1.06633781404956e-15	0	0.470836909305798
0	0	0	0	2.01133703463106e-16	0	-0.407115271995426
0	0	0	0	2.44237188698186e-15	0	0.527430592888281
0	0	0	0	1.75948408177608e-16	0	-0.496805358064216
0	0	0	0	1.00840546640519e-16	0	-2.07197810225614
0.0295049504950495	0.0222410198340502	0.0263979948944693	0.0263979948944693	0.0259761245465237	0	2.21834450352605
0	0	0	0	6.12779621214968e-16	0	0.834600759332297
0	0	0	0	4.17065890957147e-16	0	0.826639887688405
0	0	0	0	2.48215838372194e-16	0	1.56262957990835
0	0	0	0	3.69411039269129e-16	0	-0.811868142088204
0	0	0	0	2.06101720216314e-16	0	2.1274129081706
0	0	0	0	1.13708256135035e-16	0	-0.901182701483781
0	0	0	0	1.65401606407754e-16	0	-1.83209077490063
0	0	0	0	2.23231740552221e-16	0	0.838481501141258
0	0	0	0	3.1839103309384e-16	0	-1.73067862057931
0	0	0	0	1.11195362703434e-16	0	0.744277574938183
0	0	0	0	2.5970366426672e-16	0	1.67365789533909
0	0	0	0	5.80126433011534e-16	0	0.492933067961646
0	0	0	0	1.86672073381232e-16	0	0.288633778032861
0	0	0	0	6.1022488856626e-16	0	0.800244117159578
0.127524752475248	0.120581121083535	0.119479669805393	0.119479669805393	0.122517459189533	0	-0.917591599318244
0	0	0	0	5.04752363489003e-16	0	0.554244459931849
0	0	0	0	1.68782366197171e-16	0	-1.14276452896555
0	0	0	0	2.67167231825853e-16	0	-0.262468323579371
0	0	0	0	4.75274121297614e-16	0	-0.492420474315191
0	0	0	0	0.000555691712736765	0	-1.62287776939823
0	0	0	0	1.80867333668229e-15	0	2.73322957736164
0	0	0	0	2.10926480657509e-16	0	-0.132304711221352
0	0	0	0	1.61061499856987e-16	0	-0.737280123387357
0	0	0	0	1.74877294270853e-16	0	-0.842427298561859
0	0	0	0	2.32178473569942e-16	0	0.694362485805297
0	0	0	0	1.89395697859872e-16	0	-1.61226283676688
0	0	0	0	1.76470038119189e-16	0	-0.482335622078055
0	0	0	0	3.32498073901322e-15	0	0.584926654465872
0	0	0	0	2.98773575866267e-16	0	-1.62540021168703
0	0	0	0	2.3726187944053e-16	0	0.472802974521527
0	0	0	0	3.57416488224421e-16	0	0.32694602426252
0	0	0	0	1.25932009744196e-16	0	-1.35026634347407
0	0	0	0	1.59375775057482e-16	0	-0.523854735314529
0	0	0	0	1.4737457246047e-16	0	-0.671206668394021
0	0	0	0	2.81093206733148e-16	0	-1.57502550967549
0	0	0	0	4.9729673886743e-16	0	-0.1202086464228
0	0	0	0	1.64100413297133e-16	0	2.45403042781612
0	0	0	0	1.1599203991686e-16	0	-0.289306569405066
0	0	0	0	1.25870908162533e-16	0	-1.772015651327
0	0	0	0	1.28448343443303e-16	0	0.654762871710164
0	0	0	0	1.26821784651507e-16	0	0.945763100899218
0	0	0	0	1.33182484199787e-16	0	-0.685171774695061
0	0	0	0	2.83991995117808e-16	0	-1.19323374510203
0	0	0	0	1.00742676795884e-16	0	-2.54924279493685
0.104158415841584	0.112550447445791	0.113470944372392	0.113470944372392	0.106556045832392	0	-1.23106703493074
0	0	0	0	8.27724570748045e-16	0	-0.140803568099858
0	0	0	0	1.28727799389327e-16	0	-1.99892512298274
0	0	0	0	5.7185896595374e-16	0	0.700203327284602
0	0	0	0	5.90248984738535e-16	0	0.855282370743417
0.0114851485148515	0.0131334892539186	0.010966182917835	0.0109661829178351	0.0112321604526018	0	-0.877113450387081
0.0441584158415842	0.0476544014622615	0.0463983278559718	0.0463983278559719	0.0430567729802909	0	0.88693440275254
0	0	0	0	3.1223902250043e-16	0	-1.40507485059038
0	0	0	0	3.67133960872852e-16	0	-0.353626790365347
0	0	0	0	6.6199311058316e-16	0	0.0270818472662076
0	0	0	0	1.26724537098101e-16	0	-0.859265557583916
0	0	0	0	6.06245596753824e-16	0	0.85986172986565
0	0	0	0	1.07608572228736e-16	0	-2.78326700084621
0	0	0	0	1.8628432352334e-16	0	0.965464220242463
0	0	0	0	7.66959881622733e-16	0	0.815608683888843
0.0233663366336634	0.0188705586448327	0.0161712053449743	0.0161712053449743	0.018281026762962	0	1.99821863469403
0	0	0	0	4.01945699132022e-16	0	0.12810418502585
0	0	0	0	1.17926089757084e-16	0	1.07119737132098
0	0	0	0	2.12391275771985e-16	0	-1.66475910044651
0	0	0	0	9.34164933524082e-17	0	1.1870595047132
0.20039603960396	0.201702541852604	0.200999386596303	0.200999386596303	0.200162864750918	0	-0.185576655369781
0.136435643564356	0.130481580337417	0.129387519803689	0.129387519803689	0.130814608297237	0	-0.598556344729869
0	0	0	0	7.42934620481622e-16	0	1.09223003164277
0	0	0	0	1.51013710877053e-16	0	2.03816436960368
0	0	0	0	1.73470473907936e-15	0	-0.608705624372814
0	0	0	0	1.98342587693894e-15	0	2.19279134944884
0.0922772277227722	0.0851529042182904	0.0815273876895244	0.0815273876895243	0.0866641478068691	0	0.628680939883836
0	0	0	0	1.95756393349411e-16	0	1.95557897203141
0	0	0	0	1.11684593195355e-16	0	0.7687108118347
0	0	0	0	2.39120546075908e-16	0	0.547384527821706
0	0	0	0	3.12158869549509e-16	0	1.74505009637958
0	0	0	0	3.81113463524816e-16	0	0.196352668957533
0	0	0	0	2.74545041461579e-16	0	1.75208453716139
0	0	0	0	1.99854760413503e-16	0	0.792791532296329
0	0	0	0	1.19035662085491e-16	0	-0.136416700418811
0	0	0	0	1.76052860129431e-16	0	-0.445433018568587
0	0	0	0	1.41106429979228e-16	0	-0.22104935469882
0	0	0	0	1.32612550408012e-16	0	-0.0322305184962615
0	0	0	0	2.13804852368663e-16	0	-1.23847916144275
0	0	0	0	1.04496997152376e-16	0	0.099084169195494
0	0	0	0	1.71808353683509e-16	0	-0.863913120316086
0	0	0	0	6.23003078192913e-16	0	0.923406897605723
0	0	0	0	4.17093223722124e-16	0	-0.789544719765232
0	0	0	0	1.31336803299484e-16	0	-1.28378896016885
0	0	0	0	1.45975221975857e-16	0	0.24843230867366
0	0	0	0	1.88034223632505e-16	0	-1.03454994112316
0	0	0	0	1.76418574989448e-16	0	-0.464205411534858
0	0	0	0	2.73253107517172e-16	0	0.16959081042307
0	0	0	0	1.87721699410284e-16	0	-0.262978134943879
0	0	0	0	1.08714480124904e-16	0	0.390561326687125
0	0	0	0	2.05610526174583e-16	0	-0.644293409188856
0.0241584158415842	0.0139257230031245	0.0166653244366205	0.0166653244366204	0.0201108006603914	0	-1.57697583149523
0	0	0	0	2.83225109444982e-16	0	1.38204627556353
0	0	0	0	3.46233081935589e-16	0	2.17035075722587
0	0	0	0	1.03429123448207e-16	0	-3.08926106075098
0	0	0	0	1.63334769978467e-16	0	-0.219373690553885
0	0	0	0	2.16168461361447e-16	0	-0.941279117714374
0.202970297029703	0.213819924229221	0.210489552703008	0.210489552703008	0.211739735170765	0	0.454937685608824
0	0	0	0	3.40968480252329e-16	0	0.745477520161607
0	0	0	0	1.4414444009512e-16	0	2.25678554524348
0	0	0	0	2.09198119767785e-16	0	-1.72189907804142
0	0	0	0	1.79262747273256e-16	0	-0.57015229519682
0	0	0	0	1.68051483373466e-16	0	0.346100289709888
0	0	0	0	2.21207682301064e-16	0	0.472299105760258
0.0176237623762376	0.0178930219405227	0.0189332084064815	0.0189332084064816	0.0191947373589697	0	-0.4271441778181
0	0	0	0	2.02261821409692e-16	0	-1.52554085935793
0	0	0	0	0.00183302158052117	0	2.52025544424435
0	0	0	0	1.44725578150681e-16	0	-0.0260739380295865
0	0	0	0	1.60587741204925e-16	0	0.105398042579988
0	0	0	0	1.63883188084723e-15	0	1.12501461082189
0	0	0	0	2.0454546406019e-16	0	-1.41314841543969
0	0	0	0	4.60587284752023e-15	0	-0.136969046166849
0	0	0	0	1.93273615907743e-16	0	1.0748338753815
0.0623762376237624	0.0620137780345991	0.0675114128451686	0.0675114128451687	0.0644373261138794	0	-0.765045822677973
0	0	0	0	1.43171459234578e-16	0	-1.68588609622026
0	0	0	0	2.74923845009747e-16	0	0.564625087465226
0	0	0	0	2.94217609999968e-16	0	-1.27662122285457
0.000792079207920792	0	0	0	1.07300499249216e-15	0	1.2066111366605
0	0	0	0	2.43764107073339e-16	0	0.00726131395635767
0	0	0	0	2.51083871187441e-16	0	1.6245046562898
0	0	0	0	2.7776224939784e-16	0	0.088775787484487
0	0	0	0	6.51729674391079e-16	0	-0.614999355147941
0	0	0	0	4.98752971596685e-16	0	-0.217067803989662
0	0	0	0	3.80018114400549e-16	0	-0.549266535739551
0	0	0	0	1.23877035156459e-16	0	0.906326766298079
0	0	0	0	2.08788317253048e-16	0	-0.377906337211542
0	0	0	0	8.60327765929402e-16	0	0.528734485166958
0.510693069306931	0.517988631730933	0.518234367998789	0.518234367998789	0.518041803673291	1	-1.57654114211008
0	0	0	0	1.22633879963099e-15	0	0.313692294437607
0	0	0	0	2.64956778565609e-16	0	0.713624956734824
0	0	0	0	1.41941877266089e-16	0	0.858099171382768
0	0	0	0	1.01801876124574e-16	0	-1.48883976728787
0	0	0	0	1.48696155959519e-16	0	0.572997061991599
0	0	0	0	2.27140902680397e-16	0	-0.00478702872865053
0	0	0	0	1.56999057923708e-16	0	-2.59215544836101
0	0	0	0	4.26681605008108e-16	0	0.387512013279205
0	0	0	0	1.74801297930353e-16	0	0.715593146039482
0	0.0062109375	0	0	0.00230411663143458	0	0.16025201266575
0	0	0	0	1.46207200708998e-16	0	1.13241714943393
0	0	0	0	4.66862945032975e-16	0	-0.942038947748098
0	0	0	0	3.49139027681342e-16	0	-0.858185047940713
0	0	0	0	9.66681185736659e-17	0	0.533988370818001
0	0	0	0	1.33075233874973e-16	0	0.0283445073607127
0	0	0	0	1.7999953401635e-16	0	-0.123050399534889
0	0	0	0	4.43778617091901e-16	0	-0.86030904840246
0	0	0	0	2.81765940515357e-16	0	-0.789305373980248
0	0	0	0	1.36869125343584e-16	0	1.20753951004887
0	0	0	0	2.38632420377536e-16	0	-0.537487692074407
0	0	0	0	1.80072878670049e-16	0	-0.795244430383985
0	0	0	0	1.44137671838301e-16	0	-1.57494798504761
0	0	0	0	1.32185075371553e-16	0	-1.67813729616664
0.489306930693069	0.482011368269067	0.481765632001212	0.481765632001211	0.481958196326709	0	0.0971175566918203
0	0	0	0	2.04573247621088e-16	0	-0.36463438839667
0	0	0	0	2.04061866465104e-16	0	0.663619048994933
0	0	0	0	2.47078813020561e-16	0	0.371848566638757
0	0	0	0	1.68555334831788e-15	0	-0.175946551238615
0.0108910891089109	0.0128798453910456	0.0170603203764233	0.0170603203764232	0.0166481062543679	0	2.5758600953286
0	0	0	0	1.19721338642796e-16	0	-1.6350010188661
0	0	0	0	1.33759206375617e-16	0	0.883620986491454
0	0	0	0	1.65861913840078e-16	0	0.332093319402534
0	0	0	0	1.14317049836207e-16	0	0.126881187466731
0	0	0	0	1.59771123922478e-16	0	-0.451394572876423
0.0786138613861386	0.0798787533492981	0.0832968697997982	0.0832968697997982	0.0848299425917343	0	-0.636695860721804
0	0	0	0	8.45977940094792e-17	0	0.659356673911601
0	0	0	0	1.57300226558893e-16	0	-0.578684423073861
0	0	0	0	1.28678584147462e-15	0	-0.431693796405918
0	0	0	0	9.94222672944555e-16	0	0.983484659040442
0	0	0	0	5.34103481184384e-16	0	-1.73784184986985
0	0	0	0	1.16016002742902e-16	0	0.250713156351478
0	0	0	0	2.28632687332321e-16	0	1.20746283065791
0	0	0	0	1.15985718055579e-16	0	0.234227598329484
0	0	0	0	2.1388836663852e-16	0	2.47342705577908
0	0	0	0	1.67551753564835e-16	0	0.514273146810285
0	0	0	0	2.08727605722357e-16	0	0.163422087478862
0	0	0	0	1.18867707593708e-16	0	-2.77321027112548
0	0	0	0	1.6638208868596e-16	0	1.21877305601202
0.0407920792079208	0.0407379804287853	0.0407619367349313	0.0407619367349313	0.0412017475307824	0	0.137144388221376
0.0237623762376238	0.0183225154591933	0.0182696800760536	0.0182696800760536	0.0182702184782789	0	-0.24162197365987
0	0	0	0	2.32698440314853e-16	0	-0.0881303012571523
0	0	0	0	1.59452900715751e-16	0	-0.135282238215809
0	0	0	0	1.30089888965484e-16	0	2.55046511075592
0	0	0	0	1.18926252476883e-16	0	0.393908193209165
0	0	0	0	4.87044441210582e-16	0	-0.951497308625626
0	0	0	0	3.08085229524066e-16	0	0.0420064308392748
0	0	0	0	4.43313652734473e-16	0	0.204476606882164
0.0221782178217822	0.0150373596510225	0.0137952166161957	0.0137952166161956	0.0148590554327383	0	0.148309700383037
0	0	0	0	1.26692976922738e-15	0	0.624916759073391
0.02	0.0139988158340217	0.0156352479781977	0.0156352479781977	0.0202399385923919	0	1.34676229437813
0	0	0	0	9.50259841227588e-17	0	0.180569887348636
0	0	0	0	1.02620541470351e-16	0	2.58556537273427
0.0637623762376238	0.0500973171062872	0.05410503606208	0.05410503606208	0.0543770755075872	0	-0.281189675186678
0.000990099009900989	0	0.00659795281501203	0.00659795281501204	2.49712156969553e-11	0	-0.13148011007647
0	0	0	0	4.64823884140567e-16	0	0.74242409429988
0	0	0	0	5.08309189114156e-16	0	-1.06367620590442
0	0	0	0	8.14791184735233e-16	0	0.276683695793484
0.0338613861386139	0.0249876657242504	0.0238203572210424	0.0238203572210424	0.0278784442678987	0	-1.19539323091528
0	0	0	0	1.30127953280895e-16	0	-1.86167570963786
0	0	0	0	1.32614938713791e-16	0	-1.45462807888177
0	0	0	0	5.02249216504106e-16	0	0.0515144154442757
0	0	0	0	1.45669693595193e-16	0	-1.44780187371516
0	0	0	0	2.07389416708618e-16	0	-0.928507624300825
0	0	0	0	1.56979963276183e-16	0	-1.25432478222787
0	0	0	0	1.21433597692446e-16	0	0.678125948078014
0	0	0	0	3.12909137973794e-16	0	-0.237608999981063
0	0	0	0	1.61373314586252e-16	0	-2.04889019620276
0	0	0	0	2.43497377769224e-16	0	1.03539128948042
0.0338613861386139	0.0462677600116464	0.0467900625337329	0.046790062533733	0.0455534393759102	0	-1.8188730079798
0	0	0	0	1.16187156682433e-16	0	-1.94480472625554
0.211683168316832	0.204677976217014	0.206606215215305	0.206606215215305	0.20789456221275	0	1.2248095995232
0	0	0	0	1.70345142835995e-16	0	0.257486010518437
0	0	0	0	1.36788832957873e-16	0	1.70520013556953
0	0	0	0	2.06577377477736e-16	0	-1.19166252976806
0	0	0	0	3.70073967869468e-16	0	0.164567705026636
0	0	0	0	2.1665959582574e-16	0	0.789586566009161
0	0	0	0	8.97092996877899e-16	0	0.70557037996308
0	0	0	0	1.37392982676043e-16	0	-0.892931037246595
0	0	0	0	9.59305102919594e-17	0	-1.04571118986296
0	0	0	0	4.2967580550296e-16	0	-2.40650410167286
0	0	0	0	1.38195332358525e-16	0	-0.71157394133784
0	0	0	0	3.58525884201231e-16	0	2.1005952503283
0	0	0	0	3.1276081912575e-16	0	-2.06934991386142
0.02	0.0133633445699133	0.00657254006458139	0.00657254006458138	0.0112676737454759	0	-0.0711565763570647
0	0	0	0	2.6881518994102e-16	0	2.0704343093278
0	0	0	0	1.49000086356043e-16	0	1.68137645231304
0	0	0	0	4.28397203204545e-15	0	-0.111783175804896
0.10039603960396	0.0942536021426562	0.0927834871197146	0.0927834871197146	0.0964584764291478	0	-1.17338454544314
0.0134653465346535	0.00968655954541216	0.00847262789384134	0.00847262789384133	0.0116033650138143	0	0.216446366144199
0	0.00462575702705637	0.00645247860391385	0.00645247860391385	0.00570797399146535	0	0.716840297716161
0	0	0	0	1.65642461089275e-15	0	0.0675292177990611
0	0	0	0	1.45451751291317e-16	0	1.25229858050512
0	0	0	0	1.73351209268886e-16	0	0.061452640232546
0.152475247524752	0.161435779226678	0.161862038548664	0.161862038548664	0.158553658820016	0	-0.27984322332477
0	0	0	0	2.04518155681297e-16	0	-0.898911612633148
0	0	0	0	3.29850275447105e-16	0	1.042924445749
0	0	0	0	3.62322768140891e-16	0	-0.101186437743574
0	0	0	0	1.26545885596799e-16	0	0.624198239441161
0	0	0	0	4.96580103535799e-16	0	1.84167380986146
0	0	0	0	2.36279248879073e-16	0	-2.01031607335673
0	0	0	0	1.43347810839991e-16	0	0.6227410591631
0	0	0	0	1.94480289548469e-16	0	-1.18105903377752
0	0	0	0	2.5182093385565e-16	0	-0.387102440385001
0	0	0	0	2.08255935307386e-16	0	-0.396925983783031
0	0	0	0	8.46614097903376e-17	0	-1.52004911225771
0.0384158415841584	0.0360653010381276	0.0368095773348339	0.036809577334834	0.0407372704082062	0	-2.05675662081508
0	0	0	0	1.11623109734377e-16	0	0.751084649299789
0	0	0	0	1.63207867998187e-14	0	-0.431314612763912
0	0	0	0	3.76309021288534e-16	0	-0.635581623266226
0	0	0	0	2.36471195975231e-16	0	-0.364835575120587
0	0	0	0	1.47163076940332e-16	0	-0.0204754920637826
0	0	0	0	1.86405691421162e-16	0	0.980481054937227
0	0	0	0	2.50218027458781e-15	0	-1.17280972126907
0	0	0	0	1.22966734396714e-16	0	-0.0395295080595773
0	0	0	0	2.12134543205929e-16	0	0.118716608928788
0	0	0	0	1.05688448003937e-16	0	0.90053624994312
0	0	0	0	1.31967225461986e-16	0	-0.499478935758241
0	0	0	0	1.89591085533984e-16	0	0.770218283802744
0	0	0	0	1.52513325068178e-16	0	-0.714750094520177
0	0	0	0	4.70530777445538e-16	0	2.36262416725421
0	0	0	0	2.42012317356074e-16	0	0.743944931151869
0	0	0	0	1.56732714677916e-16	0	2.19000548459379
0	0	0	0	9.35844121272862e-16	0	-0.653221680559439
0	0	0	0	1.58415795493e-16	0	1.5536923568091
0	0	0	0	3.89341590151348e-16	0	-1.89602981495259
0	0	0	0	1.78204566116324e-16	0	-0.918407689283239
0	0	0	0	2.51988054811208e-15	0	1.5956835791148
0	0	0	0	1.1315522845352e-16	0	1.65490892415517
0	0	0	0	7.79987944085446e-16	0	-0.572900804910628
0	0	0	0	1.63906187220716e-16	0	-0.215884247696631
0	0	0	0	1.28715479600215e-16	0	1.43094501882075
0	0	0	0	1.78555033394338e-16	0	0.111518781262462
0	0	0	0	1.42897141388031e-16	0	-0.397371179352326
0	0	0	0	9.56793954358599e-17	0	1.48712342368195
0	0	0	0	2.08633660320663e-16	0	1.46805458746842
0	0	0	0	1.35395036597789e-16	0	1.11874163798504
0	0	0	0	3.13458473948017e-16	0	0.296353674387472
0	0	0	0	3.23582532295888e-16	0	2.72081697102127
0	0	0	0	1.45263631321752e-16	0	-0.307247380709633
0	0	0	0	1.52269176942796e-16	0	-0.0906770746494481
0	0	0	0	8.58151895064835e-15	0	-0.911916448374304
0	0	0	0	0.00479443384842822	0	2.09480803289214
0	0	0	0	1.67542346676183e-16	0	0.0574170967789258
0	0	0	0	3.04162969014337e-16	0	0.305519569639731
0	0	0	0	1.71371294607612e-16	0	1.7419428985779
0	0	0	0	1.78715066200628e-16	0	1.3438609910236
0	0	0	0	1.88469360166666e-16	0	-1.94822057728343
0	0	0	0	2.37945531187785e-15	0	0.690025447579467
0	0	0	0	8.86514641720919e-16	0	0.194222728816661
0	0	0	0	4.54417890602014e-16	0	-0.572697411534418
0	0	0	0	1.71476733744055e-15	0	2.24957012492902
0	0	0	0	1.7121718907987e-16	0	0.524748709543098
0	0	0	0	2.16080000354554e-16	0	0.620326500754522
0	0	0	0	4.42369186124472e-16	0	-0.590917418854962
0	0	0	0	1.44372444201115e-16	0	-2.37337555608847
0	0	0	0	2.40353691127071e-16	0	0.479681086124258
0	0	0	0	3.23577364087286e-16	0	3.13782657089123
0.00910891089108911	0.0126256625018788	0.0126888467906459	0.0126888467906459	0.0127896320321676	0	-0.527098719345779
0	0	0	0	3.56453798931435e-16	0	0.9546614038073
0	0	0	0	1.69753340741244e-16	0	-1.58527780341004
0	0	0	0	1.66376704489525e-16	0	0.450535980759952
0	0	0	0	1.66736318793109e-16	0	-1.6514968649363
0	0	0	0	4.14239340275896e-16	0	1.29370394689364
0.0106930693069307	0.0104484260550546	0.00644777435238165	0.00644777435238168	0.0117907201574771	0	0.898654824545415
0.0520792079207921	0.0421455770619611	0.0451999009881716	0.0451999009881715	0.0471792750257384	0	0.063733267279115
0	0	0	0	8.21031902621257e-16	0	1.22169677915557
0	0	0	0	2.84398695586991e-16	0	0.0188885662409577
0	0	0	0	1.62095787041023e-16	0	-0.688629209317666
0	0	0	0	1.58050214105062e-16	0	1.15418224343647
0	0	0	0	3.46836142490355e-16	0	1.35022244601016
0	0	0	0	1.40087740645244e-16	0	-2.33388823916303
0	0	0	0	3.30210518879486e-16	0	-0.267531942692225
0	0	0	0	2.61830784793061e-16	0	1.6482109491149
0	0	0	0	3.93936673440926e-16	0	-1.12486560085769
0	0	0	0	8.16343847637723e-15	0	0.317273672431407
0	0	0	0	1.49036812843855e-16	0	-1.76030524445154
0	0	0	0	2.32849383088155e-16	0	-1.7719725018844
0	0	0	0	3.69667280264651e-16	0	1.64615973292792
0	0	0	0	1.13644935359206e-16	0	-1.82832401890487
0	0	0	0	2.26583272871917e-16	0	-0.46189855846049
0	0	0	0	1.34606978094765e-16	0	0.628431147347779
0	0	0	0	3.70649560040141e-16	0	0.691799852540283
0	0	0	0	1.20824537489019e-16	0	-0.212098465867643
0	0	0	0	4.01243361982013e-16	0	3.37157206726594
0	0	0	0	8.73766362563716e-17	0	-2.44209751617106
0.0447524752475248	0.0395467592217034	0.0357597725825652	0.0357597725825653	0.038697334359714	0	-0.231164641261792
0	0	0	0	2.46995273139207e-16	0	1.02965583938654
0	0	0	0	1.59271602289479e-16	0	0.0961200131995397
0	0	0	0	1.25749676191264e-16	0	-1.93773295127761
0	0	0	0	4.23759719304355e-16	0	-2.26492542394998
0	0	0	0	1.52250344424724e-16	0	-0.909670083873103
0	0	0	0	1.00845316954102e-15	0	-0.906368932139413
0.000198019801980198	0.0351099041855082	0.0374720359737262	0.0374720359737263	2.88982457820735e-15	0	-0.467531489742114
0	0	0	0	1.0864414707879e-14	0	2.93510711589264
0	0	0	0	2.9363679342537e-16	0	0.956948175649641
0	0	0	0	1.33124112176623e-16	0	-0.0649561936442317
0	0	0	0	5.26470257335924e-16	0	-0.884235681783343
0	0	0	0	1.74322256575319e-16	0	-2.50846987911473
0	0	0	0	1.1086809232844e-15	0	-1.36668689278839
0	0	0	0	3.53316518836574e-15	0	1.07242556981991
0	0	0	0	1.04600287438074e-16	0	-1.57353736749939
0	0	0	0	1.68119951022665e-16	0	-1.05499769333058
0	0	0	0	1.46198591554672e-16	0	-0.396300699217526
0	0	0	0	5.54470004782472e-16	0	0.221283631947142
0	0	0	0	1.0344415766024e-16	0	-1.64404235487339
0	0	0	0	2.00448756885602e-16	0	-1.20053011742922
0	0.00521095263445019	0.00574395164763605	0.00574395164763608	0.00663257748191116	0	1.03072523169435
0	0	0	0	1.83968812188129e-16	0	0.0270613895812082
0	0	0	0	1.56671202042672e-15	0	-0.882277975342954
0	0	0	0	1.56452849370705e-16	0	-0.925284115914137
0.0261386138613861	0.0140395128544247	0.0122853482802725	0.0122853482802725	0.0162620462008129	0	1.42150601782428
0	0	0	0	2.33076916115423e-15	0	-0.859636336893828
0.000198019801980198	0.0351099041855082	0.0374720359737262	0.0374720359737263	2.86341122024296e-15	0	-1.00596360883776
0	0	0	0	2.28538630570708e-16	0	-2.51664172366038
0	0	0	0	4.10365002695924e-16	0	-0.0287298460616129
0	0	0	0	1.00015870325105e-16	0	-1.87559106434418
0	0	0	0	1.19133066698325e-16	0	-1.49994191906606
0	0	0	0	3.05439833392001e-16	0	-0.544716846356194
0	0	0	0	0.00305379571792232	0	0.305391780432894
0	0	0	0	2.76778402141507e-16	0	-0.858720956142968
0	0	0	0	1.35184377640266e-16	0	0.000646909958728519
0	0	0	0	5.8158543436258e-16	0	0.120346146703432
0	0	0	0	2.69191362911373e-16	0	0.0525375730152777
0	0	0	0	1.8441999680909e-16	0	-0.665562353381442
0	0	0	0	1.77811662715766e-16	0	-1.847499662405
0	0	0	0	1.71304193338424e-16	0	-3.37671076764047
0	0	0	0	2.20056749320327e-16	0	0.917850714155878
0	0	0	0	3.69794359050165e-16	0	0.571786108073671
0.0512871287128713	0.0481496227993682	0.0484502334148253	0.0484502334148253	0.049357672278051	0	0.273589754018399
0	0	0	0	1.72286153726611e-16	0	-0.068095162685593
0	0	0	0	1.0682813478619e-16	0	-0.126550237364913
0	0	0	0	7.77990594998693e-16	0	0.696532242229391
0	0	0	0	2.45388540593496e-16	0	-1.88155412520678
0.0524752475247525	0.046461998385611	0.0467096005868471	0.0467096005868471	0.0451478151921715	0	2.82821539079827
0.0342574257425743	0.0221042585846771	0.0244708570369874	0.0244708570369874	0.0262700347629505	0	0.103941379566016
0	0	0	0	3.13162154878705e-16	0	0.0581068062235021
0	0	0	0	1.95731338463465e-16	0	1.30624889311459
0	0	0	0	9.78933915964235e-17	0	0.610754261600122
0	0	0	0	2.11223166459622e-16	0	-0.381351517400526
0.00871287128712872	0.0153751167643656	0.0145409843246133	0.0145409843246133	0.0159211511867931	0	-0.185958224686237
0	0	0	0	7.04507659646168e-16	0	0.613969687076707
0.0144554455445545	0.00987165303991048	0.00833605892087498	0.00833605892087498	0.0108936957216317	0	-0.285524676192837
0	0	0	0	1.59633495658862e-16	0	0.581737979002305
0	0	0	0	3.35721100226445e-16	0	-1.44983021033517
0	0	0	0	8.16930602573133e-16	0	-0.0477568257181116
0	0	0	0	2.27120065052953e-16	0	1.05379489366504
0	0	0	0	3.67079233609032e-16	0	2.15718085031871
0	0	0	0	2.43439092799895e-16	0	-0.0427952737110938
0	0	0	0	1.11435524340752e-16	0	-1.22110828386239
0	0	0	0	3.39833293757449e-16	0	0.428456766203376
0	0	0	0	1.09686215745112e-16	0	-1.9244769410391
0	0	0	0	1.68465626172039e-16	0	-1.28714313908212
0	0	0	0	1.97157644439352e-16	0	1.13341430111852
0	0	0	0	1.12503614689469e-16	0	-1.39790897065581
0	0	0	0	2.81495984972566e-16	0	0.832766742658924
0.04	0.0323595169520915	0.0338875001167424	0.0338875001167424	0.0342000087055735	0	0.766294402890599
0	0	0	0	2.42231362716811e-16	0	2.76246814305862
0	0	0	0	2.72609155489092e-16	0	1.01456539607195
0	0	0	0	1.85917560658623e-16	0	-0.405433607660081
0	0	0	0	3.6011884537538e-16	0	0.9130229121386
0	0	0	0	2.31247116197269e-16	0	-1.37985512058333
0	0	0	0	4.98640493570263e-16	0	-0.950589677772806
0	0	0	0	2.58196671950914e-16	0	-0.320278296737671
0	0	0	0	1.86155402566494e-16	0	-3.28265667053837
0	0	0	0	1.89031632928057e-16	0	0.804237996386478
0	0	0	0	1.38460122625794e-16	0	0.268390126508648
0	0	0	0	2.1117980637396e-16	0	-1.11464638544064
0	0	0	0	1.84231507999747e-16	0	-2.08568425856271
0	0	0	0	1.24368621489353e-16	0	-0.686394271232641
0	0	0	0	1.74826013481644e-16	0	-2.16315542178094
0	0	0	0	8.90354641335704e-17	0	0.309493671703936
0	0	0	0	2.47683921288013e-16	0	1.66643626410864
0	0	0	0	2.34522895949585e-16	0	1.48751246306778
0	0	0	0	4.98253513948353e-16	0	0.921735994553887
0	0	0	0	1.63670302585064e-15	0	-0.0462077463181953
0	0	0	0	1.13511175314091e-16	0	-0.456227846919074
0	0	0	0	2.34471181252023e-16	0	0.820076271646694
0	0	0	0	1.30279817035344e-16	0	0.444476788925873
0	0	0	0	2.94334083061581e-16	0	-1.98136045989698
0	0	0	0	1.22818920536559e-16	0	-1.44459336260557
0	0	0	0	8.90558983649079e-16	0	-0.268568910317128
0	0	0	0	1.4522903135908e-16	0	0.537325024511529
0	0	0	0	1.10082701050304e-16	0	-1.48126608644778
0	0	0	0	9.27220045982688e-17	0	-1.09922764456508
0	0	0	0	9.98221703344914e-17	0	-0.17908924283499
0	0	0	0	8.1569829666723e-17	0	-1.62358751027571
0	0	0	0	9.46502344001079e-17	0	1.10563823925068
0	0	0	0	1.3323305939085e-16	0	0.934751972002823
0	0	0	0	2.49035748567917e-16	0	-2.56097040397761
0	0	0	0	2.55635404740007e-16	0	0.474390147395679
0	0	0	0	1.89131345894158e-16	0	0.0905249221003302
0	0	0	0	1.46653440097473e-16	0	-0.00061112338923881
0	0	0	0	1.71665397499992e-16	0	1.365429222015
0	0	0	0	2.53019533676564e-16	0	-3.16092043377858
0	0	0	0	2.28951040337718e-16	0	1.79546125366821
0	0	0	0	2.1140676225549e-16	0	1.05923322320861
0	0	0.00613774507423781	0.00613774507423769	0.00548921357695073	0	1.59682797178674
0.0932673267326733	0.0832609404594573	0.076729388097312	0.076729388097312	0.0831729531188687	0	-0.428331033887101
0	0	0	0	1.10579466654152e-16	0	-1.75172363682722
0	0	0	0	1.19035876874506e-16	0	-0.451180998054194
0	0	0	0	2.07175506087009e-16	0	3.36249129855246
0	0	0	0	6.26936936696524e-16	0	-0.632817684779786
0	0	0	0	1.41752788278344e-16	0	0.0279827956029939
0	0	0	0	1.2684320270026e-16	0	2.01358191049966
0	0	0	0	2.71133770866312e-16	0	-2.67414295218608
0	0	0	0	2.11794546429273e-16	0	0.605900912977883
0	0	0	0	2.31521044809504e-16	0	0.687122002364284
0	0	0	0	9.83290127321783e-17	0	0.190372850749965
0	0	0	0	2.94412778117608e-16	0	-1.0409730154851
0	0	0	0	2.0313239099773e-16	0	-1.38017054340987
0	0	0	0	1.61477128812816e-16	0	1.04432735033512
0	0	0	0	8.6258405516882e-16	0	0.723398057588765
0	0	0	0	1.31584828058484e-16	0	-0.360375968348943
0	0	0	0	2.57931482449954e-16	0	-0.575166168868003
0	0	0	0	7.14341962270512e-16	0	0.77733543117997
0	0	0	0	5.23699823069956e-16	0	3.66997723826755
0.0291089108910891	0.0271177239911535	0.0274074000926577	0.0274074000926576	0.0287684054997525	0	0.553921382889701
0	0	0	0	5.73229955175272e-16	0	2.47650513246725
0	0	0	0	1.95514521478173e-16	0	-0.343446054390108
0	0	0	0	3.83716235342233e-16	0	0.421805069078971
0	0	0	0	1.64895470586229e-16	0	-0.658956597837515
0	0	0	0	1.18565861121093e-16	0	1.25348936164749
0	0	0	0	1.3509962503482e-16	0	0.603370755143636
0	0	0	0	1.38376193335694e-16	0	1.80134339868311
0	0	0	0	2.41708185479353e-16	0	-1.50934478906182
0	0	0	0	1.14709190754475e-16	0	-0.489495640929369
0	0	0	0	1.20594144834688e-16	0	1.63477184580063
0	0	0	0	2.3660291345809e-16	0	0.569426138405201
0	0	0	0	2.19392655947008e-16	0	2.04064272947996
0	0	0	0	1.7614871457667e-16	0	1.10784347844258
0	0	0	0	3.24090122378427e-16	0	0.486527105858973
0	0	0	0	1.51164616479696e-16	0	-1.28113478412166
0	0	0	0	1.39523883039699e-16	0	-0.490377549992039
0.019009900990099	0.0189167658346609	0.0174222010582953	0.0174222010582952	0.0226782354313756	0	3.32727217883477
0	0.00492505858129099	0.00638915357380949	0.00638915357380945	0.00494073549596867	0	0.299640877778622
0	0	0	0	3.568084098459e-16	0	1.69969417927088
0	0	0	0	2.02126074941175e-16	0	0.115293363859708
0	0	0	0	9.82424711517882e-17	0	1.76695550051216
0	0	0	0	1.63225029341199e-16	0	-0.43195796350713
0	0	0	0	2.03300225102179e-16	0	0.939608673228262
0	0	0	0	6.41355200698605e-16	0	-0.345609768582212
0.0344554455445545	0.0237866738377614	0.0272996080758861	0.027299608075886	0.0328982173932969	0	0.340616910253124
0	0	0	0	2.26325224501111e-16	0	0.910624229298374
0.0700990099009901	0.0725238627837863	0.0705432623762082	0.0705432623762081	0.0709672109771148	0	-0.0704650771695277
0.019009900990099	0.0194526007465703	0.0225661745271079	0.0225661745271079	0.0184281747268359	0	1.29179512433719
0	0	0	0	2.55249370780977e-16	0	1.38782999098611
0	0	0	0	1.30876743755787e-16	0	-1.08121110075851
0	0	0	0	3.32046388976263e-16	0	1.68305337780547
0	0	0	0	3.39749292349056e-16	0	1.40584346306942
0	0	0	0	1.54953893644574e-16	0	0.339263302501335
0	0	0	0	4.13958047247129e-16	0	-0.243977009016412
0	0	0	0	1.0032545274689e-15	0	1.67527602423099
0.0306930693069307	0.0264449747288125	0.0242820682785339	0.0242820682785339	0.0307259354678382	0	3.2628135100202
0	0	0	0	1.64099323193773e-16	0	-0.283727550099437
0	0	0	0	3.91480339225815e-16	0	1.43492184722467
0	0	0	0	1.37402129066957e-16	0	-0.288636342227392
0	0	0	0	2.41583993262854e-16	0	-2.29064210299746
0	0	0	0	1.77446232137425e-16	0	-1.54516059370353
0	0	0	0	2.18867929321335e-15	0	-0.977557476660894
0	0	0	0	1.50587712738753e-16	0	-1.69209198030206
0	0	0	0	1.2964082675221e-16	0	-0.171523155880819
0	0	0	0	1.30403281524163e-16	0	-2.10781423274887
0	0	0	0	2.16177103228972e-16	0	-1.0686329535174
0	0	0	0	1.77560600568253e-15	0	0.692155237798222
0	0	0	0	2.25653590268363e-16	0	0.126675509060262
0	0	0	0	2.43953770711166e-16	0	1.29018507972456
0	0	0	0	1.25429501970703e-16	0	0.590617140821521
0	0	0	0	4.62784012919412e-16	0	0.51135214999387
0	0	0	0	1.62713962080645e-16	0	-1.77503491614141
0	0	0	0	0.00541883503415182	0	-1.78954993687929
0	0	0	0	2.90314594443193e-16	0	0.983522032065897
0	0	0	0	1.30389407573016e-16	0	-0.918263073033162
0	0	0	0	0.00314598831828555	0	1.74335485987398
0	0	0	0	8.43677031604631e-16	0	-1.47320079792122
0	0	0	0	3.77009640506423e-16	0	0.271321811981573
0.016039603960396	0.00468412562369539	0.00641349167238152	0.00641349167238152	0.00895056790338462	0	0.799623664539688
0	0	0	0	1.31277100425415e-16	0	-0.155759782188913
0	0	0	0	6.68051569557359e-16	0	0.182086127916048
0	0	0	0	1.11910512287649e-16	0	-1.63763527583407
0	0	0	0	1.00542415950759e-15	0	-0.432470804194484
0	0	0	0	1.66130029494736e-16	0	1.31645496490538
0	0	0	0	1.52999754762965e-16	0	-0.0833394260169669
0	0	0	0	7.75576839469641e-16	0	-0.167120017475053
0	0	0	0	1.06889063739036e-16	0	-0.444265422447463
0	0	0	0	2.95876468717517e-16	0	0.62541310933203
0	0	0	0	2.9063873388663e-16	0	-1.76350888925558
0	0	0	0	1.97147793033702e-16	0	-2.14787894023863
0	0	0	0	4.33409226151692e-16	0	0.599492848698802
0.111287128712871	0.108382538392358	0.106722148121609	0.106722148121609	0.108287292900655	0	0.594530628566737
0	0	0	0	1.86708274573212e-16	0	1.69224990817725
0	0	0	0	1.48443754534431e-16	0	-0.777639589861841
0	0	0	0	2.11716438544761e-16	0	1.06453428598993
0	0	0	0	1.46806955022994e-16	0	0.753687684998265
0	0	0	0	2.22427509291959e-16	0	0.487718161154977
0	0	0	0	1.8444339242206e-16	0	-0.500507192573159
0	0	0	0	9.96538834342204e-17	0	-0.897964224156463
0	0	0	0	1.42601434890689e-16	0	-1.3811144294998
0	0	0	0	2.46847352598302e-16	0	-1.12857036154875
0.0116831683168317	0.0104484260550546	0.0075835769297278	0.00758357692972781	0.00781469709346825	0	0.00969020719394233
0	0	0	0	1.07505207903589e-16	0	0.503928674057041
0	0	0	0	2.12032311423179e-16	0	-1.68682758826303
0	0	0	0	2.85191891806588e-16	0	1.87035048821457
0	0	0	0	1.71720202957369e-16	0	0.448065022264564
0	0	0	0	1.1397991913184e-16	0	-1.51842016187357
0	0	0	0	2.45994265784186e-16	0	-0.0959270186024483
0	0	0	0	1.10968950873907e-16	0	-1.37502345010455
0	0	0	0	0.00443644715605077	0	0.359387796785099
0	0	0	0	2.311255774189e-16	0	1.06542291933955
0.0358415841584158	0.025985977691547	0.0280049358781641	0.028004935878164	0.0253262226079667	0	-2.30490421024708
0	0	0	0	1.86012771627726e-16	0	-0.346250778548223
0	0	0	0	3.85717839347649e-16	0	2.2545110185326
0	0	0	0	5.84416884246974e-16	0	-0.110645176597853
0	0	0	0	7.11737519143808e-16	0	0.396547291733845
0	0	0	0	1.37465371500649e-16	0	0.353667112135807
0	0	0	0	1.17667893085684e-16	0	-0.647808386567226
0	0	0	0	1.72146669662759e-16	0	1.09797388587797
0.0227722772277228	0.025155564469035	0.0207424501999482	0.0207424501999483	0.0228649191393541	0	0.167793087644637
0	0	0	0	0.00156630865305377	0	-1.45073857390818
0	0	0	0	3.03178775475519e-16	0	-0.0993835656836564
0	0	0	0	6.09436473851008e-15	0	-0.186563110627977
0	0	0	0	1.03316022878623e-16	0	-2.63675803593223
0	0	0	0	2.39828637251448e-16	0	-0.0747793522821903
0	0	0	0	6.66520841645551e-15	0	0.770795124923999
0	0	0	0	1.92775582029332e-16	0	-1.12854602217631
0	0	0	0	3.5959170194575e-16	0	1.21633585156163
0.0249504950495049	0.0114855692521945	0.0129228833569772	0.0129228833569771	0.0182944205900317	0	-0.232496965216063
0	0	0	0	9.01586176487964e-17	0	-0.237152528168856
0	0	0	0	0.00111482669724405	0	0.18692149463837
0	0	0	0	9.57578842482133e-17	0	-0.283967895592086
0	0	0	0	8.4517185394551e-17	0	0.166987156192002
0	0	0	0	1.31948506479792e-16	0	0.359103557245104
0	0	0	0	8.94520687174298e-17	0	0.0251969923214891
0	0	0	0	4.85014405309948e-16	0	0.9929225524637
0	0	0	0	1.70506223836835e-16	0	-1.08724431841751
0.0485148514851485	0.0487374530181358	0.0494826917475498	0.0494826917475498	0.0510074919365323	0	0.267428831946289
0	0	0	0	1.80394220274142e-16	0	-0.550151252509589
0	0	0	0	1.77227724704028e-16	0	0.540257223704869
0	0	0	0	4.05742745139745e-16	0	-0.94443870367861
0	0	0	0	1.76848221237404e-16	0	0.12683411521649
0	0	0	0	4.58578086255877e-16	0	0.567561923934308
0	0	0	0	4.47549450907675e-16	0	0.499883123389673
0.132475247524752	0.123519653675398	0.126870423508487	0.126870423508487	0.129601320524693	0	2.19231284665928
0	0	0	0	1.09552713920334e-16	0	-0.249941051593432
0	0	0	0	4.01977662178204e-16	0	-1.19124827016138
0	0	0	0	1.46939848365334e-16	0	-0.416080979210718
0	0	0	0	1.70062164829633e-16	0	-0.61530891970057
0	0	0	0	2.15187954373599e-16	0	-1.0318232355805
0	0	0	0	1.28597468393978e-16	0	-0.572268752224823
0	0	0	0	2.90553467118792e-16	0	-0.978821489353883
0	0	0	0	7.40688646672172e-16	0	-0.74572112176768
0	0	0	0	2.05864226228322e-16	0	-1.08257406723749
0	0	0	0	1.36636163567978e-16	0	-1.61269124411503
0	0	0	0	1.34899834412805e-16	0	-1.48045794490121
0	0	0	0	1.9247136317304e-16	0	0.884771095369407
0.000396039603960396	0	0	0	6.12668271037422e-16	0	0.774446809790507
0	0	0	0	1.45475941608822e-16	0	-0.460109322084467
0	0	0	0	1.94387735747035e-16	0	-1.11782762013627
0	0	0	0	1.11621004182839e-16	0	1.28778866530803
0	0	0	0	2.34069518922153e-16	0	-1.77473099448167
0	0	0	0	1.06779059426931e-16	0	-0.612416091770047
0	0	0	0	4.97777634186687e-16	0	1.10405302212101
0	0	0	0	2.45763264932863e-16	0	0.684744010110455
0.0463366336633663	0.0542802039580062	0.0555965351847428	0.0555965351847428	0.0548020616026133	0	0.552377459631233
0	0	0	0	4.55286990630616e-16	0	0.0815555871670296
0.0588118811881188	0.0567308949806543	0.0555858588075936	0.0555858588075937	0.0528660817252388	0	1.16519979511619
0	0	0	0	3.21399414064866e-15	0	0.685955737175834
0	0	0	0	1.11838079135021e-15	0	1.40115975667645
0	0	0	0	1.92021567680976e-16	0	0.592800052574901
0	0	0	0	4.75920461021388e-16	0	-0.721397218963585
0	0	0	0	1.90673669847116e-16	0	-0.841977626567978
0	0	0	0	1.28508037844596e-16	0	1.0083453356125
0	0	0	0	2.59723011693385e-16	0	-0.085694608616564
0	0	0	0	1.56341798137581e-16	0	-0.389789649411614
0	0	0.0058431875747829	0.00584318757478285	0.00452819687064351	0	0.972223273428323
0	0	0	0	7.36907748265361e-16	0	1.43564605149559
0	0	0	0	1.22590415226185e-16	0	-0.162187534010879
0	0	0	0	6.15713594619775e-16	0	-0.633979924374464
0	0	0	0	1.9239195398001e-16	0	0.247838011174446
0	0	0	0	1.1597670842365e-16	0	-0.160806542393503
0	0	0	0	5.88428847349738e-16	0	0.157271778215452
0	0	0	0	2.21463984156038e-16	0	0.574330549701561
0	0	0	0	1.81213839180592e-16	0	0.549866170197071
0	0	0	0	0.00205487819572297	0	-0.245877266877045
0	0	0	0	1.98223161389357e-15	0	0.123899158521032
0	0	0	0	8.7245520094622e-17	0	0.589084014308826
0.0217821782178218	0.0219441296447471	0.0223087562295063	0.0223087562295063	0.0219390809193955	0	0.474206304637896
0	0	0	0	1.21406562734431e-16	0	-1.24398290371265
0	0	0	0	1.44946611091224e-15	0	-0.423299078583304
0	0	0	0	1.04803555707863e-16	0	-0.603372576624132
0	0	0	0	1.50062356808805e-16	0	-0.936120343983821
0	0	0	0	1.83242038216771e-15	0	1.90045484064051
0	0	0	0	1.62543779162051e-15	0	0.475435293439661
0	0	0	0	1.61353354489745e-16	0	0.0581171652571122
0	0	0	0	3.22980851953188e-16	0	-0.033129135834397
0	0	0	0	4.7257066487922e-16	0	-0.666051468145796
0	0	0	0	1.64289269958815e-16	0	0.840284647344924
0	0	0	0	3.65143540890656e-16	0	0.553233488061068
0	0	0	0	6.58181054423631e-15	0	0.559488575150642
0	0	0	0	2.63303283406915e-16	0	-1.96782402974028
0	0	0	0	1.65145943964268e-16	0	-0.31340989450417
0.0312871287128713	0.0242330036042334	0.0256254719127809	0.0256254719127809	0.0278894646415064	0	1.42140441418831
0	0	0	0	7.77698771762427e-16	0	-0.770999654427675
0	0	0	0	3.11787325125498e-16	0	0.185228014752105
0	0	0	0	3.54777722057093e-16	0	-0.839038740510935
0	0	0	0	3.57266252233844e-16	0	1.04687022991521
0	0	0	0	0.00196435396379537	0	0.4980514577633
0	0	0	0	1.14441963146872e-16	0	-1.47345923044185
0	0	0	0	1.10175613624235e-16	0	-0.137261232422283
0	0	0	0	1.59167540705679e-16	0	1.14569621140688
0	0	0	0	1.65248654055175e-16	0	-0.868940922657479
0	0	0	0	2.3940434676433e-16	0	-1.38865970906441
0.56970297029703	0.566442765963592	0.56637523180236	0.56637523180236	0.563347956231621	1	-0.360951320638549
0	0	0	0	1.49939415479902e-16	0	-0.918179560957393
0	0	0	0	4.71568734034482e-16	0	0.705596789757793
0	0	0	0	2.30087112571821e-16	0	0.630945311324785
0	0	0	0	6.36243304806788e-16	0	1.21913914347388
0	0.0120725154591933	0.0116369549902727	0.0116369549902727	0.00610556944999821	0	0.399833537933741
0	0	0	0	2.81769088698146e-16	0	0.293110010027993
0	0	0	0	1.20457017623229e-16	0	-1.67495008308383
0	0	0	0	1.18893611415086e-16	0	-0.466155768592026
0	0	0	0	4.5789754683118e-16	0	0.561856992502074
0	0	0	0	4.13567707721091e-16	0	0.638233584905189
0	0	0	0	2.42848445060121e-15	0	0.435052473602118
0	0	0	0	4.47854078029029e-16	0	-0.297226740013334
0	0	0	0	2.79713297482516e-16	0	1.58437068505435
0	0	0	0	1.65546568396503e-16	0	1.35744691354184
0	0	0	0	3.81473852758601e-16	0	-1.96594683569218
0	0	0	0	1.804377890954e-16	0	-0.209265934565589
0.0116831683168317	0.0242330036042334	0.0256254719127809	0.0256254719127809	0.0189592819876948	0	1.81398460081982
0	0	0	0	1.52686200525621e-16	0	0.607598943840808
0	0	0	0	1.85175522028478e-16	0	2.58563849579637
0	0	0	0	3.7828468229322e-16	0	0.96253926970994
0	0	0	0	2.95530305536447e-16	0	-0.0725487548808228
0	0	0	0	9.69949208070236e-17	0	-1.72505463713017
0	0.00625	0.00623578019199947	0.00623578019199937	0.0046177645129152	0	0.206575703659365
0	0	0	0	1.1105991995097e-16	0	-0.748997337130624
0.0271287128712871	0.0282564384023609	0.0272470585928666	0.0272470585928666	0.0327358218109519	0	1.39583304109437
0	0	0	0	6.01264217938731e-16	0	1.36005393091386
0	0	0	0	1.81743244025853e-16	0	0.457181571314568
0	0	0	0	1.44806193817698e-16	0	0.262992463874443
0	0	0	0	9.378986955741e-17	0	2.18653806895531
0.0146534653465347	0	0.00511628477964476	0.00511628477964473	0.00777746679704332	0	0.303100099989227
0.266336633663366	0.263526105099691	0.264733282257876	0.264733282257876	0.26473014198528	0	0.214180521867905
0	0	0	0	3.28219807058786e-16	0	1.57801789678404
0	0	0	0	2.5343507533185e-16	0	-0.889358883251451
0.33960396039604	0.343080237527857	0.341791315606539	0.341791315606539	0.342762384660565	0	-0.0392338390434917
0	0	0	0	9.98215144079592e-17	0	1.06402161865236
0	0	0	0	2.62341251903568e-16	0	0.0301498560656317
0	0	0	0	1.94972545893563e-16	0	0.682924148097015
0	0	0	0	1.22302080643474e-16	0	-0.145257025232384
0	0	0	0	1.63852380541379e-16	0	0.813501789365341
0	0	0	0	1.93304611428732e-16	0	-0.663860280800937
0	0	0	0	7.50594494397213e-16	0	0.140306648003926
0	0	0	0	3.23472616658252e-16	0	-0.605404398622684
0	0	0	0	2.28590229302497e-16	0	-0.357093648854721
0	0	0	0	1.03556062643442e-16	0	-0.801636392890366
0	0	0	0	1.22651377014813e-16	0	-0.342985765579452
0	0	0	0	4.17534649807765e-16	0	-1.02474441225747
0	0	0	0	6.1749655114372e-16	0	-0.873180023322203
0.0291089108910891	0.0238518882186252	0.0289543557619325	0.0289543557619325	0.0256717701565097	0	0.525959430052815
0	0	0	0	7.66895795330583e-16	0	-0.251598609512133
0	0	0	0	2.59957709671543e-16	0	0.291699494844414
0	0	0	0	7.8520103327103e-17	0	-0.561788700280266
0	0	0	0	1.07548650918794e-16	0	-0.476098383249117
0	0	0	0	5.60987452262192e-16	0	-0.161006747489581
0	0	0	0	3.28052937203245e-16	0	-0.491749976974983
0.0348514851485149	0.0238939939128146	0.0231908971187484	0.0231908971187483	0.0291062903066864	0	-0.515464985376184
0	0	0	0	3.74492475812505e-16	0	0.00174272358431338
0	0	0	0	4.45952363397751e-16	0	0.916090391978271
0	0	0	0	2.25179232420828e-16	0	1.08602926951693
0	0	0	0	2.73029320955721e-16	0	1.45959618443541
0	0	0	0	1.35138956952202e-16	0	-3.27478835926824
0	0	0	0	3.30525024566967e-16	0	-0.00999670536457105
0	0	0	0	1.53574465279037e-16	0	0.630277950567826
0	0	0	0	6.35287737584648e-06	0	-0.893678219955065
0	0	0	0	1.34757969009411e-16	0	-0.622420147366419
0	0	0	0	2.76512627690623e-16	0	1.68931422924885
0	0	0	0	6.23471765457452e-16	0	-0.885897516503214
0	0	0	0	7.63962625522335e-16	0	-0.590861679333828
0	0	0	0	1.2884689726004e-16	0	-2.25728593030759
0.0120792079207921	0.0140395128544247	0.0149553721341036	0.0149553721341036	0.0157391470345056	0	0.0337063055662448
0	0	0	0	5.1674548233968e-16	0	-0.87445697187015
0	0	0	0	1.88578152992076e-16	0	-1.58811184669382
0.08	0.0794470076035166	0.0790624084184852	0.0790624084184853	0.0828251015130111	0	0.309212261472115
0.0815841584158416	0.0760769886792157	0.0738971590207143	0.0738971590207143	0.077511083744127	0	-1.91809387386824
0	0	0	0	3.36788381941974e-16	0	1.48823193186148
0	0	0	0	1.4244090103527e-16	0	-0.829344897075051
0	0	0	0	1.1746701853096e-16	0	-1.30610016228908
0	0	0	0	2.60719762204262e-16	0	-0.996930135123835
0	0	0	0	1.87786460221403e-16	0	0.0346229888599654
0	0	0	0	2.269530862184e-16	0	-0.302922297053323
0	0	0	0	1.25188140786053e-15	0	-1.13117780263833
0	0	0	0	1.35155023903096e-15	0	1.35583429520519
0	0	0	0	3.17030276188301e-15	0	-1.1543113353349
0	0	0	0	1.38128787234857e-16	0	0.884864715199949
0	0	0	0	8.10921392535429e-17	0	-2.23921839769111
0	0	0	0	1.74081222236673e-16	0	0.0543095839021476
0	0	0	0	4.52947279797947e-16	0	-0.532162996554343
0	0	0	0	3.55767592911025e-16	0	0.112880999673692
0	0	0	0	1.99498584369772e-15	0	-0.524688230253043
0	0	0	0	1.95755908811906e-15	0	1.2094231110831
0	0	0	0	2.88260889451632e-16	0	0.792908909252088
0	0.00511385665886086	0.00577823281194075	0.00577823281194076	0.00109471611425503	0	1.27181101357452
0	0	0	0	8.16571173957346e-16	0	0.791427495101096
0	0	0	0	2.22357488302102e-16	0	0.264611832310044
0	0	0	0	2.05605830320819e-16	0	2.13172397562907
0	0	0	0	1.9048200576279e-15	0	-0.433991518572448
0.43029702970297	0.433557234036408	0.43362476819764	0.43362476819764	0.436652043768379	0	0.758019292269481
0	0	0	0	7.72153493404223e-17	0	-0.683260250835554
0	0	0	0	7.24491386037822e-16	0	0.847902806232597
0	0	0	0	6.28242915813215e-16	0	-0.926067692720553
0	0	0	0	8.72503578028722e-16	0	1.08261199352589
0	0	0	0	1.984035715297e-16	0	-0.285852971205804
0	0	0	0	2.11865601820452e-16	0	-0.807615520604738
0	0	0	0	1.07115353908959e-16	0	-1.66596651763935
0.000594059405940594	0.00832543454165073	0.00806143331359246	0.00806143331359251	0.00736980046198815	0	-0.95241103064993
0.0362376237623762	0.0282174399406058	0.0266774269972718	0.0266774269972717	0.0279664395376142	0	-0.583676600915834
0	0	0	0	4.23373962375552e-16	0	-1.33064775968383
0	0	0	0	1.80441454870953e-16	0	0.833274901661137
0	0	0	0	1.44832848713628e-16	0	-1.05646551413107
0	0	0	0	2.04618203286393e-16	0	-1.89700901830816
0	0	0	0	2.29466148389273e-16	0	1.81201188890936
0	0	0	0	1.53911642344858e-16	0	-1.05439152696999
0	0	0	0	6.7099284356891e-16	0	1.3152088803948
0	0	0	0	2.91188968779777e-16	0	-0.613522724782463
0	0	0	0	7.87617759807784e-16	0	0.834460808801334
0	0	0	0	4.23836214659687e-16	0	0.473614644054127
0.041980198019802	0.0326432500282541	0.0312662671646208	0.0312662671646208	0.036511222857445	0	1.91936096901413
0.165544554455446	0.151843432033798	0.157785631773988	0.157785631773988	0.158045663390059	0	1.45065059472386
0	0	0	0	1.73779665708922e-16	0	-1.89727799923871
0	0	0	0	1.45603687115686e-16	0	-0.100563482207764
0	0	0	0	1.22446107859439e-16	0	0.14468820431682
0	0	0	0	1.24371562964602e-16	0	0.0195294777903698
0	0	0	0	1.42947261585357e-16	0	0.884707946235731
0.0108910891089109	0.0123889313299686	0.00732064325300859	0.00732064325300863	0.0145910300544264	0	-1.34772354195991
0	0	0	0	1.38359479948928e-16	0	-0.757882509766663
0	0	0	0	2.57357445476334e-16	0	-1.41049774577343
0	0	0	0	4.9647274873715e-16	0	0.510114849505898
0	0	0	0	2.41090104392126e-16	0	-0.97077124655618
0	0	0	0	3.09585749569498e-16	0	-2.071741041861
0	0	0	0	3.43784100766307e-16	0	-1.78514118700991
0	0	0	0	3.11690323903953e-16	0	2.40514447740238
0	0	0	0	1.65006010990059e-16	0	-1.62561956210736
0	0	0	0	9.90584175254223e-17	0	0.0609600440824689
0	0	0	0	1.47613684853439e-16	0	1.1313066068691
0	0	0	0	3.3954829973988e-16	0	1.18294005933583
0.020990099009901	0.0216787835436306	0.0153364485747178	0.0153364485747177	0.018058174488654	0	1.79872763982711
0.0641584158415841	0.053330471230269	0.057452706045067	0.0574527060450669	0.0589399031222689	0	0.976671384968247
0	0	0	0	4.43972249468002e-16	0	3.12827500374833
0.291485148514851	0.288544368226811	0.285822646249851	0.285822646249851	0.287331214047379	0	0.827982625733009
0	0	0	0	1.45284623325438e-16	0	-0.401706518787095
0	0	0	0	3.62746139101279e-16	0	0.253360503800309
0	0	0	0	3.64079513110344e-16	0	0.780647713766845
0	0	0	0	2.58798567191552e-16	0	-1.10561532290632
0	0	0	0	1.18830884959505e-16	0	0.0220939824057958
0	0	0	0	2.76264153801906e-16	0	0.43190871467318
0	0	0	0	2.51511172335838e-16	0	1.3598443378594
0	0	0	0	2.76971613918935e-16	0	0.716206888428376
0	0	0	0	1.4475387594541e-16	0	-0.964610514625593
0	0.0119287018887655	0.00699396630388844	0.00699396630388845	0.00604339202370011	0	1.21871545284949
0	0	0	0	7.25802408361932e-16	0	0.0639455566445609
0	0	0	0	1.12174759945977e-16	0	0.348920600536382
0	0	0	0	3.27254629911353e-16	0	2.75068399335925
0	0	0	0	1.70133589602315e-15	0	0.0453186764721362
0	0	0	0	4.0960606490695e-16	0	0.526940355017202
0	0	0	0	1.56507224943313e-16	0	-0.341256861175882
0	0	0	0	1.43060838807668e-16	0	-2.2597619697131
0	0	0	0	1.41875685318207e-16	0	-1.87101531841312
0.0174257425742574	0.0243466851112243	0.024124172470907	0.0241241724709069	0.026416974997226	0	0.569665335992088
0	0	0	0	1.20949200082641e-16	0	-0.597541049717076
0	0	0	0	2.09102429024416e-16	0	-2.58620304114073
0	0	0	0	6.86292512603629e-16	0	-2.28259293074128
0	0	0	0	7.67031966424114e-15	0	-0.494108616561971
0.056039603960396	0.0560793339779426	0.056639827207008	0.056639827207008	0.061132469452361	0	3.30624631571541
0	0	0	0	2.00284732161734e-16	0	-0.057902813580804
0	0	0	0	2.25025241230595e-16	0	-0.88675499358933
0	0	0	0	1.27154078543006e-16	0	-0.153225055914283
0	0	0	0	3.52343547457039e-16	0	-0.403512939895833
0	0	0	0	2.43592506686296e-16	0	1.00125781350962
0	0	0	0	1.50800519729531e-16	0	-1.32669765091005
0	0	0	0	1.31371004036613e-16	0	0.0994439412977165
0	0	0	0	9.67600906683254e-17	0	0.412173485267652
0	0	0	0	5.94379872845514e-16	0	0.0723071221134713
0	0	0	0	9.34885832681884e-16	0	1.14635681346612
0	0	0	0	2.5850732436179e-16	0	-0.0631783436791242
0	0	0	0	2.42567966527121e-16	0	1.77238312761629
0	0	0	0	1.59092402255636e-16	0	-0.109881107155096
0	0	0	0	7.12573024006252e-16	0	1.19677719638344
0	0	0	0	1.11745602981722e-16	0	1.09840277890237
0	0	0	0	1.81146139112489e-16	0	-0.199387209586472
0	0	0	0	1.32726215874878e-16	0	-0.263864084447379
0	0	0	0	2.37594311640874e-16	0	0.882091532571284
0.0142574257425743	0.00480308162525123	0.00577823281194075	0.00577823281194076	0.0091673316077231	0	1.53318714609065
0	0	0	0	2.56739518708338e-16	0	0.0569334945174614
0	0	0	0	1.23971184637054e-16	0	-0.627954607853
0	0	0	0	3.16068323204645e-16	0	0.373058639669535
0	0	0	0	2.34318591927395e-16	0	-0.679262379915579
0	0	0	0	2.02058374404055e-16	0	0.0705678723063205
