Q,q,P
																																																																																																			
39.47	-2.958	-6.125	1.856	-4.905	0.9714	-8.016	-0.03378	0.1477	-3.896	-0.2395	0.298	-4.925	-1.432	3.295	1.82	-6.148	-2.729	-5.914	0.1555	3.783	-2.601	-4.189	-3.07	-0.6923	-4.883	0.2654	-2.081	4.445	-4.704	1.068	-4.839	-0.7184	0.8252	7.516	0.9796	2.396	-6.539	0.02348	-2.456	-0.8429	-0.5421	1.251	4.569	-1.281	-0.5796	-0.4298	5.496	-0.8773	2.098	-2.21	-2.437	-5.147	-3.007	3.994	1.003	-6.013	3.287	-3.609	2.989	5.905	-5.004	-2.372	-5.911	-1.81	1.339	-0.7418	-3.347	-7.165	2.107	0.3436	2.476	5.098	-2.753	-0.1159	-5.683	-5.308	-4.349	2.234	2.101	-0.52	-2.27	-4.198	2.742	-5.505	3.191	0.7544	1.535	0.5286	2.854	0.599	1.87	3.114	-0.7575	0.7861	1.033	-4.154	1.604	-1.713	2.126
-2.958	34.25	1.923	-5.439	3.107	0.7342	4.48	-3.063	-7.25	-0.1375	2.939	6.635	-5.818	1.785	-2.788	0.4677	-3.282	4.339	-1.275	-1.331	6.304	-1.493	-1.545	-2.336	2.826	5.559	0.9994	0.6786	-5.532	-2.37	4.842	-0.2916	-0.9747	-1.189	-3.029	-0.7601	-2.615	-3.652	-2.049	-0.8311	-1.682	-4.157	0.4501	-0.3558	0.03352	2.421	-0.7039	4.682	-3.418	-1.786	-1.996	-2.057	5.249	7.581	-1.056	0.3549	-2.429	2.18	-1.957	2.808	3.024	-1.002	-1.188	1.56	-0.8902	-2.226	-1.443	1.946	-1.369	-2.982	-1.988	0.5302	-3.855	-4.141	2.003	-2.688	4.988	-3.4	-1.471	-1.181	1.085	2.049	3.327	3.07	-3.465	5.938	2.778	-2.914	3.895	-1.334	1.658	-0.07724	3.693	-0.9899	1.847	0.3989	-1.162	-3.189	-1.083	-2.194
-6.125	1.923	35.35	-4.25	-1.684	-5.162	-0.6235	2.283	4.345	-3.125	-4.962	-4.385	2.533	3.91	-1.075	1.723	10.06	2.353	1.5	1.853	-1.403	4.593	-2.334	0.672	-1.823	-0.5855	3.969	-4.173	-1.537	-3.775	-3.048	-1.991	-2.366	0.6212	1.137	1.737	-2.612	-2.619	0.968	0.4529	0.1559	3.424	1.491	-0.08688	-0.6193	2.822	1.705	3.898	1.308	-4.75	2.691	4.335	1.624	-1.614	-2.648	-2.413	-2.871	-0.5077	-1.299	-1.855	-0.09106	-2.348	-1.97	5.081	-0.6097	0.1502	-0.307	-1.642	0.2669	-2.633	-1.727	-2.923	2.408	-1.353	-0.3431	5.639	-0.65	3.156	5.388	-3.053	0.9179	1.506	-1.083	-1.227	-6.533	-1.524	-2.477	6.179	-2.391	0.2318	3.12	0.2393	4.302	-5.017	4.192	6.644	-0.1714	0.2653	-5.301	-1.465
1.856	-5.439	-4.25	40.46	1.753	-3.807	-3.006	0.07421	1.357	4.019	3.566	-0.7327	4.496	-2.381	-2.137	4.347	2.268	-7.2	3.777	-0.7579	-4.054	0.7006	-2.553	-2.847	2.794	-5.432	-2.697	6.933	-1.783	5.333	-1.2	-6.871	3.74	-1.602	-0.7366	-2.914	2.536	3.851	0.8449	-0.004176	2.232	-2.779	0.1539	-3.037	-1.475	-1.483	0.9361	3.353	-2.857	1.422	-0.2667	2.846	2.833	-4.158	4.756	0.4705	4.525	3.844	0.8003	2.861	-2.549	-0.3716	2.166	-6.057	-2.859	3.812	2.7	0.931	4.168	6.416	0.8625	-7.159	1.213	-1.604	-0.1931	-1.264	-0.02306	-2.674	0.2615	-1.078	1.585	0.9968	-0.9688	-5.48	-3.121	0.8163	0.1977	3.792	1.565	2.464	-2.295	-2.038	0.837	-0.4426	-1.389	-4.258	-1.145	8.253	0.7553	-1.176
-4.905	3.107	-1.684	1.753	40.17	-0.4956	2.59	-5.527	-3.59	0.517	0.7901	6.773	-1.128	2.619	-8.523	-0.6689	0.4322	-1.851	0.151	-4.65	3.064	0.4769	2.626	1.993	1.923	-0.377	1.245	8.392	-0.3164	0.3734	-4.717	3.487	1.254	-3.246	-6.868	-1.399	2.631	5.524	-1.559	-3.596	0.9066	-0.9902	4.871	1.724	-0.9995	-8.747	-3.776	1.455	3.074	-1.6	0.4453	3.309	-4.353	9.102	1.396	0.1067	4.252	-6.299	5.412	3.33	-2.966	-4.225	-3.873	-2.136	2.387	1.148	-2.244	-3.791	2.701	-3.484	4.536	-1.385	1.901	-1.359	6.434	4.551	-2.61	1.262	4.209	1.382	-1.608	-4.873	-0.1536	-5.556	3.159	1.004	-0.8151	0.3288	-4.548	-3.188	-0.414	-2.763	1.631	-2.349	-1.95	-1.993	1.755	-0.8451	-5.139	1.278
0.9714	0.7342	-5.162	-3.807	-0.4956	28.14	-1.928	1.857	-7.795	0.6916	-1.712	3.536	-0.5592	-3.889	0.01834	2.369	-0.8426	-3.593	-6.747	-3.576	1.65	-0.8999	1.476	-0.3828	-0.1753	0.9542	-1.933	-6.77	5.776	1.045	-2.2	4.03	-2.158	-1.36	0.9595	-3.532	-0.7436	-1.119	0.3662	2.337	-1.463	-1.937	-1.359	0.4864	3.087	0.1039	-3.901	3.566	-2.656	0.2731	-3.771	3.221	1.906	-6.478	3.481	1.251	-4.334	-0.6653	1.688	0.1114	-0.5173	-2.815	4.964	-3.36	-1.897	0.2456	-1.879	-0.9698	-4.996	-2.757	0.8114	0.3453	-0.03676	-1.527	-2.237	-4.663	2.071	-0.04906	-2.695	4.976	-0.5501	3.14	4.01	-3.915	3.264	-3.483	2.835	3.084	-2.889	0.528	6.898	-0.5449	1.189	5.392	2.982	0.5941	2.428	-0.5251	0.7791	1.114
-8.016	4.48	-0.6235	-3.006	2.59	-1.928	36.57	-2.024	0.1003	-2.559	1.512	2.153	0.06706	4.669	-6.891	1.462	-0.2826	-4.047	3.86	5.457	-0.2571	-0.1166	1.351	-1.483	2.389	2.771	-1.359	5.168	-1.208	-2.539	-2.557	4.91	2.84	1.723	1.26	0.09665	-0.3944	-2.926	1.294	-0.05884	2.644	0.8884	-2.539	-4.503	2.288	2.352	-8.187	3.257	0.6019	2.571	4.518	-1.369	-0.4471	1.484	-1.881	-4.33	-1.197	-3.638	-0.9035	1.694	-1.086	-2.977	1.808	4.216	-6.713	0.07459	2.454	-0.9431	0.6769	-0.1383	-1.84	0.4219	-2.644	-1.954	-2.525	-1.564	-0.9945	-3.31	0.7274	2.037	5.102	-0.9638	-1.557	6.331	4.914	1.363	-0.218	0.3712	-6.885	-1.07	-2.583	3.717	-2.394	2.248	1.957	-1.564	3.241	-3.153	0.712	0.6486
-0.03378	-3.063	2.283	0.07421	-5.527	1.857	-2.024	33.3	-6.117	-0.8284	2.449	-2.404	1.443	-0.2504	3.293	2.901	0.721	-2.505	-0.7232	0.4051	2.827	2.68	-1.228	1.345	-5.49	2.074	1.571	-6.47	-0.3652	-0.3669	-2.569	-1.25	3.004	-1.645	2.68	5.282	0.3315	-0.418	1.507	-1.12	-1.088	6.325	-4.731	4.519	0.8284	-5.255	1.407	-0.1277	-7.994	2.545	2.84	8.191	0.4805	-5.804	3.255	2.281	3.359	-3.187	3.224	-3.255	-2.704	-2.739	1.913	0.3341	-4.317	4.773	1.804	5.388	-0.09614	-1.584	0.3688	-1.214	0.3421	-3.926	2.318	2.106	0.8271	-0.282	3.66	-4.44	-0.1585	-3.202	3.22	-2.123	-4.529	0.07941	5.615	2.271	0.07795	0.01895	-0.2809	0.5451	1.412	0.4567	1.428	-2.121	-7.554	-0.8282	-3.706	-1.036
0.1477	-7.25	4.345	1.357	-3.59	-7.795	0.1003	-6.117	32.05	-6.177	1.98	1.908	5.738	0.184	1.032	-2.169	-1.331	7.36	1.408	2.071	-1.182	0.305	3.877	0.5421	-1.97	-4.06	-0.5234	2.777	-0.7743	-0.2157	1.951	2.129	-2.526	-1.855	-1.181	-0.3662	-0.5085	-0.4561	-1.016	-3.403	0.94	3.425	2.574	3.398	0.9502	1.853	-0.3146	-0.385	2.577	-0.4853	-0.2077	-0.1481	-4.492	7.302	1.301	-2.26	1.868	0.05411	-0.9976	-3.531	-3.284	-0.6715	-0.1049	1.337	2.09	0.7188	-3.769	-5.845	2.993	4.429	-1.929	0.623	-2.64	-1.268	-4.958	-0.09657	-1.39	-0.9351	-2.982	-1.253	3.844	0.07221	-3.413	1.055	0.5802	-3.63	-4.896	2.395	-5.174	-0.5685	1.519	-2.662	-0.862	-0.8251	-0.3434	3.053	-2.388	3.151	2.021	-0.888
-3.896	-0.1375	-3.125	4.019	0.517	0.6916	-2.559	-0.8284	-6.177	31.94	-0.462	3.027	-2.58	-6.358	-1.235	-0.3419	0.286	-1.563	1.977	-0.2806	2.815	1.009	-2.681	-3.635	0.9843	7.274	-4.078	6.156	-4.909	0.1029	-2.128	-2.43	-0.551	1.276	-4.43	-1.26	-0.3629	1.13	0.2485	-5.178	2.271	1.885	-5.882	1.721	6.123	0.7933	-1.229	-5.437	0.2161	-1.874	-2.756	-3.281	2.931	1.883	3.901	-4.164	-1.075	-3.397	-2.492	1.737	1.48	-0.6906	1.136	-4.22	2.371	-1.472	3.249	3.324	4.1	-0.09481	0.9233	-1.333	-1.109	5.597	-3.004	0.1412	2.017	-1.375	2.277	-0.7073	-0.828	5.928	-2.117	1.287	-9.073	1.642	-0.9954	2.033	2.229	-2.334	0.5955	-0.8537	-8.021	1.496	-3.757	0.02359	2.528	3.328	4.475	-3.688
-0.2395	2.939	-4.962	3.566	0.7901	-1.712	1.512	2.449	1.98	-0.462	28.51	-1.302	-3.761	-2.401	-1.117	2.839	-2.788	-0.8417	2.028	2.225	1.312	2.901	-1.544	0.5771	-1.862	-0.006154	4.536	-2.733	-3.68	0.5841	2.07	-0.764	-1.738	-2.411	0.9698	3.481	4.992	4.061	-3.751	0.1962	2.308	0.7759	0.7345	-1.074	1.306	1.686	-1.871	0.6994	0.4264	-2.302	0.1505	5.396	0.4445	-0.1674	-1.268	5.888	4.28	-3.657	-2.937	1.141	5.033	-2.76	3.404	4.134	-1.906	8.159	-4.427	5.022	2.516	3.24	-5.327	2.384	-1.702	1.809	-0.2786	-2.128	-4.439	2.074	-1.45	0.7304	0.8682	-2.169	-0.2865	-1.582	-0.8548	-1.441	4.386	0.5846	0.5183	6.123	-1.228	1.451	-2.43	-0.05633	-3.038	-9.019	-4.742	2.397	2.03	-1.128
0.298	6.635	-4.385	-0.7327	6.773	3.536	2.153	-2.404	1.908	3.027	-1.302	49.37	0.6805	-6.194	2.583	1.247	-2.929	8.012	-9.114	-0.1259	0.2939	-1.761	0.4657	1.86	1.395	1.643	-1.066	-1.918	-1.462	2.739	0.3749	-2.514	-1.355	-0.2939	0.9904	-0.9211	-3.298	2.424	2.42	-1.74	5.37	3.834	7.058	3.422	2.385	0.2002	1.267	-0.4824	0.4064	0.1092	2.464	5.014	-2.236	1.694	-2.89	-4.477	-6.266	-5.673	-0.7938	3.411	-0.8881	4.055	-4.893	-2.172	-5.924	2.279	-6.281	3.265	4.134	-4.765	0.4264	-0.06257	1.511	2.825	1.878	1.463	-1.254	-5.361	4.31	-1.541	0.411	-0.4606	-1.232	4.792	-4.559	0.1317	-3.102	-0.9703	3.094	-1.777	2.338	6.5	1.997	-0.5336	-4.472	4.096	-0.3457	-0.858	-3.188	0.7814
-4.925	-5.818	2.533	4.496	-1.128	-0.5592	0.06706	1.443	5.738	-2.58	-3.761	0.6805	37.18	1.203	-0.9872	-3.115	2.539	-1.067	-2.33	3.457	-0.1261	0.6364	-2.935	1.827	2.99	-1.167	-0.1904	4.1	1.511	-1.411	-1.65	-4.321	-3.082	-0.1736	-0.941	5.248	-2.903	2.009	1.626	-1.59	5.521	-0.3585	2.593	0.1033	-1.04	-0.6531	3.015	-2.418	-4.314	-3.844	-2.083	-4.175	0.2907	-1.474	-1.92	-0.9469	-3.278	-2.883	-0.1301	0.3224	-4.341	-3.499	0.7026	-3.997	-7.51	-4.119	9.066	-1.603	-1.991	0.225	0.6311	-2.824	3.845	-2.237	0.08576	3.421	-4.495	0.3657	-6.139	-6.333	5.789	1.448	0.6943	-2.145	2.32	-2.99	4.385	4.428	-4.204	5.438	-0.1597	-6.545	-2.604	0.4295	5.882	-1.127	-5.51	-1.923	-3.86	4.455
-1.432	1.785	3.91	-2.381	2.619	-3.889	4.669	-0.2504	0.184	-6.358	-2.401	-6.194	1.203	44.41	0.9067	1.49	-2.183	0.488	-1.674	-4.96	-5.529	-7.198	1.056	-3.869	0.6317	3.271	0.02394	-4.151	-2.233	-3.782	-3.194	-4.665	-1.964	-0.66	5.17	-0.01914	-0.6467	-0.7171	-3.912	4.93	-8.162	1.094	0.1863	-1.137	-1.226	-0.5263	1.719	-1.23	-2.956	-1.902	-2.284	-5.306	2.604	-1.994	-0.3393	-0.2523	-2.325	2.157	-3.77	3.913	-4.673	1.669	-0.7159	0.8608	-3.099	1.518	6.264	-1.773	2.715	1.621	2.968	1.598	6.495	3.847	0.5838	3.848	-1.52	5.93	0.1309	6.262	0.1842	2.069	1.604	1.387	5.728	0.2433	-4.391	5.226	-0.4847	1.848	-0.4666	-0.2537	-1.108	-4.514	3.474	1.267	-4.467	5.953	1.59	-1.807
3.295	-2.788	-1.075	-2.137	-8.523	0.01834	-6.891	3.293	1.032	-1.235	-1.117	2.583	-0.9872	0.9067	36.48	-1.835	4.206	7.628	-2.357	2.648	5.14	2.008	3.174	2.314	6.441	4.422	-7.376	-2.196	3.529	-3.925	2.667	1.872	1.955	-7.458	5.48	-0.5193	4.925	0.5659	2.805	1.572	1.279	-2.931	0.04202	0.8122	4.642	-0.3491	0.4472	-4.669	-4.217	4	1.374	6.001	3.833	-0.06862	-0.9705	5.942	0.2639	1.868	2.58	1.092	-2.326	-1.275	-1.18	-1.591	0.81	4.112	0.2803	-0.2849	0.7331	-1.167	3.349	3.032	1.157	1.301	-1.127	-0.7975	2.9	2.33	0.8958	1.533	-3.139	2.291	0.6758	-2.33	0.3297	-2.684	-0.4409	4.949	0.8814	3.141	2.186	3.524	-3.601	-1.114	-4.37	2.25	-0.7034	0.3814	-1.348	-3.854
1.82	0.4677	1.723	4.347	-0.6689	2.369	1.462	2.901	-2.169	-0.3419	2.839	1.247	-3.115	1.49	-1.835	37.24	2.539	0.09981	1.562	1.014	-0.9095	1.836	-0.5048	4.692	2.113	1.349	-4.959	-3.271	-3.158	4.339	-0.8892	-1.739	0.4194	2.178	3.425	-0.4279	0.4084	-2.153	5.426	-0.9348	0.1506	-3.206	-0.2003	-1.088	-0.7955	-4.394	-0.9068	-0.6723	0.6647	-3.907	-0.6339	-1.13	-2.912	-0.767	-3.718	0.663	2.289	2.785	1.008	-3.982	5.365	-2.682	-3.074	2.874	-1.629	4.021	1.606	-2.039	1.434	0.3852	-4.211	-1.22	-2.72	-1.351	4.091	1.053	-3.234	5.478	-3.943	4.009	-0.6039	3.389	0.9749	-2.45	2.177	2.901	8.224	3.34	-4.184	4.439	2.156	-1.45	0.6032	-1.143	2.164	-2.281	-0.8304	-0.7483	4.655	0.06067
-6.148	-3.282	10.06	2.268	0.4322	-0.8426	-0.2826	0.721	-1.331	0.286	-2.788	-2.929	2.539	-2.183	4.206	2.539	29.65	3.498	6.886	-2.232	4.148	4.265	1.977	5.261	-2.55	0.5298	4.715	0.9638	-2.848	-1.456	-2.772	0.09749	2.316	0.8526	-0.3833	-4.863	-1.896	-2.798	-1.313	0.3243	3.307	2.719	3.27	-5.539	1.77	-0.2487	-1.941	-1.136	2.991	-1.477	0.8728	2.122	-5.334	-0.5116	4.346	1.529	-0.2669	-1.296	0.8188	0.7961	-0.6992	1.251	0.7582	1.875	2.436	-1.384	2.899	1.148	-3.091	1.735	1.556	-0.2711	4.235	-0.169	2.792	2.138	0.02866	-2.006	-1.922	-0.7663	-3.413	-3.615	-0.6965	4.302	-3.414	3.335	1.569	3.166	2.885	5.92	-1.597	-7.042	3.679	-1.325	-1.644	2.572	-1.48	0.5448	-0.7203	0.6979
-2.729	4.339	2.353	-7.2	-1.851	-3.593	-4.047	-2.505	7.36	-1.563	-0.8417	8.012	-1.067	0.488	7.628	0.09981	3.498	40.26	2.522	-0.06051	2.364	-0.7139	1.588	6.584	2.608	0.1293	-2.078	4.334	-5.943	-0.6712	0.272	5.49	-3.291	2.922	-1.787	-0.5051	2.759	1.914	-1.268	-0.1171	-0.6484	-3.22	-4.493	2.498	2.728	4.295	4.446	1.463	-0.4751	0.1209	-5.43	-1.848	-1.5	5.329	-2.703	-1.962	-2.616	-5.29	-1.395	6.21	-3.484	5.864	0.2723	-1.248	-0.1676	0.8551	0.4551	5.323	-2.847	0.7956	1.648	-0.5618	0.706	-3.581	-0.458	2.143	2.865	5.195	-1.214	-2.231	-0.2786	3.128	0.8022	2.481	-1.375	1.088	0.8804	5.651	2.668	1.977	5.359	-3.358	-5.815	-2.45	-3.022	0.4518	-1.244	-3.107	3.427	0.06617
-5.914	-1.275	1.5	3.777	0.151	-6.747	3.86	-0.7232	1.408	1.977	2.028	-9.114	-2.33	-1.674	-2.357	1.562	6.886	2.522	35.78	2.647	4.51	3.012	1.09	-1.874	-3.868	4.539	-4.431	0.2786	-2.286	0.7072	3.683	0.08207	7.107	2.959	2.14	0.3819	0.2035	-0.05583	0.4917	-0.848	-1.515	-1.831	-1.736	-0.6945	-2.914	-0.7998	-1.154	2.36	2.581	1.358	2.129	-1.41	-6.832	2.905	-1.363	0.2345	5.415	-1.527	-5.23	2.981	3.574	2.04	3.168	1.266	2.863	3.894	-0.5997	-0.4932	-0.3955	5.238	-1.687	-2.819	-2.727	1.791	-0.9625	-0.7293	3.169	3.453	2.01	-3.181	-7.891	-5.886	-2.823	0.1525	-1.486	-2.046	-5.646	1.711	5.632	0.737	-1.46	-1.153	-4.72	3.044	1.776	-0.4022	1.742	-1.393	2.617	-1.675
0.1555	-1.331	1.853	-0.7579	-4.65	-3.576	5.457	0.4051	2.071	-0.2806	2.225	-0.1259	3.457	-4.96	2.648	1.014	-2.232	-0.06051	2.647	36.77	-1.034	1.701	-4.814	1.506	-0.355	2.03	-0.4837	0.0582	3.776	-1.124	-2.111	-4.072	-7.007	2.446	-6.402	-0.6647	-0.06631	-0.6859	6.007	-2.776	7.048	1.114	-3.903	-1.261	0.1038	3.152	-1.452	1.606	-7.149	6.095	3.048	-4.319	-1.702	2.03	0.3124	6.358	4.313	0.764	-1.934	-1.82	0.603	-0.2798	-1.364	2.713	-1.379	4.065	1.302	-3.311	1.666	-4.576	-3.023	1.101	0.1759	-2.979	-3.815	-0.7921	0.1573	-1.112	-0.628	0.2594	-2.973	2.249	-2.509	-2.046	0.101	0.0251	-1.273	-3.966	3.032	-2.092	1.861	9.808	-6.105	1.368	-0.2212	0.6811	1.917	-1.875	-1.218	1.852
3.783	6.304	-1.403	-4.054	3.064	1.65	-0.2571	2.827	-1.182	2.815	1.312	0.2939	-0.1261	-5.529	5.14	-0.9095	4.148	2.364	4.51	-1.034	33.47	1.614	1.623	2.077	-1.843	0.9843	1.143	4.963	-1.099	-0.3512	2.795	0.05183	0.9245	-3.233	-1.601	-1.668	2.698	-4.388	-3.753	3.639	0.8951	1.146	-1.151	-1.023	-1.72	5.85	-3.372	-2.187	-0.3016	-2.516	-2.224	0.07813	-5.005	-0.4221	-0.7334	1.648	0.05724	-0.2166	2.764	-0.1061	-0.1774	2.472	-2.096	-2.59	5.378	-0.3904	4.532	1.077	-1.885	0.9736	-4.161	0.8789	-0.1564	-0.6574	-1.18	-9.589	-4.835	-2.246	2.212	-3.085	3.429	-4.52	-1.316	-3.053	-4.205	4.626	2.738	-0.5363	3.743	2.647	-0.9087	1.281	-3.166	2.839	6.891	2.772	0.8798	-0.1921	-3.354	0.6851
-2.601	-1.493	4.593	0.7006	0.4769	-0.8999	-0.1166	2.68	0.305	1.009	2.901	-1.761	0.6364	-7.198	2.008	1.836	4.265	-0.7139	3.012	1.701	1.614	24.62	2.858	3.369	3.53	-5.434	0.9678	3.322	-0.5368	-1.718	-2.172	0.883	-1.227	2.074	0.178	-4.689	-3.091	-1.241	-0.3848	-3.027	0.4583	-3.454	0.3447	-0.3983	-1.405	-1.298	1.026	2.025	2.13	-1.927	-3.842	0.5864	-4.505	-1.135	1.636	1.748	2.539	-0.2245	-3.582	0.09838	1.672	1.279	2.574	0.4389	1.589	-1.184	-0.1583	4.157	0.5439	0.9744	-1.356	-1.064	-2.748	-2.838	3.592	3.834	2.074	2.485	-2.673	-0.3366	-3.667	-0.1385	-3.889	-4.047	-4.749	3.126	3.206	-4.076	-3.804	-0.6941	4.638	6.561	1.18	-1.52	0.02318	-3.43	-0.7494	-0.3407	-2.664	2.499
-4.189	-1.545	-2.334	-2.553	2.626	1.476	1.351	-1.228	3.877	-2.681	-1.544	0.4657	-2.935	1.056	3.174	-0.5048	1.977	1.588	1.09	-4.814	1.623	2.858	30.16	3.082	2.247	-1.253	-0.4668	2.088	3.043	0.4842	-0.7873	4.099	-0.345	2.753	-1.534	-4.543	-0.4194	1.743	0.3597	2.98	-7.12	-1.948	-1.255	-1.917	-4.298	-1.015	-0.007521	-2.591	-0.965	5.636	0.1375	2.787	0.1035	2.274	-5.587	3.36	1.303	-5.746	-0.2531	-3.217	-2.696	2.197	1.11	-3.957	2.989	0.8038	0.4143	-0.6022	2.791	-2.179	-3.211	5.605	-6.522	-1.186	0.178	-4.973	2.324	-1.794	3.151	-2.21	0.04852	1.085	-1.402	4.219	-0.966	-0.4129	-1.017	-0.1308	4.32	-0.99	-0.1878	-2.323	4.345	-2.944	-0.3812	-0.3411	2.036	0.8119	-4.206	-1.01
-3.07	-2.336	0.672	-2.847	1.993	-0.3828	-1.483	1.345	0.5421	-3.635	0.5771	1.86	1.827	-3.869	2.314	4.692	5.261	6.584	-1.874	1.506	2.077	3.369	3.082	39	5.596	1.988	-0.3963	-8.776	-3.897	0.02746	1.941	4.333	-1.957	-1.467	-2.431	1.201	3.491	0.1067	3.016	-0.6159	-1.879	-1.678	-4.5	0.2416	-1.321	-2.777	-3.558	5.865	-2.707	-1.207	-0.884	-0.8534	-0.4846	-2.979	-8.02	3.775	-0.477	-0.2855	3.368	4.682	-0.001333	2.12	-3.728	0.6251	3.509	-0.7399	2.424	3.026	-1.828	-3.61	-5.292	-2.732	-1.72	-4.302	-3.453	3.431	-0.3306	0.7282	-3.185	-0.2857	-3.715	1.691	3.264	3.353	1.963	0.6898	7.907	5.571	-0.1816	-4.485	0.5635	0.6283	-0.1927	-5.754	-0.3585	0.5569	-4.074	-1.491	-4.332	-2.961
-0.6923	2.826	-1.823	2.794	1.923	-0.1753	2.389	-5.49	-1.97	0.9843	-1.862	1.395	2.99	0.6317	6.441	2.113	-2.55	2.608	-3.868	-0.355	-1.843	3.53	2.247	5.596	33.45	-1.365	-7.333	-3.029	-0.6008	4.216	-0.4767	-2.807	-5.423	-0.249	2.047	-3.018	1.635	3.457	1.643	-0.6958	1.187	1.666	0.6223	0.2535	-3.919	-9.824	-0.3978	1.316	-0.5403	-3.174	-3.401	-2.244	5.56	-4.687	-1.449	1.627	-4.022	2.221	0.008054	0.5683	-0.9801	-1.735	3.528	-3.501	-0.4773	-3.591	-3.81	-2.917	-0.2351	0.4025	-3.367	-3.56	0.1744	-1.225	-0.7661	-1.807	3.142	2.469	-2.788	-1.824	3.835	3.192	1.926	0.6627	2.355	3.224	1.633	-3.38	-4.331	-2.806	5.681	0.6171	-4.089	-4.916	-2.034	-1.307	3.798	0.2928	-1.631	0.2255
-4.883	5.559	-0.5855	-5.432	-0.377	0.9542	2.771	2.074	-4.06	7.274	-0.006154	1.643	-1.167	3.271	4.422	1.349	0.5298	0.1293	4.539	2.03	0.9843	-5.434	-1.253	1.988	-1.365	32.84	-4.508	3.056	-0.4011	-3.136	0.3636	4.531	-0.09446	-1.216	0.784	1.328	6.504	1.92	5.542	1.558	0.6668	0.3176	-3.482	3.47	0.6111	-2.657	3.795	-1.338	-4.567	0.09051	2.09	-3.708	4.263	1.278	1.08	-4.779	-3.626	-1.323	1.835	3.502	5.924	-1.365	-6.473	0.2736	-0.5662	3.305	-0.0243	2.66	-2.034	4.829	-5.179	5.546	-0.101	0.9721	-3.194	-2.308	0.1108	-0.2227	0.3415	-0.2577	-3.392	0.4086	2.32	1.493	-0.005651	-4.652	1.105	1.027	-0.6878	4.257	1.682	-0.8214	0.8526	-1.527	-2.434	2.499	1.023	-2.318	1.724	-6.352
0.2654	0.9994	3.969	-2.697	1.245	-1.933	-1.359	1.571	-0.5234	-4.078	4.536	-1.066	-0.1904	0.02394	-7.376	-4.959	4.715	-2.078	-4.431	-0.4837	1.143	0.9678	-0.4668	-0.3963	-7.333	-4.508	40.46	-1.936	6.199	-2.651	-1.403	0.5446	-0.9026	-1.839	-0.4119	-0.8028	-0.852	-7.054	-0.9461	-0.23	-4.842	2.656	0.6312	-3.592	4.714	5.427	3.39	2.356	3.949	-0.5291	7.432	4.253	1.165	1.116	2.897	-4.333	-2.295	-1.173	-1.046	-1.649	0.58	3.103	-4.329	2.391	6.322	-1.952	0.1916	-0.8655	1.042	-3.331	-4.817	0.2089	-3.855	1.684	2.995	0.7847	-9.89	-0.2112	4.355	1.354	3.36	3.651	-1.115	-1.811	1.231	3.981	2.499	0.9475	2.99	0.6234	-1.371	0.3147	5.002	5.635	-0.7721	-1.213	-2.81	2.694	0.4828	1.365
-2.081	0.6786	-4.173	6.933	8.392	-6.77	5.168	-6.47	2.777	6.156	-2.733	-1.918	4.1	-4.151	-2.196	-3.271	0.9638	4.334	0.2786	0.0582	4.963	3.322	2.088	-8.776	-3.029	3.056	-1.936	35.97	-3.938	-2.934	1.61	4.234	-0.5122	2.645	-6.107	-4.706	3.861	3.932	-0.4135	-0.538	-1.075	-2.976	3.53	-6.051	1.945	1.484	5.726	-5.303	3.145	3.247	-0.9025	0.1791	-3.388	1.893	2.716	-8.766	-2.773	0.8393	6.588	3.068	-1.068	-0.9411	1.897	1.012	1.279	-2.514	5.618	-0.7134	-1.302	3.351	0.1825	2.776	-0.4558	-2.635	-2.081	-2.293	1.594	-1.693	-4.486	3.315	-0.4532	-2.826	-7.493	-1.544	-1.746	2.307	2.713	-0.8992	-1.368	7.376	-0.7806	-1.318	-1.059	-0.2945	-2.929	-4.636	3.381	-1.011	2.841	2.641
4.445	-5.532	-1.537	-1.783	-0.3164	5.776	-1.208	-0.3652	-0.7743	-4.909	-3.68	-1.462	1.511	-2.233	3.529	-3.158	-2.848	-5.943	-2.286	3.776	-1.099	-0.5368	3.043	-3.897	-0.6008	-0.4011	6.199	-3.938	32.95	-3.811	4.319	7.641	-0.08533	-3.3	6.236	5.482	0.6062	0.5575	4.268	5.063	-0.06458	-0.7398	-0.4728	5.431	0.1495	-0.01482	-3.515	0.8471	3.602	7.362	-0.3889	0.4405	-0.6223	-1.813	4.449	-2.628	0.9784	1.456	3.718	1.678	2.413	-0.8232	0.07002	1.908	4.968	-1.558	1.429	-6.555	-0.344	-6.964	2.188	0.7532	3.126	3.338	-2.977	0.07621	-1.214	0.2409	4.23	-1.494	0.4722	3.692	2.315	2.368	-0.5401	0.2488	-0.4509	-1.926	2.276	-0.1012	0.8374	1.351	2.61	1.701	4.95	1.313	3.998	3.799	-3.785	0.8291
-4.704	-2.37	-3.775	5.333	0.3734	1.045	-2.539	-0.3669	-0.2157	0.1029	0.5841	2.739	-1.411	-3.782	-3.925	4.339	-1.456	-0.6712	0.7072	-1.124	-0.3512	-1.718	0.4842	0.02746	4.216	-3.136	-2.651	-2.934	-3.811	28.1	-2.582	0.8977	4.005	1.427	-1.804	-0.857	3.687	6.92	-5.092	0.8052	2.262	-1.128	-4.066	-2.97	-6.503	-0.4054	0.05192	-1.082	3.62	-4.699	0.5073	4.872	0.5628	-1.715	-2.266	-2.938	-2.253	0.9999	0.03711	-0.08943	-1.167	5.697	0.5684	-0.7305	0.6531	-4.595	-4.091	-1.5	0.4079	1.36	-0.6554	-1.615	0.1636	2.355	4.456	-2.558	0.1136	-0.7465	-1.871	3.084	4.129	-1.404	2.839	-2.746	3.09	-2.999	2.469	-7.463	3.2	0.9582	0.2242	1.731	2.346	-1.523	-2.233	2.196	2.196	3.57	-2.464	4.148
1.068	4.842	-3.048	-1.2	-4.717	-2.2	-2.557	-2.569	1.951	-2.128	2.07	0.3749	-1.65	-3.194	2.667	-0.8892	-2.772	0.272	3.683	-2.111	2.795	-2.172	-0.7873	1.941	-0.4767	0.3636	-1.403	1.61	4.319	-2.582	30.89	8.791	-1.953	-2.099	-1.581	-4.318	2.511	-3.474	7.561	0.2377	-4.516	2.576	2.27	-2.578	-1.972	-1.869	-1.13	-3.216	4.021	2.201	1.089	0.7473	-1.821	1.875	-3.255	-0.6915	-2.525	5.149	-2.54	7.288	2.442	-0.6084	3.707	-2.005	-3.481	2.479	3.417	-2.575	-6.65	-2.046	-0.3301	5.55	-0.7188	6.438	-3.014	-0.3022	5.603	-1.032	3.24	-5.9	2.437	-2.267	1.499	1.335	-0.4943	3.313	0.2624	0.3789	-1.208	-0.2041	1.028	-1.186	-0.3537	-2.732	3.14	4.989	1.999	-1.199	4.661	-1.749
-4.839	-0.2916	-1.991	-6.871	3.487	4.03	4.91	-1.25	2.129	-2.43	-0.764	-2.514	-4.321	-4.665	1.872	-1.739	0.09749	5.49	0.08207	-4.072	0.05183	0.883	4.099	4.333	-2.807	4.531	0.5446	4.234	7.641	0.8977	8.791	42.56	-5.607	1.455	-0.5588	3.523	3.579	-0.1772	3.618	-1.62	-1.31	-7.203	-2.385	2.737	4.794	-3.466	-5.908	0.1225	6.815	-1.363	4.287	3.089	2.226	2.631	-1.778	0.9475	-4.664	-1.545	0.1828	6.245	-2.866	6.032	3.214	0.1664	-1.026	-1.241	3.975	2.458	-5.354	-3.551	-0.1992	-1.298	-0.4762	0.1515	-4.534	1.569	-2.444	-1.274	-0.3283	3.488	4.739	-2.986	0.7499	-0.7615	-1.998	-1.39	-1.273	-3.144	-7.765	-2.22	1.362	-0.7182	-2.347	-4.828	0.1807	0.6032	7.961	2.29	-2.703	4.669
-0.7184	-0.9747	-2.366	3.74	1.254	-2.158	2.84	3.004	-2.526	-0.551	-1.738	-1.355	-3.082	-1.964	1.955	0.4194	2.316	-3.291	7.107	-7.007	0.9245	-1.227	-0.345	-1.957	-5.423	-0.09446	-0.9026	-0.5122	-0.08533	4.005	-1.953	-5.607	41.64	-3.37	-1.949	5.504	0.2773	-1.779	-4.623	-1.783	-4.731	-3.946	-0.9644	-0.4509	3.982	-4.247	-5.72	-3.53	3.554	-0.9084	5.263	2.266	1.344	1.974	0.4168	-1.554	4.397	-0.9402	-1.073	-1.098	-2.144	1.673	3.806	-1.886	-0.9808	-0.2018	-3.156	-1.809	0.6223	4.745	-5.505	-1.993	-0.9387	0.9138	-2.41	-1.1	4.536	1.131	4.109	0.449	0.538	3.018	-2.867	0.7854	9.302	0.9694	-1.822	-1.273	3.374	8.218	0.7953	0.04501	4.771	7.868	0.11	5.116	-7.107	-4.823	-2.98	-7.477
0.8252	-1.189	0.6212	-1.602	-3.246	-1.36	1.723	-1.645	-1.855	1.276	-2.411	-0.2939	-0.1736	-0.66	-7.458	2.178	0.8526	2.922	2.959	2.446	-3.233	2.074	2.753	-1.467	-0.249	-1.216	-1.839	2.645	-3.3	1.427	-2.099	1.455	-3.37	30.37	-0.8779	1.654	-5.531	-0.5399	-1.729	-2.154	5.076	0.9557	1.006	-2.987	-4.135	-0.06085	-3.261	-0.2251	3.546	-5.533	-1.36	-2.029	-0.8566	-10.45	2.927	2.713	1.626	-3.839	-1.573	-1.739	2.644	9.897	-4.852	-1.725	-6.512	1.779	-0.4521	-3.955	1.562	2.988	1.005	3.705	1.661	-5.317	0.4031	0.5641	-0.013	-4.89	0.09744	4.304	3.587	-2.039	-5.022	3.552	1.271	2.054	-2.36	1.308	-0.7053	-2.09	-1.227	1.512	-0.298	-2.119	-0.9491	-3.633	-1.359	0.7478	1.15	7.148
7.516	-3.029	1.137	-0.7366	-6.868	0.9595	1.26	2.68	-1.181	-4.43	0.9698	0.9904	-0.941	5.17	5.48	3.425	-0.3833	-1.787	2.14	-6.402	-1.601	0.178	-1.534	-2.431	2.047	0.784	-0.4119	-6.107	6.236	-1.804	-1.581	-0.5588	-1.949	-0.8779	27.69	0.9846	-0.3014	2.452	-0.8234	1.012	-0.3608	-0.8153	1.105	2.721	-0.5606	6.159	0.3421	2.13	0.7715	3.822	5.258	0.1521	2.864	-6.475	0.926	-3.44	-1.558	1.076	-4.292	0.2463	1.48	4.602	-3.331	5.217	-3.3	1.994	1.925	3.044	-0.7795	3.513	4.878	-2.468	3.858	-1.114	4.925	-1.736	-2.238	1.409	-1.677	0.2004	1.697	-1.987	-2.583	5.339	-1.677	-6.067	2.16	-0.6464	0.9145	2.595	2.06	-1.304	-1.047	-3.201	1.9	-2.758	-1.888	1.863	-5.024	0.4955
0.9796	-0.7601	1.737	-2.914	-1.399	-3.532	0.09665	5.282	-0.3662	-1.26	3.481	-0.9211	5.248	-0.01914	-0.5193	-0.4279	-4.863	-0.5051	0.3819	-0.6647	-1.668	-4.689	-4.543	1.201	-3.018	1.328	-0.8028	-4.706	5.482	-0.857	-4.318	3.523	5.504	1.654	0.9846	39.34	1.095	2.38	-1.633	1.881	5.552	-3.883	0.03997	-0.263	2.817	0.08069	-3.262	2.94	0.5531	0.2615	-0.6067	-3.897	-1.301	-3.91	-5.246	-4.952	1.139	-1.738	2.888	-5.468	3.465	0.2011	-2.393	0.9874	-1.968	-0.8957	-6.791	-4.037	4.337	2.55	-5.142	-0.8057	-0.9214	3.75	-0.1508	6.282	-6.369	2.962	2.296	-0.3625	-0.2398	-3.549	3.097	0.7443	-4.81	-5.749	-7.401	2.459	-2.429	0.6735	-3.542	3.358	-0.2825	0.7002	-0.6605	-5.146	-2.575	-5.184	-1.371	1.725
2.396	-2.615	-2.612	2.536	2.631	-0.7436	-0.3944	0.3315	-0.5085	-0.3629	4.992	-3.298	-2.903	-0.6467	4.925	0.4084	-1.896	2.759	0.2035	-0.06631	2.698	-3.091	-0.4194	3.491	1.635	6.504	-0.852	3.861	0.6062	3.687	2.511	3.579	0.2773	-5.531	-0.3014	1.095	33.87	2.501	0.4503	1.596	2.603	-2.715	1.06	-2.66	-1.002	-2.857	-0.453	-2.521	7.208	0.1548	-0.3531	2.916	4.216	-2.013	2.542	-0.7207	-2.588	2.944	-1.381	1.704	-0.02539	-1.172	-4.102	-2.335	-1.77	4.904	1.376	-0.2317	-7.117	0.4349	0.2172	1.069	-2.225	8.585	-2.844	-6.017	-6.091	3.855	2.793	2.975	0.04023	2.509	5.203	-1.938	4.832	-0.76	4.821	1.381	-3.308	3.426	1.123	-3.394	3.128	-4.298	-4.712	-4.617	2.432	0.3494	1.946	-2.217
-6.539	-3.652	-2.619	3.851	5.524	-1.119	-2.926	-0.418	-0.4561	1.13	4.061	2.424	2.009	-0.7171	0.5659	-2.153	-2.798	1.914	-0.05583	-0.6859	-4.388	-1.241	1.743	0.1067	3.457	1.92	-7.054	3.932	0.5575	6.92	-3.474	-0.1772	-1.779	-0.5399	2.452	2.38	2.501	30.74	-1.305	-3.465	0.8795	-1.679	-1.804	-3.047	-3.853	-3.109	-0.2614	-0.8354	2.004	-3.872	-0.8649	6.816	-2.134	-0.2222	1.719	0.2109	-1.893	-1.397	3.795	0.3152	1.708	1.868	0.837	4.353	2.208	3.273	-7.588	0.2939	9.231	-0.8859	2.976	-3.465	10.66	-0.4647	3.772	1.179	1.044	4.821	-5.813	-2.274	-8.137	-3.523	0.9975	4.515	0.9872	-5.982	0.472	-3.37	0.2666	-1.255	2.629	-1.421	-0.8917	1.488	-4.279	-3.306	0.5697	-2.33	-5.447	0.2342
0.02348	-2.049	0.968	0.8449	-1.559	0.3662	1.294	1.507	-1.016	0.2485	-3.751	2.42	1.626	-3.912	2.805	5.426	-1.313	-1.268	0.4917	6.007	-3.753	-0.3848	0.3597	3.016	1.643	5.542	-0.9461	-0.4135	4.268	-5.092	7.561	3.618	-4.623	-1.729	-0.8234	-1.633	0.4503	-1.305	33.12	3.066	1.927	-1.16	-1.274	4.255	-1.844	-2.621	-6.026	-0.5641	-3.422	1.045	4.93	2.567	-1.469	7.215	-2.932	-0.4446	3.341	-0.3442	2.58	0.1662	0.9959	2.214	1.101	-0.6118	-1.891	2.603	-0.685	-2.478	-1.835	-0.8517	0.1618	4.359	0.7107	-3.476	-5.473	2.31	-1.962	-1.66	-1.968	-6.615	-1.787	-1.844	2.784	-1.146	-2.235	-3.013	2.748	-0.6818	-2.64	4.536	-2.493	4.301	-2.165	-0.2129	-0.3733	2.801	5.73	2.889	4.01	-7.432
-2.456	-0.8311	0.4529	-0.004176	-3.596	2.337	-0.05884	-1.12	-3.403	-5.178	0.1962	-1.74	-1.59	4.93	1.572	-0.9348	0.3243	-0.1171	-0.848	-2.776	3.639	-3.027	2.98	-0.6159	-0.6958	1.558	-0.23	-0.538	5.063	0.8052	0.2377	-1.62	-1.783	-2.154	1.012	1.881	1.596	-3.465	3.066	31.95	-2.901	4.361	-1.61	-3.586	-3.568	1.503	1.368	1.593	2.684	1.129	-2.044	2.77	5.948	-2.993	-5.336	-5.062	3.118	4.586	5.136	-3.723	-0.7205	-0.5915	3.384	-0.0239	3.022	-2.288	1.568	0.4381	-2.512	0.4293	-3.227	0.05681	1.653	4.451	2.41	-0.9196	-1.276	-3.982	0.8362	-0.6381	0.119	-2.36	6.766	-4.069	1.752	1.121	-0.04732	0.0825	6.246	1.027	-2.328	2.214	1.391	2.366	1.398	-3.562	5.116	2.098	-2.168	-0.6899
-0.8429	-1.682	0.1559	2.232	0.9066	-1.463	2.644	-1.088	0.94	2.271	2.308	5.37	5.521	-8.162	1.279	0.1506	3.307	-0.6484	-1.515	7.048	0.8951	0.4583	-7.12	-1.879	1.187	0.6668	-4.842	-1.075	-0.06458	2.262	-4.516	-1.31	-4.731	5.076	-0.3608	5.552	2.603	0.8795	1.927	-2.901	29.95	4.519	1.979	-0.4832	1.183	-1.143	-4.993	1.566	1.79	-1.26	-0.94	-0.9183	-4.661	-1.254	4.321	-1.212	-1.62	0.1217	1.149	0.8718	1.29	1.77	-5.638	-2.132	-7.545	4.39	2.292	-3.711	-0.2457	-0.04806	4.511	0.6634	2.516	-2.845	0.7702	-0.7932	-4.437	-1.671	-1.827	0.5447	0.5412	-0.3526	3.805	-1.663	-3.673	-5.406	-0.1231	-4.802	2.695	-3.144	0.7812	2.301	-3.793	5.168	-4.053	-2.846	-0.751	4.007	0.4701	4.402
-0.5421	-4.157	3.424	-2.779	-0.9902	-1.937	0.8884	6.325	3.425	1.885	0.7759	3.834	-0.3585	1.094	-2.931	-3.206	2.719	-3.22	-1.831	1.114	1.146	-3.454	-1.948	-1.678	1.666	0.3176	2.656	-2.976	-0.7398	-1.128	2.576	-7.203	-3.946	0.9557	-0.8153	-3.883	-2.715	-1.679	-1.16	4.361	4.519	42.43	-2.38	2.003	1.532	-2.009	0.2919	2.7	2.119	0.3339	0.7229	1.379	-6.119	-5.571	1.716	-0.4064	0.08291	-0.4102	6.859	3.687	-1.566	-1.933	-2.727	-1.483	-2.337	-3.711	-1.806	4.459	0.3936	-1.27	-0.1063	-3.081	5.399	-1.183	-0.7197	-4.542	4.388	-2.86	-0.4589	-5.171	2.977	6.999	3.864	1.989	-4.511	-1.678	-6.704	3.263	0.2749	-1.728	3.024	1.114	-0.5477	-1.262	-5.704	-3.983	-4.362	2.337	-2.624	1.17
1.251	0.4501	1.491	0.1539	4.871	-1.359	-2.539	-4.731	2.574	-5.882	0.7345	7.058	2.593	0.1863	0.04202	-0.2003	3.27	-4.493	-1.736	-3.903	-1.151	0.3447	-1.255	-4.5	0.6223	-3.482	0.6312	3.53	-0.4728	-4.066	2.27	-2.385	-0.9644	1.006	1.105	0.03997	1.06	-1.804	-1.274	-1.61	1.979	-2.38	31.85	-0.4936	-2.846	-3.219	-0.5683	-2.807	2.356	-5.213	2.42	3.591	-2.925	0.2649	1.784	-3.347	-2.284	1.722	0.1251	-0.5748	0.6439	-6.34	-0.3856	-1.75	-0.8416	1.517	0.4402	-4.765	-0.304	1.997	-2.791	1.919	5.436	4.401	-3.631	0.05214	4.226	1.623	-2.052	-0.574	0.8379	-7.537	-3.205	-2.182	-1.61	1.183	0.5986	-2.475	-1.513	3.755	-0.5271	-0.1461	5.437	-3.692	-2.633	0.02366	3.42	0.2667	4.965	5.229
4.569	-0.3558	-0.08688	-3.037	1.724	0.4864	-4.503	4.519	3.398	1.721	-1.074	3.422	0.1033	-1.137	0.8122	-1.088	-5.539	2.498	-0.6945	-1.261	-1.023	-0.3983	-1.917	0.2416	0.2535	3.47	-3.592	-6.051	5.431	-2.97	-2.578	2.737	-0.4509	-2.987	2.721	-0.263	-2.66	-3.047	4.255	-3.586	-0.4832	2.003	-0.4936	37.22	2.966	-1.866	-1.606	0.3265	-1.729	2.118	0.8267	-1.362	2.392	5.561	0.4474	3.028	6.572	2.032	0.1298	-1.099	-2.257	0.7143	4.067	-0.8944	2.494	0.8895	-5.479	-0.8326	-1.31	2.495	6.622	-5.483	0.3353	-1.853	4.069	1.181	3.164	1.85	1.664	-5.436	-1.909	-1.054	0.5006	5.317	-3.026	-5.211	1.613	-5.719	-4.526	-3.749	-1.928	0.4066	-1.75	-5.869	1.588	2.775	-1.27	-1.31	1.742	3.97
-1.281	0.03352	-0.6193	-1.475	-0.9995	3.087	2.288	0.8284	0.9502	6.123	1.306	2.385	-1.04	-1.226	4.642	-0.7955	1.77	2.728	-2.914	0.1038	-1.72	-1.405	-4.298	-1.321	-3.919	0.6111	4.714	1.945	0.1495	-6.503	-1.972	4.794	3.982	-4.135	-0.5606	2.817	-1.002	-3.853	-1.844	-3.568	1.183	1.532	-2.846	2.966	39.74	1.788	-6.246	0.5662	2.63	4.678	0.7197	-2.585	4.495	-1.58	-3.717	0.9626	-2.459	-2.649	-0.9382	3.07	-3.752	-3.997	2.194	-1.668	1.085	1.396	-0.3682	0.7431	-1.558	2.588	0.3691	3.016	-0.1963	-4.914	-0.3942	-4.288	-3.155	5.74	-9.93	0.3627	-2.756	5.314	0.9202	-1.552	-2.787	0.3134	-2.346	1.037	0.214	3.095	3.543	-4.011	-1.342	1.539	-6.326	-2.417	3.427	2.006	-1.388	-3.17
-0.5796	2.421	2.822	-1.483	-8.747	0.1039	2.352	-5.255	1.853	0.7933	1.686	0.2002	-0.6531	-0.5263	-0.3491	-4.394	-0.2487	4.295	-0.7998	3.152	5.85	-1.298	-1.015	-2.777	-9.824	-2.657	5.427	1.484	-0.01482	-0.4054	-1.869	-3.466	-4.247	-0.06085	6.159	0.08069	-2.857	-3.109	-2.621	1.503	-1.143	-2.009	-3.219	-1.866	1.788	37.45	0.3492	4.786	2.14	0.7417	1.231	-4.111	2.125	-2.11	4.056	-1.763	-2.86	2.75	0.2379	-2.229	2.826	8.478	-3.053	-2.051	3.657	-1.217	0.835	2.569	6.647	4.479	2.386	1.642	-0.02299	1.129	-1.352	-4.065	1.156	-1.074	-3.895	-2.848	-3.454	-0.07623	-0.8337	1.109	-7.111	3.006	-2.859	1.16	2.798	3.257	-0.9333	1.976	-2.978	2.961	1.772	-1.993	-2.174	3.83	-5.005	-4.173
-0.4298	-0.7039	1.705	0.9361	-3.776	-3.901	-8.187	1.407	-0.3146	-1.229	-1.871	1.267	3.015	1.719	0.4472	-0.9068	-1.941	4.446	-1.154	-1.452	-3.372	1.026	-0.007521	-3.558	-0.3978	3.795	3.39	5.726	-3.515	0.05192	-1.13	-5.908	-5.72	-3.261	0.3421	-3.262	-0.453	-0.2614	-6.026	1.368	-4.993	0.2919	-0.5683	-1.606	-6.246	0.3492	38.75	-4.562	-3.279	1.534	6.571	-3.196	-2.947	-1.733	-0.4653	-4.834	-3.996	1.738	3.505	0.5778	-2.946	-0.01421	0.2457	-0.8236	4.475	-3.71	-4.51	4.45	-4.467	4.29	1.366	0.9335	-7.705	3.55	2.939	-3.313	2.04	2.012	4.255	3.365	-3.957	0.7124	-3.862	-0.814	-2.711	1.782	7.44	1.688	1.713	4.731	3.152	2.453	3.25	-3.133	5.453	-0.2978	-3.142	-4.86	3.502	-1.287
5.496	4.682	3.898	3.353	1.455	3.566	3.257	-0.1277	-0.385	-5.437	0.6994	-0.4824	-2.418	-1.23	-4.669	-0.6723	-1.136	1.463	2.36	1.606	-2.187	2.025	-2.591	5.865	1.316	-1.338	2.356	-5.303	0.8471	-1.082	-3.216	0.1225	-3.53	-0.2251	2.13	2.94	-2.521	-0.8354	-0.5641	1.593	1.566	2.7	-2.807	0.3265	0.5662	4.786	-4.562	31.46	-0.09215	1.997	-7.074	0.9451	-2.154	-1.957	3.509	-0.6264	-0.9159	-1.671	-2.378	0.7825	-2.579	0.8907	2.381	-0.7004	4.4	-3.485	-6.035	-0.4876	0.6657	-1.106	-1.616	-8.308	1.849	-6.653	1.124	-3.074	2.849	-1.149	-2.234	-3.238	-4.467	-1.238	6.612	-3.513	-1.926	0.4029	0.7088	1.543	-4.605	-1.799	2.54	-2.381	-2.489	4.512	1.031	-4.307	4.978	0.6054	-2.17	0.4377
-0.8773	-3.418	1.308	-2.857	3.074	-2.656	0.6019	-7.994	2.577	0.2161	0.4264	0.4064	-4.314	-2.956	-4.217	0.6647	2.991	-0.4751	2.581	-7.149	-0.3016	2.13	-0.965	-2.707	-0.5403	-4.567	3.949	3.145	3.602	3.62	4.021	6.815	3.554	3.546	0.7715	0.5531	7.208	2.004	-3.422	2.684	1.79	2.119	2.356	-1.729	2.63	2.14	-3.279	-0.09215	33.44	-3.142	-1.694	7.062	-1.55	-3.78	0.737	0.1441	-2.762	2.735	-3.721	1.187	-0.1783	4.698	-0.8768	-0.9026	4.195	-3.307	-3.155	-1.911	2.169	-0.4667	3.545	-0.7604	-5.13	3.44	-1.078	-2.465	-3.18	2.985	-0.2382	-3.112	2.137	1.26	1.535	4.497	3.256	3.86	-5.669	-3.902	-3.792	-0.5503	0.5923	-1.123	1.64	6.534	-0.05667	-0.08933	0.4053	-2.961	-1.77	-0.201
2.098	-1.786	-4.75	1.422	-1.6	0.2731	2.571	2.545	-0.4853	-1.874	-2.302	0.1092	-3.844	-1.902	4	-3.907	-1.477	0.1209	1.358	6.095	-2.516	-1.927	5.636	-1.207	-3.174	0.09051	-0.5291	3.247	7.362	-4.699	2.201	-1.363	-0.9084	-5.533	3.822	0.2615	0.1548	-3.872	1.045	1.129	-1.26	0.3339	-5.213	2.118	4.678	0.7417	1.534	1.997	-3.142	33.3	4.794	2.554	-4.359	-0.1679	2.183	1.794	4.095	2.452	-1.583	2.143	-2.919	-0.5518	1.957	3.546	5.187	-2.409	3.44	3.048	-1.931	0.1172	2.573	-1.772	-0.6591	-1.852	2.025	1.597	-0.252	-1.861	3.256	-0.3828	0.9829	3.476	-2.417	-1.089	-1.009	-3.958	-3.291	-0.585	0.433	-5.129	1.005	1.693	-0.9729	-4.693	-0.6037	1.74	-3.118	-1.205	1.069	2.816
-2.21	-1.996	2.691	-0.2667	0.4453	-3.771	4.518	2.84	-0.2077	-2.756	0.1505	2.464	-2.083	-2.284	1.374	-0.6339	0.8728	-5.43	2.129	3.048	-2.224	-3.842	0.1375	-0.884	-3.401	2.09	7.432	-0.9025	-0.3889	0.5073	1.089	4.287	5.263	-1.36	5.258	-0.6067	-0.3531	-0.8649	4.93	-2.044	-0.94	0.7229	2.42	0.8267	0.7197	1.231	6.571	-7.074	-1.694	4.794	34.89	1.01	-0.3434	3.094	-2.688	2.993	-1.373	3.789	1.909	-4.306	-3.008	2.006	-1.859	5.497	-3.855	-1.31	-0.2777	-0.1418	4.377	2.914	2.207	2.508	-0.8578	-1.401	5.377	0.7024	-1.052	5.012	7.517	4.958	1.757	-3.076	1.417	-3.925	2.661	0.1031	2.187	-4.031	-1.677	1.902	-3.443	3.446	3.383	-1.518	-1.385	2.121	0.07664	0.1643	-1.878	-0.3946
-2.437	-2.057	4.335	2.846	3.309	3.221	-1.369	8.191	-0.1481	-3.281	5.396	5.014	-4.175	-5.306	6.001	-1.13	2.122	-1.848	-1.41	-4.319	0.07813	0.5864	2.787	-0.8534	-2.244	-3.708	4.253	0.1791	0.4405	4.872	0.7473	3.089	2.266	-2.029	0.1521	-3.897	2.916	6.816	2.567	2.77	-0.9183	1.379	3.591	-1.362	-2.585	-4.111	-3.196	0.9451	7.062	2.554	1.01	34.79	2.461	2.377	0.435	0.4632	-2.607	-1.756	2.706	0.6185	-3.064	-3.161	4.175	1.417	-1.001	3.119	-2.766	2.469	4.49	-5.739	0.3785	-2.449	-0.1384	-4.303	0.2022	3.349	-2.483	-4.834	2.795	-3.509	-0.8705	-2.523	1.167	-1.855	-2.236	-1.367	5.716	5.891	-1.31	2.045	2.018	0.6462	1.199	3.729	-0.413	-4.218	-4.319	-1.54	-7.283	-1.76
-5.147	5.249	1.624	2.833	-4.353	1.906	-0.4471	0.4805	-4.492	2.931	0.4445	-2.236	0.2907	2.604	3.833	-2.912	-5.334	-1.5	-6.832	-1.702	-5.005	-4.505	0.1035	-0.4846	5.56	4.263	1.165	-3.388	-0.6223	0.5628	-1.821	2.226	1.344	-0.8566	2.864	-1.301	4.216	-2.134	-1.469	5.948	-4.661	-6.119	-2.925	2.392	4.495	2.125	-2.947	-2.154	-1.55	-4.359	-0.3434	2.461	37.84	-3.454	-9.054	-1.994	3.999	-3.902	-3.129	-4.795	2.815	-2.606	-1.502	-1.247	-4.222	0.2029	3.724	5.579	1.647	3.565	-1.697	0.3141	0.9204	-2.956	-0.9187	-5.864	2.256	-0.2002	-3.249	3.725	5.189	-0.02279	3.252	-0.9124	5.216	2.867	1.61	-2.186	-2.086	-1.292	0.9727	-5.167	-3.184	0.9521	-5.365	-2.952	-1.309	2.767	-6.06	-5.849
-3.007	7.581	-1.614	-4.158	9.102	-6.478	1.484	-5.804	7.302	1.883	-0.1674	1.694	-1.474	-1.994	-0.06862	-0.767	-0.5116	5.329	2.905	2.03	-0.4221	-1.135	2.274	-2.979	-4.687	1.278	1.116	1.893	-1.813	-1.715	1.875	2.631	1.974	-10.45	-6.475	-3.91	-2.013	-0.2222	7.215	-2.993	-1.254	-5.571	0.2649	5.561	-1.58	-2.11	-1.733	-1.957	-3.78	-0.1679	3.094	2.377	-3.454	37.29	-1.119	-3.456	4.139	-0.728	-2.374	-1.877	-3.339	-2.439	2.455	-4.186	5.059	2.275	0.1463	4.743	4.126	-3.983	4.559	0.07817	1.181	1.069	1.148	6.595	3.437	-2.339	0.906	-3.679	-3.127	-1.187	2.424	-0.8618	0.3547	0.8408	2.4	-6.283	1.874	1.582	-1.941	-2.894	-2.107	5.605	-2.622	5.689	-0.3659	-2.956	3.653	-4.087
3.994	-1.056	-2.648	4.756	1.396	3.481	-1.881	3.255	1.301	3.901	-1.268	-2.89	-1.92	-0.3393	-0.9705	-3.718	4.346	-2.703	-1.363	0.3124	-0.7334	1.636	-5.587	-8.02	-1.449	1.08	2.897	2.716	4.449	-2.266	-3.255	-1.778	0.4168	2.927	0.926	-5.246	2.542	1.719	-2.932	-5.336	4.321	1.716	1.784	0.4474	-3.717	4.056	-0.4653	3.509	0.737	2.183	-2.688	0.435	-9.054	-1.119	35.76	-3.673	-0.4409	3.614	-1.416	-5.374	-5.156	1.092	-1.546	2.367	3.774	2.818	-0.9524	-0.3011	2.87	0.107	3.571	-0.9623	0.399	3.929	-2.305	6.051	1.95	-2.695	-2.211	0.5825	0.5095	-0.5027	-2.089	-2.093	-5.667	3.489	1.62	-0.5311	-2.54	3.117	4.381	-5.672	-0.9103	0.1332	0.6211	-2.301	-0.4279	3.289	3.572	5.977
1.003	0.3549	-2.413	0.4705	0.1067	1.251	-4.33	2.281	-2.26	-4.164	5.888	-4.477	-0.9469	-0.2523	5.942	0.663	1.529	-1.962	0.2345	6.358	1.648	1.748	3.36	3.775	1.627	-4.779	-4.333	-8.766	-2.628	-2.938	-0.6915	0.9475	-1.554	2.713	-3.44	-4.952	-0.7207	0.2109	-0.4446	-5.062	-1.212	-0.4064	-3.347	3.028	0.9626	-1.763	-4.834	-0.6264	0.1441	1.794	2.993	0.4632	-1.994	-3.456	-3.673	38.92	3.317	-3.557	-1.334	1.398	-4.174	-0.2263	3.984	2.044	0.2822	5.778	4.649	-0.5983	4.291	-2.464	0.1494	-1.152	0.6009	-4.881	0.6664	-1.094	-0.7209	4.211	2.266	-0.27	-0.1433	1.913	0.09873	1.072	-0.1495	-4.096	-7.798	-0.2786	-5.048	-3.125	-5.104	1.899	0.2066	2.148	-0.1157	-0.1943	-4.211	-2.878	-3.427	-4.679
-6.013	-2.429	-2.871	4.525	4.252	-4.334	-1.197	3.359	1.868	-1.075	4.28	-6.266	-3.278	-2.325	0.2639	2.289	-0.2669	-2.616	5.415	4.313	0.05724	2.539	1.303	-0.477	-4.022	-3.626	-2.295	-2.773	0.9784	-2.253	-2.525	-4.664	4.397	1.626	-1.558	1.139	-2.588	-1.893	3.341	3.118	-1.62	0.08291	-2.284	6.572	-2.459	-2.86	-3.996	-0.9159	-2.762	4.095	-1.373	-2.607	3.999	4.139	-0.4409	3.317	34.41	-3.89	-3.643	-4.412	0.3338	-0.3618	1.479	4.245	-0.2343	1.985	-4.449	1.086	-1.856	3.488	3.245	-1.497	1.36	-0.9973	-2.482	1.256	1.999	-1.367	3.419	0.2788	3.345	-1.471	3.641	3.357	2.184	2.069	0.7096	-2.263	-2.376	-1.865	-7.947	2.242	0.5181	-0.664	-1.078	-5.965	-0.4412	-0.2482	1.067	-0.4244
3.287	2.18	-0.5077	3.844	-6.299	-0.6653	-3.638	-3.187	0.05411	-3.397	-3.657	-5.673	-2.883	2.157	1.868	2.785	-1.296	-5.29	-1.527	0.764	-0.2166	-0.2245	-5.746	-0.2855	2.221	-1.323	-1.173	0.8393	1.456	0.9999	5.149	-1.545	-0.9402	-3.839	1.076	-1.738	2.944	-1.397	-0.3442	4.586	0.1217	-0.4102	1.722	2.032	-2.649	2.75	1.738	-1.671	2.735	2.452	3.789	-1.756	-3.902	-0.728	3.614	-3.557	-3.89	31.16	3.044	-2.706	-2.51	0.6959	-1.848	1.846	1.69	-6.432	-2.126	-4.665	-3.779	4.539	2.013	-1.879	-2.247	3.747	-2.885	-0.9489	-1.36	-0.6755	-0.8062	1.797	0.8169	-4.043	3.215	-1.807	-4.856	-1.302	-1.532	-6.696	4.168	-2.509	-2.395	4.729	0.8182	2.676	3.085	4.136	2.241	0.7236	-2.294	4.15
-3.609	-1.957	-1.299	0.8003	5.412	1.688	-0.9035	3.224	-0.9976	-2.492	-2.937	-0.7938	-0.1301	-3.77	2.58	1.008	0.8188	-1.395	-5.23	-1.934	2.764	-3.582	-0.2531	3.368	0.008054	1.835	-1.046	6.588	3.718	0.03711	-2.54	0.1828	-1.073	-1.573	-4.292	2.888	-1.381	3.795	2.58	5.136	1.149	6.859	0.1251	0.1298	-0.9382	0.2379	3.505	-2.378	-3.721	-1.583	1.909	2.706	-3.129	-2.374	-1.416	-1.334	-3.643	3.044	34.42	-1.628	0.2406	0.4798	-0.6352	-2.676	7.785	-3.36	-4.057	-2.181	4.946	-1.177	-1.841	2	3.011	-2.931	3.768	1.893	1.028	1.332	0.242	-2.254	-2.162	-2.115	3.646	-0.2943	4.022	-1.302	5.38	5.243	3.182	0.7688	-4.203	0.4863	3.526	-0.9206	-0.3005	-1.635	-0.09521	0.6957	0.6788	-2.067
2.989	2.808	-1.855	2.861	3.33	0.1114	1.694	-3.255	-3.531	1.737	1.141	3.411	0.3224	3.913	1.092	-3.982	0.7961	6.21	2.981	-1.82	-0.1061	0.09838	-3.217	4.682	0.5683	3.502	-1.649	3.068	1.678	-0.08943	7.288	6.245	-1.098	-1.739	0.2463	-5.468	1.704	0.3152	0.1662	-3.723	0.8718	3.687	-0.5748	-1.099	3.07	-2.229	0.5778	0.7825	1.187	2.143	-4.306	0.6185	-4.795	-1.877	-5.374	1.398	-4.412	-2.706	-1.628	36.1	-2.812	-4.248	3.218	-4.021	-3.385	3.897	1.518	1.256	-2.236	5.044	0.6027	-1.45	1.303	2.009	2.133	-2.67	2.744	-1.505	0.773	-1.387	2.432	9.521	-1.493	1.528	-2.396	0.2544	-1.183	1.129	-1.588	1.664	2.793	5.38	-0.2873	0.01972	0.8672	0.8803	-3.758	3.782	0.1817	-2.93
5.905	3.024	-0.09106	-2.549	-2.966	-0.5173	-1.086	-2.704	-3.284	1.48	5.033	-0.8881	-4.341	-4.673	-2.326	5.365	-0.6992	-3.484	3.574	0.603	-0.1774	1.672	-2.696	-0.001333	-0.9801	5.924	0.58	-1.068	2.413	-1.167	2.442	-2.866	-2.144	2.644	1.48	3.465	-0.02539	1.708	0.9959	-0.7205	1.29	-1.566	0.6439	-2.257	-3.752	2.826	-2.946	-2.579	-0.1783	-2.919	-3.008	-3.064	2.815	-3.339	-5.156	-4.174	0.3338	-2.51	0.2406	-2.812	34.89	-0.4867	-2.252	1.488	-3.682	-0.9557	-2.051	1.525	1.435	3.019	-1.05	2.926	2.291	-3.237	0.7966	-2.745	-1.104	-1.219	1.62	3.374	-5.374	-3.73	1.456	1.599	-3.286	-0.5888	2.765	2.268	1.646	-3.116	0.7531	2.005	8.342	-1.93	-0.5829	1.153	-3.535	0.5012	0.419	2.142
-5.004	-1.002	-2.348	-0.3716	-4.225	-2.815	-2.977	-2.739	-0.6715	-0.6906	-2.76	4.055	-3.499	1.669	-1.275	-2.682	1.251	5.864	2.04	-0.2798	2.472	1.279	2.197	2.12	-1.735	-1.365	3.103	-0.9411	-0.8232	5.697	-0.6084	6.032	1.673	9.897	4.602	0.2011	-1.172	1.868	2.214	-0.5915	1.77	-1.933	-6.34	0.7143	-3.997	8.478	-0.01421	0.8907	4.698	-0.5518	2.006	-3.161	-2.606	-2.439	1.092	-0.2263	-0.3618	0.6959	0.4798	-4.248	-0.4867	38.32	-0.5778	-3.694	4.74	-0.806	-3.38	2.959	-1.354	1.602	6.675	0.7809	1.771	-5.556	1.543	-2.584	-0.1431	-3.751	-0.1231	1.325	0.702	-2.264	-2.122	1.01	5.491	-3.588	1.992	-6.662	1.994	0.7154	-0.2184	3.355	-3.692	-1.26	4.043	7.568	-3.953	3.238	2.305	3.99
-2.372	-1.188	-1.97	2.166	-3.873	4.964	1.808	1.913	-0.1049	1.136	3.404	-4.893	0.7026	-0.7159	-1.18	-3.074	0.7582	0.2723	3.168	-1.364	-2.096	2.574	1.11	-3.728	3.528	-6.473	-4.329	1.897	0.07002	0.5684	3.707	3.214	3.806	-4.852	-3.331	-2.393	-4.102	0.837	1.101	3.384	-5.638	-2.727	-0.3856	4.067	2.194	-3.053	0.2457	2.381	-0.8768	1.957	-1.859	4.175	-1.502	2.455	-1.546	3.984	1.479	-1.848	-0.6352	3.218	-2.252	-0.5778	40.36	-2.354	7.31	-1.163	-0.357	4.158	-6.334	1.964	2.684	-0.06134	1.004	4.381	-0.2075	-1.939	4.226	-3.016	-1.794	-0.5667	1.348	-0.7757	4.374	-0.24	-2.198	-1.464	-3.796	1.15	-0.5556	2.328	2.408	0.1597	0.2171	0.8545	6.06	-2.669	2.211	0.9696	2.758	-0.05802
-5.911	1.56	5.081	-6.057	-2.136	-3.36	4.216	0.3341	1.337	-4.22	4.134	-2.172	-3.997	0.8608	-1.591	2.874	1.875	-1.248	1.266	2.713	-2.59	0.4389	-3.957	0.6251	-3.501	0.2736	2.391	1.012	1.908	-0.7305	-2.005	0.1664	-1.886	-1.725	5.217	0.9874	-2.335	4.353	-0.6118	-0.0239	-2.132	-1.483	-1.75	-0.8944	-1.668	-2.051	-0.8236	-0.7004	-0.9026	3.546	5.497	1.417	-1.247	-4.186	2.367	2.044	4.245	1.846	-2.676	-4.021	1.488	-3.694	-2.354	36.07	4.259	-7.514	3.329	2.135	3.92	-2.752	0.8135	1.8	-2.931	1.5	2.234	5.721	-0.425	3.101	-6.506	2.806	2.107	-5.215	0.5869	3.526	-1.897	-2.675	3.486	1.936	1.811	1.825	-1.239	-1.091	-1.13	-3.852	6.629	0.2884	3.217	-1.511	-0.2705	5.944
-1.81	-0.8902	-0.6097	-2.859	2.387	-1.897	-6.713	-4.317	2.09	2.371	-1.906	-5.924	-7.51	-3.099	0.81	-1.629	2.436	-0.1676	2.863	-1.379	5.378	1.589	2.989	3.509	-0.4773	-0.5662	6.322	1.279	4.968	0.6531	-3.481	-1.026	-0.9808	-6.512	-3.3	-1.968	-1.77	2.208	-1.891	3.022	-7.545	-2.337	-0.8416	2.494	1.085	3.657	4.475	4.4	4.195	5.187	-3.855	-1.001	-4.222	5.059	3.774	0.2822	-0.2343	1.69	7.785	-3.385	-3.682	4.74	7.31	4.259	35.39	-4.785	-2.321	3.024	7.515	-0.7036	-1.399	1.568	0.1929	3.941	-1.818	-0.8144	-1.697	2.409	-5.588	-0.8583	-3.577	0.4869	-0.5406	-0.4834	-1.789	0.3178	-1.803	-3.999	6.233	-4.526	3.025	-3.061	-1.94	-1.413	2.096	8.068	1.646	3.273	4.827	-1.232
1.339	-2.226	0.1502	3.812	1.148	0.2456	0.07459	4.773	0.7188	-1.472	8.159	2.279	-4.119	1.518	4.112	4.021	-1.384	0.8551	3.894	4.065	-0.3904	-1.184	0.8038	-0.7399	-3.591	3.305	-1.952	-2.514	-1.558	-4.595	2.479	-1.241	-0.2018	1.779	1.994	-0.8957	4.904	3.273	2.603	-2.288	4.39	-3.711	1.517	0.8895	1.396	-1.217	-3.71	-3.485	-3.307	-2.409	-1.31	3.119	0.2029	2.275	2.818	5.778	1.985	-6.432	-3.36	3.897	-0.9557	-0.806	-1.163	-7.514	-4.785	34.23	-0.5353	-5.019	1.305	2.978	-0.863	5.996	0.6386	2.169	-1.833	-3.295	-5.158	2.306	1.196	1.049	-4.067	1.331	-0.9601	0.7985	4.149	-1.663	0.7936	0.5077	4.182	-0.7675	1.307	1.047	0.5123	2.836	0.3936	-4.303	-2.418	-2.034	2.505	-2.845
-0.7418	-1.443	-0.307	2.7	-2.244	-1.879	2.454	1.804	-3.769	3.249	-4.427	-6.281	9.066	6.264	0.2803	1.606	2.899	0.4551	-0.5997	1.302	4.532	-0.1583	0.4143	2.424	-3.81	-0.0243	0.1916	5.618	1.429	-4.091	3.417	3.975	-3.156	-0.4521	1.925	-6.791	1.376	-7.588	-0.685	1.568	2.292	-1.806	0.4402	-5.479	-0.3682	0.835	-4.51	-6.035	-3.155	3.44	-0.2777	-2.766	3.724	0.1463	-0.9524	4.649	-4.449	-2.126	-4.057	1.518	-2.051	-3.38	-0.357	3.329	-2.321	-0.5353	40.39	10.99	-2.566	-6.251	-1.073	1.737	6.132	-0.4365	-3.056	1.938	-4.244	1.755	-4.445	-1.67	5.976	2.891	-1.151	-3.929	-4.25	1.854	-1.116	10.02	3.22	-2.815	0.6371	-3.01	0.2234	-0.2041	1.964	-2.259	1.767	4.89	2.791	3.483
-3.347	1.946	-1.642	0.931	-3.791	-0.9698	-0.9431	5.388	-5.845	3.324	5.022	3.265	-1.603	-1.773	-0.2849	-2.039	1.148	5.323	-0.4932	-3.311	1.077	4.157	-0.6022	3.026	-2.917	2.66	-0.8655	-0.7134	-6.555	-1.5	-2.575	2.458	-1.809	-3.955	3.044	-4.037	-0.2317	0.2939	-2.478	0.4381	-3.711	4.459	-4.765	-0.8326	0.7431	2.569	4.45	-0.4876	-1.911	3.048	-0.1418	2.469	5.579	4.743	-0.3011	-0.5983	1.086	-4.665	-2.181	1.256	1.525	2.959	4.158	2.135	3.024	-5.019	10.99	36.59	3.868	-2.572	0.784	-3.222	1.996	-0.908	2.142	-2.478	-1.58	-0.1271	-3.558	-2.793	2.062	-0.9673	0.8662	1.693	-5.833	1.892	2.074	0.5578	1.657	0.2867	-0.7847	-0.6706	-0.9452	-8.69	-4.689	-5.187	-2.807	2.738	-4.105	3.252
-7.165	-1.369	0.2669	4.168	2.701	-4.996	0.6769	-0.09614	2.993	4.1	2.516	4.134	-1.991	2.715	0.7331	1.434	-3.091	-2.847	-0.3955	1.666	-1.885	0.5439	2.791	-1.828	-0.2351	-2.034	1.042	-1.302	-0.344	0.4079	-6.65	-5.354	0.6223	1.562	-0.7795	4.337	-7.117	9.231	-1.835	-2.512	-0.2457	0.3936	-0.304	-1.31	-1.558	6.647	-4.467	0.6657	2.169	-1.931	4.377	4.49	1.647	4.126	2.87	4.291	-1.856	-3.779	4.946	-2.236	1.435	-1.354	-6.334	3.92	7.515	1.305	-2.566	3.868	33.36	-2.408	-0.5074	-2.298	-4.346	-0.145	5.693	5.823	1.522	6.897	0.6302	-0.2833	-2.025	0.9762	1.727	-2.549	-0.363	1.645	-3.767	-1.568	-0.6783	-3.209	1.085	0.9877	-4.213	4.811	-3.801	-2.348	-3.314	5.412	-0.3305	-2.382
2.107	-2.982	-2.633	6.416	-3.484	-2.757	-0.1383	-1.584	4.429	-0.09481	3.24	-4.765	0.225	1.621	-1.167	0.3852	1.735	0.7956	5.238	-4.576	0.9736	0.9744	-2.179	-3.61	0.4025	4.829	-3.331	3.351	-6.964	1.36	-2.046	-3.551	4.745	2.988	3.513	2.55	0.4349	-0.8859	-0.8517	0.4293	-0.04806	-1.27	1.997	2.495	2.588	4.479	4.29	-1.106	-0.4667	0.1172	2.914	-5.739	3.565	-3.983	0.107	-2.464	3.488	4.539	-1.177	5.044	3.019	1.602	1.964	-2.752	-0.7036	2.978	-6.251	-2.572	-2.408	28.76	-3.511	1.174	2.727	0.9529	0.8002	-7.172	2.887	-0.3535	-3.183	1.626	1.988	-1.451	-1.611	-0.166	-2.332	-0.7129	-0.984	-6.881	-4.629	6.077	-2.256	0.7173	0.4331	2.033	-1.409	-2.161	-5.484	-0.1365	1.759	0.612
0.3436	-1.988	-1.727	0.8625	4.536	0.8114	-1.84	0.3688	-1.929	0.9233	-5.327	0.4264	0.6311	2.968	3.349	-4.211	1.556	1.648	-1.687	-3.023	-4.161	-1.356	-3.211	-5.292	-3.367	-5.179	-4.817	0.1825	2.188	-0.6554	-0.3301	-0.1992	-5.505	1.005	4.878	-5.142	0.2172	2.976	0.1618	-3.227	4.511	-0.1063	-2.791	6.622	0.3691	2.386	1.366	-1.616	3.545	2.573	2.207	0.3785	-1.697	4.559	3.571	0.1494	3.245	2.013	-1.841	0.6027	-1.05	6.675	2.684	0.8135	-1.399	-0.863	-1.073	0.784	-0.5074	-3.511	30.25	2.574	-0.2298	-1.016	7.177	1.437	1.779	-2.072	-2.784	0.06062	0.4272	-4.258	5.391	-2.342	3.082	-4.44	-1.816	-0.5414	3.399	-5.761	-2.269	-2.316	-0.5838	-3.052	3.17	2.148	-3.063	3.951	-5.49	4.672
2.476	0.5302	-2.923	-7.159	-1.385	0.3453	0.4219	-1.214	0.623	-1.333	2.384	-0.06257	-2.824	1.598	3.032	-1.22	-0.2711	-0.5618	-2.819	1.101	0.8789	-1.064	5.605	-2.732	-3.56	5.546	0.2089	2.776	0.7532	-1.615	5.55	-1.298	-1.993	3.705	-2.468	-0.8057	1.069	-3.465	4.359	0.05681	0.6634	-3.081	1.919	-5.483	3.016	1.642	0.9335	-8.308	-0.7604	-1.772	2.508	-2.449	0.3141	0.07817	-0.9623	-1.152	-1.497	-1.879	2	-1.45	2.926	0.7809	-0.06134	1.8	1.568	5.996	1.737	-3.222	-2.298	1.174	2.574	27.86	-0.2349	1.697	-3.487	-2.811	-5.078	-1.835	-2.858	2.263	3.252	-4.951	0.7779	1.647	0.6214	0.7413	-0.0952	1.032	2.851	0.3965	1.452	-3.573	3.767	-3.988	2.499	1.864	-0.8836	2.073	4.01	0.6897
5.098	-3.855	2.408	1.213	1.901	-0.03676	-2.644	0.3421	-2.64	-1.109	-1.702	1.511	3.845	6.495	1.157	-2.72	4.235	0.706	-2.727	0.1759	-0.1564	-2.748	-6.522	-1.72	0.1744	-0.101	-3.855	-0.4558	3.126	0.1636	-0.7188	-0.4762	-0.9387	1.661	3.858	-0.9214	-2.225	10.66	0.7107	1.653	2.516	5.399	5.436	0.3353	-0.1963	-0.02299	-7.705	1.849	-5.13	-0.6591	-0.8578	-0.1384	0.9204	1.181	0.399	0.6009	1.36	-2.247	3.011	1.303	2.291	1.771	1.004	-2.931	0.1929	0.6386	6.132	1.996	-4.346	2.727	-0.2298	-0.2349	39.7	1.34	-4.801	1.762	-1.394	-4.616	-6.165	-0.3049	-2.691	0.6265	-0.5775	6.714	-0.9952	-1.445	-0.444	-1.641	-4.01	-2.941	4.594	-2.396	1.875	-1.354	-4.365	-0.2268	-2.636	4.066	0.6936	3.466
-2.753	-4.141	-1.353	-1.604	-1.359	-1.527	-1.954	-3.926	-1.268	5.597	1.809	2.825	-2.237	3.847	1.301	-1.351	-0.169	-3.581	1.791	-2.979	-0.6574	-2.838	-1.186	-4.302	-1.225	0.9721	1.684	-2.635	3.338	2.355	6.438	0.1515	0.9138	-5.317	-1.114	3.75	8.585	-0.4647	-3.476	4.451	-2.845	-1.183	4.401	-1.853	-4.914	1.129	3.55	-6.653	3.44	-1.852	-1.401	-4.303	-2.956	1.069	3.929	-4.881	-0.9973	3.747	-2.931	2.009	-3.237	-5.556	4.381	1.5	3.941	2.169	-0.4365	-0.908	-0.145	0.9529	-1.016	1.697	1.34	33.02	-0.956	2.624	-2.503	3.482	7.668	1.634	2.284	4.937	-3.327	5.761	2.358	3.07	-3.83	-2.897	2.494	-1.595	-2.479	3.715	0.5065	-1.975	-1.085	-3.332	4.705	1.671	3.762	3.616
-0.1159	2.003	-0.3431	-0.1931	6.434	-2.237	-2.525	2.318	-4.958	-3.004	-0.2786	1.878	0.08576	0.5838	-1.127	4.091	2.792	-0.458	-0.9625	-3.815	-1.18	3.592	0.178	-3.453	-0.7661	-3.194	2.995	-2.081	-2.977	4.456	-3.014	-4.534	-2.41	0.4031	4.925	-0.1508	-2.844	3.772	-5.473	2.41	0.7702	-0.7197	-3.631	4.069	-0.3942	-1.352	2.939	1.124	-1.078	2.025	5.377	0.2022	-0.9187	1.148	-2.305	0.6664	-2.482	-2.885	3.768	2.133	0.7966	1.543	-0.2075	2.234	-1.818	-1.833	-3.056	2.142	5.693	0.8002	7.177	-3.487	-4.801	-0.956	39	2.514	-0.7419	6.541	1.938	-1.396	-3.782	-3.142	-1.259	-3.03	4.903	2.523	1.723	-0.1462	-2.027	0.5299	0.596	-4.594	2.218	-4.599	-2.347	-2.306	1.465	-3.203	-2.341	4.487
-5.683	-2.688	5.639	-1.264	4.551	-4.663	-1.564	2.106	-0.09657	0.1412	-2.128	1.463	3.421	3.848	-0.7975	1.053	2.138	2.143	-0.7293	-0.7921	-9.589	3.834	-4.973	3.431	-1.807	-2.308	0.7847	-2.293	0.07621	-2.558	-0.3022	1.569	-1.1	0.5641	-1.736	6.282	-6.017	1.179	2.31	-0.9196	-0.7932	-4.542	0.05214	1.181	-4.288	-4.065	-3.313	-3.074	-2.465	1.597	0.7024	3.349	-5.864	6.595	6.051	-1.094	1.256	-0.9489	1.893	-2.67	-2.745	-2.584	-1.939	5.721	-0.8144	-3.295	1.938	-2.478	5.823	-7.172	1.437	-2.811	1.762	2.624	2.514	35.23	3.547	0.8314	3.409	-1.896	-4.412	0.6333	-2.752	-2.578	-1.639	0.8217	-6.254	7.425	-4.028	-0.6321	-0.5748	-2.822	-2.506	-2.992	0.1103	-0.3931	-6.864	-0.9285	8.221	-1.237
-5.308	4.988	-0.65	-0.02306	-2.61	2.071	-0.9945	0.8271	-1.39	2.017	-4.439	-1.254	-4.495	-1.52	2.9	-3.234	0.02866	2.865	3.169	0.1573	-4.835	2.074	2.324	-0.3306	3.142	0.1108	-9.89	1.594	-1.214	0.1136	5.603	-2.444	4.536	-0.013	-2.238	-6.369	-6.091	1.044	-1.962	-1.276	-4.437	4.388	4.226	3.164	-3.155	1.156	2.04	2.849	-3.18	-0.252	-1.052	-2.483	2.256	3.437	1.95	-0.7209	1.999	-1.36	1.028	2.744	-1.104	-0.1431	4.226	-0.425	-1.697	-5.158	-4.244	-1.58	1.522	2.887	1.779	-5.078	-1.394	-2.503	-0.7419	3.547	36.45	0.3373	-0.08026	-1.537	-7.517	1.338	5.316	2.956	-2.133	-2.256	-0.6931	-3.526	-2.171	-1.015	0.2492	-0.06138	-0.5342	1.467	-4.148	2.96	-2.885	-0.82	3.519	-0.677
-4.349	-3.4	3.156	-2.674	1.262	-0.04906	-3.31	-0.282	-0.9351	-1.375	2.074	-5.361	0.3657	5.93	2.33	5.478	-2.006	5.195	3.453	-1.112	-2.246	2.485	-1.794	0.7282	2.469	-0.2227	-0.2112	-1.693	0.2409	-0.7465	-1.032	-1.274	1.131	-4.89	1.409	2.962	3.855	4.821	-1.66	-3.982	-1.671	-2.86	1.623	1.85	5.74	-1.074	2.012	-1.149	2.985	-1.861	5.012	-4.834	-0.2002	-2.339	-2.695	4.211	-1.367	-0.6755	1.332	-1.505	-1.219	-3.751	-3.016	3.101	2.409	2.306	1.755	-0.1271	6.897	-0.3535	-2.072	-1.835	-4.616	3.482	6.541	0.8314	0.3373	32.18	-1.983	2.663	0.2271	2.467	2.447	-2.612	4.569	-2.077	1.082	-2.748	2.095	4.439	4.082	-2.258	-2.858	3.566	-1.789	-3.255	1.223	-4.159	-0.3912	-2.576
2.234	-1.471	5.388	0.2615	4.209	-2.695	0.7274	3.66	-2.982	2.277	-1.45	4.31	-6.139	0.1309	0.8958	-3.943	-1.922	-1.214	2.01	-0.628	2.212	-2.673	3.151	-3.185	-2.788	0.3415	4.355	-4.486	4.23	-1.871	3.24	-0.3283	4.109	0.09744	-1.677	2.296	2.793	-5.813	-1.968	0.8362	-1.827	-0.4589	-2.052	1.664	-9.93	-3.895	4.255	-2.234	-0.2382	3.256	7.517	2.795	-3.249	0.906	-2.211	2.266	3.419	-0.8062	0.242	0.773	1.62	-0.1231	-1.794	-6.506	-5.588	1.196	-4.445	-3.558	0.6302	-3.183	-2.784	-2.858	-6.165	7.668	1.938	3.409	-0.08026	-1.983	32.23	1.984	2.499	1.203	-0.78	2.929	0.0384	4.203	-2.093	4.024	-4.815	-6.638	-7.405	5.02	2.169	2.11	0.8234	3.635	-1.994	-1.805	2.177	-0.5962
2.101	-1.181	-3.053	-1.078	1.382	4.976	2.037	-4.44	-1.253	-0.7073	0.7304	-1.541	-6.333	6.262	1.533	4.009	-0.7663	-2.231	-3.181	0.2594	-3.085	-0.3366	-2.21	-0.2857	-1.824	-0.2577	1.354	3.315	-1.494	3.084	-5.9	3.488	0.449	4.304	0.2004	-0.3625	2.975	-2.274	-6.615	-0.6381	0.5447	-5.171	-0.574	-5.436	0.3627	-2.848	3.365	-3.238	-3.112	-0.3828	4.958	-3.509	3.725	-3.679	0.5825	-0.27	0.2788	1.797	-2.254	-1.387	3.374	1.325	-0.5667	2.806	-0.8583	1.049	-1.67	-2.793	-0.2833	1.626	0.06062	2.263	-0.3049	1.634	-1.396	-1.896	-1.537	2.663	1.984	28.35	0.3312	0.3432	-2.019	-0.6991	5.663	-0.661	-1.34	-1.058	-2.468	-0.27	2.493	2.574	-1.159	-0.4817	-4.265	-1.718	-0.4386	2.116	3.991	2.957
-0.52	1.085	0.9179	1.585	-1.608	-0.5501	5.102	-0.1585	3.844	-0.828	0.8682	0.411	5.789	0.1842	-3.139	-0.6039	-3.413	-0.2786	-7.891	-2.973	3.429	-3.667	0.04852	-3.715	3.835	-3.392	3.36	-0.4532	0.4722	4.129	2.437	4.739	0.538	3.587	1.697	-0.2398	0.04023	-8.137	-1.787	0.119	0.5412	2.977	0.8379	-1.909	-2.756	-3.454	-3.957	-4.467	2.137	0.9829	1.757	-0.8705	5.189	-3.127	0.5095	-0.1433	3.345	0.8169	-2.162	2.432	-5.374	0.702	1.348	2.107	-3.577	-4.067	5.976	2.062	-2.025	1.988	0.4272	3.252	-2.691	2.284	-3.782	-4.412	-7.517	0.2271	2.499	0.3312	32.47	2.733	2.314	-1.527	2.497	-3.662	-0.2173	-1.337	-3.724	0.6754	1.185	-0.8813	0.4851	-2.962	7.02	0.7393	-1.96	2.502	-1.156	4.957
-2.27	2.049	1.506	0.9968	-4.873	3.14	-0.9638	-3.202	0.07221	5.928	-2.169	-0.4606	1.448	2.069	2.291	3.389	-3.615	3.128	-5.886	2.249	-4.52	-0.1385	1.085	1.691	3.192	0.4086	3.651	-2.826	3.692	-1.404	-2.267	-2.986	3.018	-2.039	-1.987	-3.549	2.509	-3.523	-1.844	-2.36	-0.3526	6.999	-7.537	-1.054	5.314	-0.07623	0.7124	-1.238	1.26	3.476	-3.076	-2.523	-0.02279	-1.187	-0.5027	1.913	-1.471	-4.043	-2.115	9.521	-3.73	-2.264	-0.7757	-5.215	0.4869	1.331	2.891	-0.9673	0.9762	-1.451	-4.258	-4.951	0.6265	4.937	-3.142	0.6333	1.338	2.467	1.203	0.3432	2.733	40.93	-2.128	3.505	3.497	-2.04	0.5417	0.1739	0.4239	-2.029	7.321	1.166	2.541	2.761	-1.349	0.1602	-4.782	2.059	2.341	-3.717
-4.198	3.327	-1.083	-0.9688	-0.1536	4.01	-1.557	3.22	-3.413	-2.117	-0.2865	-1.232	0.6943	1.604	0.6758	0.9749	-0.6965	0.8022	-2.823	-2.509	-1.316	-3.889	-1.402	3.264	1.926	2.32	-1.115	-7.493	2.315	2.839	1.499	0.7499	-2.867	-5.022	-2.583	3.097	5.203	0.9975	2.784	6.766	3.805	3.864	-3.205	0.5006	0.9202	-0.8337	-3.862	6.612	1.535	-2.417	1.417	1.167	3.252	2.424	-2.089	0.09873	3.641	3.215	3.646	-1.493	1.456	-2.122	4.374	0.5869	-0.5406	-0.9601	-1.151	0.8662	1.727	-1.611	5.391	0.7779	-0.5775	-3.327	-1.259	-2.752	5.316	2.447	-0.78	-2.019	2.314	-2.128	31.86	-2.766	0.09575	-3.978	5.239	1.036	0.8449	-3.059	-1.548	-4.24	3.49	2.678	-2.024	-2.221	0.8984	-0.1316	-4.08	0.9688
2.742	3.07	-1.227	-5.48	-5.556	-3.915	6.331	-2.123	1.055	1.287	-1.582	4.792	-2.145	1.387	-2.33	-2.45	4.302	2.481	0.1525	-2.046	-3.053	-4.047	4.219	3.353	0.6627	1.493	-1.811	-1.544	2.368	-2.746	1.335	-0.7615	0.7854	3.552	5.339	0.7443	-1.938	4.515	-1.146	-4.069	-1.663	1.989	-2.182	5.317	-1.552	1.109	-0.814	-3.513	4.497	-1.089	-3.925	-1.855	-0.9124	-0.8618	-2.093	1.072	3.357	-1.807	-0.2943	1.528	1.599	1.01	-0.24	3.526	-0.4834	0.7985	-3.929	1.693	-2.549	-0.166	-2.342	1.647	6.714	5.761	-3.03	-2.578	2.956	-2.612	2.929	-0.6991	-1.527	3.505	-2.766	34.26	-2.38	2.453	2.044	-1.327	2.962	-2.591	-2.555	-3.727	1.216	-1.958	0.5066	-0.6196	-3.463	-4.975	-2.263	1.208
-5.505	-3.465	-6.533	-3.121	3.159	3.264	4.914	-4.529	0.5802	-9.073	-0.8548	-4.559	2.32	5.728	0.3297	2.177	-3.414	-1.375	-1.486	0.101	-4.205	-4.749	-0.966	1.963	2.355	-0.005651	1.231	-1.746	-0.5401	3.09	-0.4943	-1.998	9.302	1.271	-1.677	-4.81	4.832	0.9872	-2.235	1.752	-3.673	-4.511	-1.61	-3.026	-2.787	-7.111	-2.711	-1.926	3.256	-1.009	2.661	-2.236	5.216	0.3547	-5.667	-0.1495	2.184	-4.856	4.022	-2.396	-3.286	5.491	-2.198	-1.897	-1.789	4.149	-4.25	-5.833	-0.363	-2.332	3.082	0.6214	-0.9952	2.358	4.903	-1.639	-2.133	4.569	0.0384	5.663	2.497	3.497	0.09575	-2.38	38.15	5.007	5.458	0.7026	-2.652	-2.384	0.1519	-0.2584	-0.4669	0.5594	1.975	1.281	0.6468	-6.482	4.639	-0.6325
3.191	5.938	-1.524	0.8163	1.004	-3.483	1.363	0.07941	-3.63	1.642	-1.441	0.1317	-2.99	0.2433	-2.684	2.901	3.335	1.088	-2.046	0.0251	4.626	3.126	-0.4129	0.6898	3.224	-4.652	3.981	2.307	0.2488	-2.999	3.313	-1.39	0.9694	2.054	-6.067	-5.749	-0.76	-5.982	-3.013	1.121	-5.406	-1.678	1.183	-5.211	0.3134	3.006	1.782	0.4029	3.86	-3.958	0.1031	-1.367	2.867	0.8408	3.489	-4.096	2.069	-1.302	-1.302	0.2544	-0.5888	-3.588	-1.464	-2.675	0.3178	-1.663	1.854	1.892	1.645	-0.7129	-4.44	0.7413	-1.445	3.07	2.523	0.8217	-2.256	-2.077	4.203	-0.661	-3.662	-2.04	-3.978	2.453	5.007	35.88	6.92	2.434	-4.052	2.491	-1.947	-2.09	-1.251	0.2412	3.913	-7.928	3.082	-1.077	2.354	-0.5878
0.7544	2.778	-2.477	0.1977	-0.8151	2.835	-0.218	5.615	-4.896	-0.9954	4.386	-3.102	4.385	-4.391	-0.4409	8.224	1.569	0.8804	-5.646	-1.273	2.738	3.206	-1.017	7.907	1.633	1.105	2.499	2.713	-0.4509	2.469	0.2624	-1.273	-1.822	-2.36	2.16	-7.401	4.821	0.472	2.748	-0.04732	-0.1231	-6.704	0.5986	1.613	-2.346	-2.859	7.44	0.7088	-5.669	-3.291	2.187	5.716	1.61	2.4	1.62	-7.798	0.7096	-1.532	5.38	-1.183	2.765	1.992	-3.796	3.486	-1.803	0.7936	-1.116	2.074	-3.767	-0.984	-1.816	-0.0952	-0.444	-3.83	1.723	-6.254	-0.6931	1.082	-2.093	-1.34	-0.2173	0.5417	5.239	2.044	5.458	6.92	39.27	-4.414	-1.712	10.56	-1.189	-3.491	0.7947	-3.3	6.602	-3.335	-2.105	-1.529	-0.9525	5.177
1.535	-2.914	6.179	3.792	0.3288	3.084	0.3712	2.271	2.395	2.033	0.5846	-0.9703	4.428	5.226	4.949	3.34	3.166	5.651	1.711	-3.966	-0.5363	-4.076	-0.1308	5.571	-3.38	1.027	0.9475	-0.8992	-1.926	-7.463	0.3789	-3.144	-1.273	1.308	-0.6464	2.459	1.381	-3.37	-0.6818	0.0825	-4.802	3.263	-2.475	-5.719	1.037	1.16	1.688	1.543	-3.902	-0.585	-4.031	5.891	-2.186	-6.283	-0.5311	-0.2786	-2.263	-6.696	5.243	1.129	2.268	-6.662	1.15	1.936	-3.999	0.5077	10.02	0.5578	-1.568	-6.881	-0.5414	1.032	-1.641	-2.897	-0.1462	7.425	-3.526	-2.748	4.024	-1.058	-1.337	0.1739	1.036	-1.327	0.7026	2.434	-4.414	35.63	-4.646	0.9812	4.191	-4.542	1.543	-2.412	6.563	-4.059	-1.14	-1.578	5.577	-4.982
0.5286	3.895	-2.391	1.565	-4.548	-2.889	-6.885	0.07795	-5.174	2.229	0.5183	3.094	-4.204	-0.4847	0.8814	-4.184	2.885	2.668	5.632	3.032	3.743	-3.804	4.32	-0.1816	-4.331	-0.6878	2.99	-1.368	2.276	3.2	-1.208	-7.765	3.374	-0.7053	0.9145	-2.429	-3.308	0.2666	-2.64	6.246	2.695	0.2749	-1.513	-4.526	0.214	2.798	1.713	-4.605	-3.792	0.433	-1.677	-1.31	-2.086	1.874	-2.54	-5.048	-2.376	4.168	3.182	-1.588	1.646	1.994	-0.5556	1.811	6.233	4.182	3.22	1.657	-0.6783	-4.629	3.399	2.851	-4.01	2.494	-2.027	-4.028	-2.171	2.095	-4.815	-2.468	-3.724	0.4239	0.8449	2.962	-2.652	-4.052	-1.712	-4.646	45.27	0.1045	-0.8419	-0.4674	-0.9824	1.519	3.078	6.482	1.46	3.076	-10.16	-3.145
2.854	-1.334	0.2318	2.464	-3.188	0.528	-1.07	0.01895	-0.5685	-2.334	6.123	-1.777	5.438	1.848	3.141	4.439	5.92	1.977	0.737	-2.092	2.647	-0.6941	-0.99	-4.485	-2.806	4.257	0.6234	7.376	-0.1012	0.9582	-0.2041	-2.22	8.218	-2.09	2.595	0.6735	3.426	-1.255	4.536	1.027	-3.144	-1.728	3.755	-3.749	3.095	3.257	4.731	-1.799	-0.5503	-5.129	1.902	2.045	-1.292	1.582	3.117	-3.125	-1.865	-2.509	0.7688	1.664	-3.116	0.7154	2.328	1.825	-4.526	-0.7675	-2.815	0.2867	-3.209	6.077	-5.761	0.3965	-2.941	-1.595	0.5299	-0.6321	-1.015	4.439	-6.638	-0.27	0.6754	-2.029	-3.059	-2.591	-2.384	2.491	10.56	0.9812	0.1045	39.23	3.492	-4.133	-4.329	4.279	0.9202	0.5737	-0.1585	-2.278	-0.8849	-7.402
0.599	1.658	3.12	-2.295	-0.414	6.898	-2.583	-0.2809	1.519	0.5955	-1.228	2.338	-0.1597	-0.4666	2.186	2.156	-1.597	5.359	-1.46	1.861	-0.9087	4.638	-0.1878	0.5635	5.681	1.682	-1.371	-0.7806	0.8374	0.2242	1.028	1.362	0.7953	-1.227	2.06	-3.542	1.123	2.629	-2.493	-2.328	0.7812	3.024	-0.5271	-1.928	3.543	-0.9333	3.152	2.54	0.5923	1.005	-3.443	2.018	0.9727	-1.941	4.381	-5.104	-7.947	-2.395	-4.203	2.793	0.7531	-0.2184	2.408	-1.239	3.025	1.307	0.6371	-0.7847	1.085	-2.256	-2.269	1.452	4.594	-2.479	0.596	-0.5748	0.2492	4.082	-7.405	2.493	1.185	7.321	-1.548	-2.555	0.1519	-1.947	-1.189	4.191	-0.8419	3.492	29.7	-5.541	-2.555	2.004	4.788	3.651	-3.236	-2.803	2.101	-3.231
1.87	-0.07724	0.2393	-2.038	-2.763	-0.5449	3.717	0.5451	-2.662	-0.8537	1.451	6.5	-6.545	-0.2537	3.524	-1.45	-7.042	-3.358	-1.153	9.808	1.281	6.561	-2.323	0.6283	0.6171	-0.8214	0.3147	-1.318	1.351	1.731	-1.186	-0.7182	0.04501	1.512	-1.304	3.358	-3.394	-1.421	4.301	2.214	2.301	1.114	-0.1461	0.4066	-4.011	1.976	2.453	-2.381	-1.123	1.693	3.446	0.6462	-5.167	-2.894	-5.672	1.899	2.242	4.729	0.4863	5.38	2.005	3.355	0.1597	-1.091	-3.061	1.047	-3.01	-0.6706	0.9877	0.7173	-2.316	-3.573	-2.396	3.715	-4.594	-2.822	-0.06138	-2.258	5.02	2.574	-0.8813	1.166	-4.24	-3.727	-0.2584	-2.09	-3.491	-4.542	-0.4674	-4.133	-5.541	31.05	2.955	1.321	-1.561	-1.08	2.837	-0.5776	-4.847	0.9718
3.114	3.693	4.302	0.837	1.631	1.189	-2.394	1.412	-0.862	-8.021	-2.43	1.997	-2.604	-1.108	-3.601	0.6032	3.679	-5.815	-4.72	-6.105	-3.166	1.18	4.345	-0.1927	-4.089	0.8526	5.002	-1.059	2.61	2.346	-0.3537	-2.347	4.771	-0.298	-1.047	-0.2825	3.128	-0.8917	-2.165	1.391	-3.793	-0.5477	5.437	-1.75	-1.342	-2.978	3.25	-2.489	1.64	-0.9729	3.383	1.199	-3.184	-2.107	-0.9103	0.2066	0.5181	0.8182	3.526	-0.2873	8.342	-3.692	0.2171	-1.13	-1.94	0.5123	0.2234	-0.9452	-4.213	0.4331	-0.5838	3.767	1.875	0.5065	2.218	-2.506	-0.5342	-2.858	2.169	-1.159	0.4851	2.541	3.49	1.216	-0.4669	-1.251	0.7947	1.543	-0.9824	-4.329	-2.555	2.955	27.17	-5.943	1.691	-1.324	0.8872	-0.1628	0.4863	0.4945
-0.7575	-0.9899	-5.017	-0.4426	-2.349	5.392	2.248	0.4567	-0.8251	1.496	-0.05633	-0.5336	0.4295	-4.514	-1.114	-1.143	-1.325	-2.45	3.044	1.368	2.839	-1.52	-2.944	-5.754	-4.916	-1.527	5.635	-0.2945	1.701	-1.523	-2.732	-4.828	7.868	-2.119	-3.201	0.7002	-4.298	1.488	-0.2129	2.366	5.168	-1.262	-3.692	-5.869	1.539	2.961	-3.133	4.512	6.534	-4.693	-1.518	3.729	0.9521	5.605	0.1332	2.148	-0.664	2.676	-0.9206	0.01972	-1.93	-1.26	0.8545	-3.852	-1.413	2.836	-0.2041	-8.69	4.811	2.033	-3.052	-3.988	-1.354	-1.975	-4.599	-2.992	1.467	3.566	2.11	-0.4817	-2.962	2.761	2.678	-1.958	0.5594	0.2412	-3.3	-2.412	1.519	4.279	2.004	1.321	-5.943	41.97	3.554	-1.272	-4.49	-5.701	1.759	-7.118
0.7861	1.847	4.192	-1.389	-1.95	2.982	1.957	1.428	-0.3434	-3.757	-3.038	-4.472	5.882	3.474	-4.37	2.164	-1.644	-3.022	1.776	-0.2212	6.891	0.02318	-0.3812	-0.3585	-2.034	-2.434	-0.7721	-2.929	4.95	-2.233	3.14	0.1807	0.11	-0.9491	1.9	-0.6605	-4.712	-4.279	-0.3733	1.398	-4.053	-5.704	-2.633	1.588	-6.326	1.772	5.453	1.031	-0.05667	-0.6037	-1.385	-0.413	-5.365	-2.622	0.6211	-0.1157	-1.078	3.085	-0.3005	0.8672	-0.5829	4.043	6.06	6.629	2.096	0.3936	1.964	-4.689	-3.801	-1.409	3.17	2.499	-4.365	-1.085	-2.347	0.1103	-4.148	-1.789	0.8234	-4.265	7.02	-1.349	-2.024	0.5066	1.975	3.913	6.602	6.563	3.078	0.9202	4.788	-1.561	1.691	3.554	32.04	2.226	-2.115	-3.847	1.16	-1.172
1.033	0.3989	6.644	-4.258	-1.993	0.5941	-1.564	-2.121	3.053	0.02359	-9.019	4.096	-1.127	1.267	2.25	-2.281	2.572	0.4518	-0.4022	0.6811	2.772	-3.43	-0.3411	0.5569	-1.307	2.499	-1.213	-4.636	1.313	2.196	4.989	0.6032	5.116	-3.633	-2.758	-5.146	-4.617	-3.306	2.801	-3.562	-2.846	-3.983	0.02366	2.775	-2.417	-1.993	-0.2978	-4.307	-0.08933	1.74	2.121	-4.218	-2.952	5.689	-2.301	-0.1943	-5.965	4.136	-1.635	0.8803	1.153	7.568	-2.669	0.2884	8.068	-4.303	-2.259	-5.187	-2.348	-2.161	2.148	1.864	-0.2268	-3.332	-2.306	-0.3931	2.96	-3.255	3.635	-1.718	0.7393	0.1602	-2.221	-0.6196	1.281	-7.928	-3.335	-4.059	6.482	0.5737	3.651	-1.08	-1.324	-1.272	2.226	35.2	-1.412	-0.9065	2.159	-2.113
-4.154	-1.162	-0.1714	-1.145	1.755	2.428	3.241	-7.554	-2.388	2.528	-4.742	-0.3457	-5.51	-4.467	-0.7034	-0.8304	-1.48	-1.244	1.742	1.917	0.8798	-0.7494	2.036	-4.074	3.798	1.023	-2.81	3.381	3.998	2.196	1.999	7.961	-7.107	-1.359	-1.888	-2.575	2.432	0.5697	5.73	5.116	-0.751	-4.362	3.42	-1.27	3.427	-2.174	-3.142	4.978	0.4053	-3.118	0.07664	-4.319	-1.309	-0.3659	-0.4279	-4.211	-0.4412	2.241	-0.09521	-3.758	-3.535	-3.953	2.211	3.217	1.646	-2.418	1.767	-2.807	-3.314	-5.484	-3.063	-0.8836	-2.636	4.705	1.465	-6.864	-2.885	1.223	-1.994	-0.4386	-1.96	-4.782	0.8984	-3.463	0.6468	3.082	-2.105	-1.14	1.46	-0.1585	-3.236	2.837	0.8872	-4.49	-2.115	-1.412	32.34	0.5618	3.142	3.593
1.604	-3.189	0.2653	8.253	-0.8451	-0.5251	-3.153	-0.8282	3.151	3.328	2.397	-0.858	-1.923	5.953	0.3814	-0.7483	0.5448	-3.107	-1.393	-1.875	-0.1921	-0.3407	0.8119	-1.491	0.2928	-2.318	2.694	-1.011	3.799	3.57	-1.199	2.29	-4.823	0.7478	1.863	-5.184	0.3494	-2.33	2.889	2.098	4.007	2.337	0.2667	-1.31	2.006	3.83	-4.86	0.6054	-2.961	-1.205	0.1643	-1.54	2.767	-2.956	3.289	-2.878	-0.2482	0.7236	0.6957	3.782	0.5012	3.238	0.9696	-1.511	3.273	-2.034	4.89	2.738	5.412	-0.1365	3.951	2.073	4.066	1.671	-3.203	-0.9285	-0.82	-4.159	-1.805	2.116	2.502	2.059	-0.1316	-4.975	-6.482	-1.077	-1.529	-1.578	3.076	-2.278	-2.803	-0.5776	-0.1628	-5.701	-3.847	-0.9065	0.5618	23.93	1.82	1.505
-1.713	-1.083	-5.301	0.7553	-5.139	0.7791	0.712	-3.706	2.021	4.475	2.03	-3.188	-3.86	1.59	-1.348	4.655	-0.7203	3.427	2.617	-1.218	-3.354	-2.664	-4.206	-4.332	-1.631	1.724	0.4828	2.841	-3.785	-2.464	4.661	-2.703	-2.98	1.15	-5.024	-1.371	1.946	-5.447	4.01	-2.168	0.4701	-2.624	4.965	1.742	-1.388	-5.005	3.502	-2.17	-1.77	1.069	-1.878	-7.283	-6.06	3.653	3.572	-3.427	1.067	-2.294	0.6788	0.1817	0.419	2.305	2.758	-0.2705	4.827	2.505	2.791	-4.105	-0.3305	1.759	-5.49	4.01	0.6936	3.762	-2.341	8.221	3.519	-0.3912	2.177	3.991	-1.156	2.341	-4.08	-2.263	4.639	2.354	-0.9525	5.577	-10.16	-0.8849	2.101	-4.847	0.4863	1.759	1.16	2.159	3.142	1.82	38.57	-0.8778
2.126	-2.194	-1.465	-1.176	1.278	1.114	0.6486	-1.036	-0.888	-3.688	-1.128	0.7814	4.455	-1.807	-3.854	0.06067	0.6979	0.06617	-1.675	1.852	0.6851	2.499	-1.01	-2.961	0.2255	-6.352	1.365	2.641	0.8291	4.148	-1.749	4.669	-7.477	7.148	0.4955	1.725	-2.217	0.2342	-7.432	-0.6899	4.402	1.17	5.229	3.97	-3.17	-4.173	-1.287	0.4377	-0.201	2.816	-0.3946	-1.76	-5.849	-4.087	5.977	-4.679	-0.4244	4.15	-2.067	-2.93	2.142	3.99	-0.05802	5.944	-1.232	-2.845	3.483	3.252	-2.382	0.612	4.672	0.6897	3.466	3.616	4.487	-1.237	-0.677	-2.576	-0.5962	2.957	4.957	-3.717	0.9688	1.208	-0.6325	-0.5878	5.177	-4.982	-3.145	-7.402	-3.231	0.9718	0.4945	-7.118	-1.172	-2.113	3.593	1.505	-0.8778	29.53

-0.7947
2.463
3.578
-4.865
-0.6476
2.56
0.09116
-0.1605
-3.363
4.713
-1.574
2.008
-4.39
4.284
-3.506
-2.386
0.424
4.563
2.798
-2.976
-0.6748
-0.5198
4.628
2.073
3.758
-1.343
-2.86
-2.062
0.8682
4.899
-3.489
-2.668
3.838
4.514
-4.867
1.461
-4.57
4.89
-4.932
4.622
1.534
1.318
4.813
3.492
-1.97
-0.7943
-3.058
-1.989
-0.1014
-2.353
-4.429
-0.5831
-4.397
3.331
0.8244
3.274
3.985
0.5282
4.786
-0.09342
-0.3076
-3.907
0.8211
4.351
0.5871
4.443
0.8646
-0.562
-4.947
2.695
-2.935
-1.652
3.064
1.278
-4.119
-0.9329
1.138
0.525
-1.31
-3.448
-2.926
-3.795
3.605
-2.705
-0.6681
-2.203
3.11
3.462
0.076
-0.9408
0.8509
0.7488
-4.479
2.977
4.403
-0.07819
-4.544
4.026
3.421
0.2323
																																																																																																			
0	1	1	1	1	0	0	1	1	1	0	1	1	1	1	0	1	1	1	1	1	1	1	1	1	1	1	1	1	0	0	1	0	1	1	1	0	1	1	1	1	1	0	1	1	1	1	1	0	1	1	1	0	0	1	1	1	1	1	1	1	1	1	1	1	1	1	1	1	1	0	1	0	1	1	0	1	0	1	1	1	1	1	1	1	1	1	1	1	1	1	0	1	1	1	1	1	1	1	1
1	0	0	0	0	1	1	0	0	0	1	0	0	0	0	1	0	0	0	0	0	0	0	0	0	0	0	0	0	1	0	0	1	0	0	0	1	0	0	0	0	0	1	0	0	0	0	0	1	0	0	0	1	1	0	0	0	0	0	0	0	0	0	0	0	0	0	0	0	0	1	0	1	0	0	1	0	1	0	0	0	0	0	0	0	0	0	0	0	0	0	1	0	0	0	0	0	0	0	0
0	0	0	0	0	0	0	0	0	0	0	0	0	0	0	0	0	0	0	0	0	0	0	0	0	0	0	0	0	0	1	0	0	0	0	0	0	0	0	0	0	0	0	0	0	0	0	0	0	0	0	0	0	0	0	0	0	0	0	0	0	0	0	0	0	0	0	0	0	0	0	0	0	0	0	0	0	0	0	0	0	0	0	0	0	0	0	0	0	0	0	0	0	0	0	0	0	0	0	0
