FW_Default	FW_LBM	FW_QBM	FW_NM	Direct	interior-point-convex	active-set
0	0.0345906777376059	0.0341363431652198	0.0341363431652198	1.17340977174931e-10	1	NaN
0	0	0	0	1.13135567261578e-10	0	NaN
0	0	0	0	5.48689804601767e-07	0	NaN
0	0	0	0	1.44189243827621e-10	0	NaN
0	0.0345906777376059	0.0341363431652198	0.0341363431652198	4.8209465025439e-10	1	NaN
0	0	0	0	1.52397358393688e-09	0	NaN
0	0	0	0	1.54187241984095e-10	0	NaN
0	0	0	0	1.38431784815056e-10	0	NaN
0	0	0	0	1.04281144957552e-10	0	NaN
0	0	0	0	6.57123666652384e-10	0	NaN
0	0	0	0	3.56492666727073e-10	0	NaN
0	0	0	0	1.55770502694316e-10	0	NaN
0	0	0	0	1.969953658591e-10	0	NaN
0	0	0	0	1.86857387743324e-09	0	NaN
0	0	0	0	1.15103263786064e-09	0	NaN
0	0	0	0	5.19866986652403e-10	0	NaN
0	0	0	0	1.11938199257642e-10	0	NaN
0	0	0	0	1.09756828747742e-08	0	NaN
0	0	0	0	1.02540189496238e-10	0	NaN
0	0	0	0	1.55495830406687e-10	0	NaN
0	0	0	0	1.56103085186453e-09	0	NaN
0	0	0	0	1.06277970050293e-10	0	NaN
0	0	0	0	1.03535760307075e-10	0	NaN
0	0	0	0	9.83460788319499e-11	0	NaN
0	0	0	0	6.23992850871201e-10	0	NaN
0	0	0	0	2.27264720029012e-08	0	NaN
0	0	0	0	1.65420438981828e-10	0	NaN
0	0	0	0	2.91773578958968e-10	0	NaN
0	0	0	0	1.44967348574795e-10	0	NaN
0	0	0	0	2.07113103897486e-10	0	NaN
0	0	0	0	1.09000240937991e-10	0	NaN
0	0	0	0	4.98927555148725e-10	0	NaN
0	0	0	0	0.0086071204906959	0	NaN
0	0	0	0	2.09358954227694e-09	0	NaN
0	0	0	0	2.02591394483598e-10	0	NaN
0	0	0	0	3.77712699463965e-10	0	NaN
0	0	0	0	4.47761708871224e-10	0	NaN
0	0	0	0	0.00387779857897052	0	NaN
0	0	0	0	2.84499573258462e-08	0	NaN
0	0	0	0	2.34191109498547e-10	0	NaN
0	0	0	0	1.69078107172724e-10	0	NaN
0	0	0	0	1.91901541864517e-10	0	NaN
0	0	0	0	2.00779925794558e-10	0	NaN
0	0	0	0	5.8507662059854e-10	0	NaN
0	0	0	0	5.1133369770407e-10	0	NaN
0	0	0	0	2.74369918895156e-10	0	NaN
0	0	0	0	1.72352233428433e-10	0	NaN
0.0909090909090909	0.0903814970527377	0.094522351735801	0.094522351735801	0.118967532837011	0	NaN
0	0	0	0	5.10036311466675e-10	0	NaN
0.0363636363636364	0.087693854727955	0.0908601330338031	0.0908601330338031	0.0230992748783602	0	NaN
0	0.0345906777376059	0.0341363431652198	0.0341363431652198	1.00401785625337e-09	1	NaN
0	0	0	0	1.127746842899e-10	0	NaN
0	0	0	0	2.29691651944134e-10	0	NaN
0	0	0	0	4.39646200035654e-10	0	NaN
0	0	0	0	1.01322153001596e-10	0	NaN
0	0	0	0	4.39652970783572e-10	0	NaN
0	0	0	0	6.47980430458611e-10	0	NaN
0	0	0	0	1.16527318736592e-10	0	NaN
0	0	0	0	1.24497946311418e-10	0	NaN
0	0	0	0	1.28641163581053e-10	0	NaN
0	0	0	0	1.20870940178617e-10	0	NaN
0	0	0	0	1.72022668827734e-10	0	NaN
0	0	0	0	1.5592915415341e-10	0	NaN
0	0	0	0	9.85441189096708e-10	0	NaN
0	0	0	0	2.1081753906726e-10	0	NaN
0	0	0	0	4.13030349770958e-09	0	NaN
0	0	0	0	9.93142149273177e-11	0	NaN
0	0	0	0	1.12743139641751e-10	0	NaN
0	0	0	0	0.000155116029708219	0	NaN
0	0	0	0	1.10084821039957e-10	0	NaN
0	0	0	0	6.21152829550093e-10	0	NaN
0	0	0	0	1.44396366596709e-10	0	NaN
0	0	0	0	2.85250966035209e-10	0	NaN
0	0	0	0	8.59364619084787e-11	0	NaN
0	0	0	0	1.61159026087053e-10	0	NaN
0	0	0	0	4.41510781686626e-09	0	NaN
0.127272727272727	0.089685791015625	0.0849871594078001	0.0849871594078001	0.0998332174991919	0	NaN
0	0	0	0	4.68969047742145e-09	0	NaN
0	0	0	0	1.18813721621025e-10	0	NaN
0	0	0	0	2.09385609445884e-10	0	NaN
0	0	0	0	1.01682501826326e-09	0	NaN
0	0	0	0	2.96072284913307e-10	0	NaN
0	0	0	0	3.33452998910811e-10	0	NaN
0	0	0	0	9.02101535360675e-10	0	NaN
0	0	0	0	2.18032037390977e-10	0	NaN
0	0	0	0	1.46647276341155e-10	0	NaN
0	0	0	0	1.00556350526967e-10	0	NaN
0	0	0	0	5.5577709175812e-10	0	NaN
0	0	0	0	1.29421652626992e-10	0	NaN
0	0	0	0	1.24562493598717e-10	0	NaN
0	0	0	0	0.00342260691950912	0	NaN
0	0	0	0	1.42997019073817e-10	0	NaN
0	0	0	0	2.16591538293058e-10	0	NaN
0	0	0	0	1.28469962751761e-10	0	NaN
0	0	0	0	1.47463436776715e-10	0	NaN
0	0	0	0	3.85308811009756e-10	0	NaN
0	0	0	0	1.21915334156281e-09	0	NaN
0	0	0	0	1.75232382126547e-10	0	NaN
0	0	0	0	1.06704675757518e-10	0	NaN
0	0	0	0	1.41868952246966e-10	0	NaN
0	0	0	0	1.81360673267219e-10	0	NaN
0	0	0	0	1.14337111423703e-09	0	NaN
0	0	0	0	1.92687159409572e-10	0	NaN
0	0	0	0	1.99672611292496e-10	0	NaN
0	0	0	0	2.72540529438765e-10	0	NaN
0	0	0	0	1.20500813262476e-10	0	NaN
0	0	0	0	1.103084632068e-09	0	NaN
0	0	0	0	1.84233979187989e-10	0	NaN
0.0727272727272728	0.087693854727955	0.0908601330338031	0.0908601330338031	0.0859985318223876	0	NaN
0	0	0	0	7.35263511728881e-10	0	NaN
0.0727272727272728	0.0783150245241523	0.0786404789633203	0.0786404789633203	0.0371429481325656	0	NaN
0	0	0	0	2.06869529944413e-10	0	NaN
0	0	0	0	1.82439755415998e-10	0	NaN
0	0	0	0	1.89697538172617e-10	0	NaN
0	0	0	0	4.1872433525968e-10	0	NaN
0	0	0	0	0.00060162319389993	0	NaN
0	0	0	0	3.69334503262404e-10	0	NaN
0	0	0	0	1.32362774105085e-09	0	NaN
0	0	0	0	1.25856116786758e-10	0	NaN
0	0	0	0	1.91435009076664e-10	0	NaN
0	0	0	0	5.23331537537928e-10	0	NaN
0	0	0	0	1.90097935851558e-10	0	NaN
0	0	0	0	9.55806255264199e-09	0	NaN
0	0	0	0	1.38069077758342e-10	0	NaN
0	0	0	0	3.84247836384123e-10	0	NaN
0	0	0	0	1.03939930021871e-10	0	NaN
0	0	0	0	1.497049001539e-10	0	NaN
0	0	0	0	1.56428318977036e-10	0	NaN
0	0	0	0	1.5679599246884e-10	0	NaN
0	0	0	0	1.17325550928537e-09	0	NaN
0.181818181818182	0.0746484375	0.0693994274175239	0.0693994274175239	0.0596373611050172	0	NaN
0	0	0	0	1.22836020217231e-10	0	NaN
0	0	0	0	3.08070490067863e-10	0	NaN
0	0	0	0	1.10833986121554e-10	0	NaN
0	0	0	0	3.97891965984857e-10	0	NaN
0	0	0	0	1.89754897453609e-10	0	NaN
0	0	0	0	1.4092248920565e-10	0	NaN
0	0	0	0	4.05180549188847e-10	0	NaN
0	0	0	0	2.32686667032348e-10	0	NaN
0	0	0	0	1.04873107468198e-10	0	NaN
0	0	0	0	1.68126839961924e-10	0	NaN
0	0	0	0	2.9564017238433e-10	0	NaN
0	0	0	0	4.09007840595225e-10	0	NaN
0	0	0	0	3.02750995030664e-08	0	NaN
0	0	0	0	3.97979385787351e-10	0	NaN
0	0	0	0	4.50869091513946e-10	0	NaN
0	0	0	0	1.1511287387423e-10	0	NaN
0	0	0	0	2.24600889476981e-10	0	NaN
0	0	0	0	4.45813881216867e-10	0	NaN
0	0	0	0	0.0562665470896297	0	NaN
0	0	0	0	3.3443102683088e-10	0	NaN
0	0	0	0	2.96898352581143e-10	0	NaN
0	0	0	0	1.61552483401542e-10	0	NaN
0	0	0	0	1.21391899348283e-10	0	NaN
0	0	0	0	1.029615499382e-10	0	NaN
0	0	0	0	1.20591872524047e-10	0	NaN
0	0	0	0	3.44027362645925e-10	0	NaN
0	0	0	0	4.13016354777962e-07	0	NaN
0	0	0	0	2.41022527145934e-10	0	NaN
0	0	0	0	4.4120806559677e-10	0	NaN
0	0	0	0	5.70867439635808e-10	0	NaN
0	0	0	0	1.15273366455184e-10	0	NaN
0	0	0	0	2.38817960933884e-10	0	NaN
0	0	0	0	7.03335889059229e-10	0	NaN
0	0	0	0	1.10086488497621e-10	0	NaN
0	0	0	0	1.35028187111686e-10	0	NaN
0	0	0	0	1.15193927987508e-10	0	NaN
0	0	0	0	7.60885576622095e-10	0	NaN
0	0	0	0	1.62204795858049e-10	0	NaN
0	0	0	0	1.20718077856574e-10	0	NaN
0	0	0	0	1.08399326361608e-10	0	NaN
0	0	0	0	1.28954109323249e-10	0	NaN
0	0	0	0	5.62130265098387e-10	0	NaN
0	0	0	0	3.74928758149375e-10	0	NaN
0	0	0	0	0.0213833072678712	0	NaN
0	0	0	0	1.83764916959576e-10	0	NaN
0	0	0	0	4.61452677459358e-10	0	NaN
0	0	0	0	2.93308862443514e-10	0	NaN
0	0	0	0	1.09590181552727e-10	0	NaN
0	0	0	0	1.08885234506363e-09	0	NaN
0	0	0	0	1.28739391400271e-09	0	NaN
0	0	0	0	2.6889437637621e-09	0	NaN
0	0	0	0	1.13906853572124e-10	0	NaN
0	0	0	0	1.34700483269341e-10	0	NaN
0	0	0	0	1.44780123021422e-10	0	NaN
0	0	0	0	2.67209395727839e-10	0	NaN
0	0	0	0	1.32779862827066e-10	0	NaN
0	0	0	0	1.05104810148716e-10	0	NaN
0	0	0	0	1.35694722983326e-10	0	NaN
0	0	0	0	1.07136678281025e-10	0	NaN
0	0	0	0	3.09224451967352e-10	0	NaN
0	0	0	0	1.65273558399609e-10	0	NaN
0	0	0	0	1.49470767524562e-10	0	NaN
0.163636363636364	0.127307661437988	0.124832493911982	0.124832493911982	0.109999055369234	0	NaN
0	0	0	0	1.02983272866598e-10	0	NaN
0	0	0	0	1.62688165742158e-10	0	NaN
0	0	0	0	2.05321624866692e-08	0	NaN
0	0	0	0	9.04470592566122e-10	0	NaN
0	0	0	0	1.04092202549686e-10	0	NaN
0	0	0	0	1.6569582274937e-10	0	NaN
0	0	0	0	1.09108285124136e-10	0	NaN
0	0	0	0	5.92504344716507e-10	0	NaN
0	0	0	0	2.26433595254057e-10	0	NaN
0	0	0	0	2.24414909290339e-10	0	NaN
0	0	0	0	1.14504337742392e-10	0	NaN
0	0	0	0	2.59935231028079e-10	0	NaN
0	0	0	0	4.68222332348431e-08	0	NaN
0	0	0	0	2.19870281755583e-10	0	NaN
0	0	0	0	9.57653690326068e-10	0	NaN
0	0	0	0	3.95962053476201e-10	0	NaN
0	0	0	0	2.3814981684974e-10	0	NaN
0	0	0	0	1.11139970668458e-10	0	NaN
0	0	0	0	3.88470507441359e-10	0	NaN
0	0	0	0	1.84016547365917e-10	0	NaN
0	0	0	0	1.75425019764462e-08	0	NaN
0	0	0	0	3.59822082240722e-09	0	NaN
0	0	0	0	0.0190021519070576	0	NaN
0	0	0	0	1.39274440977192e-09	0	NaN
0	0	0	0	4.81263281738859e-10	0	NaN
0	0	0	0	1.09294469218545e-10	0	NaN
0	0	0	0	2.36276994715209e-10	0	NaN
0.0545454545454546	0.0775713776115936	0.0765357812546544	0.0765357812546544	0.0865093005430813	0	NaN
0	0	0	0	1.03142803135103e-10	0	NaN
0	0	0	0	4.08203833099051e-10	0	NaN
0	0	0	0	1.20215695450932e-10	0	NaN
0	0	0	0	2.29897107298785e-10	0	NaN
0	0	0	0	2.98418032124709e-10	0	NaN
0	0	0	0	2.68064105179724e-10	0	NaN
0	0	0	0	4.10988720314845e-10	0	NaN
0	0	0	0	1.36465864645758e-10	0	NaN
0	0	0	0	1.14521926710791e-10	0	NaN
0	0	0	0	3.8835190170983e-10	0	NaN
0	0	0	0	1.22832269966404e-10	0	NaN
0	0	0	0	4.52085493603236e-10	0	NaN
0	0	0	0	2.59396407395375e-10	0	NaN
0	0	0	0	2.67800506527837e-10	0	NaN
0	0	0	0	1.41006591325812e-10	0	NaN
0	0	0	0	1.50785744865286e-10	0	NaN
0.327272727272727	0.463120424910895	0.466919017004067	0.466919017004067	0.484744113767459	0	NaN
0	0	0	0	9.92772429660792e-11	0	NaN
0	0	0	0	0.0236271141250734	0	NaN
0	0	0	0	0.0051692319371043	0	NaN
0	0	0	0	2.06651496748982e-08	0	NaN
0	0	0	0	5.97242945636304e-10	0	NaN
0	0	0	0	1.48842859246844e-10	0	NaN
0	0	0	0	1.2794164166346e-10	0	NaN
0	0	0	0	1.20032666553993e-10	0	NaN
0	0	0	0	2.48265806434757e-10	0	NaN
0	0	0	0	2.24957363813032e-10	0	NaN
0	0	0	0	2.50221263256758e-10	0	NaN
0	0	0	0	3.44850774893291e-10	0	NaN
0	0	0	0	1.71202422299556e-10	0	NaN
0	0	0	0	9.41616661224272e-10	0	NaN
0	0	0	0	1.6160833945727e-10	0	NaN
0	0	0	0	2.07693021255793e-10	0	NaN
0	0	0	0	1.68037122360924e-10	0	NaN
0	0	0	0	1.24520580412545e-09	0	NaN
0	0	0	0	1.15300599245416e-10	0	NaN
0	0	0	0	3.29823363666562e-09	0	NaN
0	0	0	0	1.49657801208821e-10	0	NaN
0	0	0	0	3.98809746092552e-10	0	NaN
0	0	0	0	1.11357599330704e-10	0	NaN
0	0	0	0	1.45447837384661e-10	0	NaN
0	0	0	0	1.39448814224281e-10	0	NaN
0	0	0	0	1.19556864202133e-10	0	NaN
0	0	0	0	1.70039220732022e-09	0	NaN
0	0	0	0	2.49647354935581e-10	0	NaN
0	0	0	0	3.5459224934782e-10	0	NaN
0	0	0	0	1.45385062446688e-10	0	NaN
0	0	0	0	1.45585627144209e-10	0	NaN
0	0	0	0	1.09523521042535e-10	0	NaN
0	0	0	0	1.31476464587535e-10	0	NaN
0	0	0	0	1.50184445678759e-10	0	NaN
0	0	0	0	1.80188126892007e-10	0	NaN
0	0	0	0	1.57807504218029e-10	0	NaN
0	0	0	0	3.0848774664625e-10	0	NaN
0	0	0	0	1.10728700019902e-10	0	NaN
0	0	0	0	1.5868992676663e-10	0	NaN
0	0	0	0	1.06317481240323e-10	0	NaN
0	0	0	0	3.74827158021629e-10	0	NaN
0	0	0	0	3.84250977158336e-10	0	NaN
0	0	0	0	1.0499785321682e-10	0	NaN
0	0	0	0	1.71991898268123e-10	0	NaN
0	0	0	0	3.57335394099382e-10	0	NaN
0	0	0	0	1.3397519488546e-09	0	NaN
0	0	0	0	1.30379675928999e-10	0	NaN
0	0	0	0	1.13562074739071e-10	0	NaN
0	0	0	0	1.20654211585341e-09	0	NaN
0	0	0	0	1.83418481180832e-10	0	NaN
0	0	0	0	4.14620754010239e-10	0	NaN
0	0	0	0	3.44461639014094e-10	0	NaN
0	0	0	0	7.31762006164355e-10	0	NaN
0	0	0	0	1.66839355833375e-10	0	NaN
0	0	0	0	1.34236783462501e-10	0	NaN
0	0	0	0	1.50828065956722e-10	0	NaN
0	0	0	0	1.07267554003933e-10	0	NaN
0	0	0	0	8.80123607419914e-10	0	NaN
0	0	0	0	1.12659319849639e-10	0	NaN
0	0	0	0	4.7020279193427e-10	0	NaN
0	0	0	0	4.94836954499913e-08	0	NaN
0	0	0	0	1.11610835423439e-10	0	NaN
0	0	0	0	2.40758648976755e-10	0	NaN
0	0	0	0	4.04551935452376e-10	0	NaN
0	0	0	0	4.04906099088679e-10	0	NaN
0	0	0	0	1.08317680577165e-10	0	NaN
0	0	0	0	1.31843803980569e-09	0	NaN
0	0	0	0	0.0349307665774809	0	NaN
0	0	0	0	1.64059836415094e-10	0	NaN
0	0	0	0	8.08916186021608e-10	0	NaN
0	0	0	0	2.58486456124333e-10	0	NaN
0	0	0	0	1.15999003866833e-09	0	NaN
0	0	0	0	2.22758401899566e-10	0	NaN
0.163636363636364	0.08125	0.0693994274175239	0.0693994274175239	0.0424644691836352	0	NaN
0	0	0	0	2.34436797178334e-10	0	NaN
0	0	0	0	5.35268973812846e-10	0	NaN
0	0	0	0	3.20322315128312e-09	0	NaN
0	0	0	0	1.18129959762666e-10	0	NaN
0	0	0	0	2.61034765411459e-10	0	NaN
0	0	0	0	1.86434720739227e-10	0	NaN
0	0	0	0	1.97739750564201e-10	0	NaN
0	0	0	0	5.13934982713582e-10	0	NaN
0	0	0	0	4.00511446874133e-10	0	NaN
0	0	0	0	1.30382296860312e-10	0	NaN
0	0	0	0	1.80723414600467e-09	0	NaN
0	0	0	0	1.26120487165887e-10	0	NaN
0	0	0	0	2.91036904094643e-10	0	NaN
0	0	0	0	2.92962638195531e-10	0	NaN
0	0	0	0	1.34270442173091e-10	0	NaN
0	0	0	0	9.74187014132731e-11	0	NaN
0.545454545454546	0.486728596039295	0.488423905754491	0.488423905754491	0.474390688850589	1	NaN
0	0	0	0	1.53756222700705e-10	0	NaN
0	0	0	0	1.17414229767768e-10	0	NaN
0	0	0	0	9.8476364213269e-11	0	NaN
0	0	0	0	1.02220670905693e-10	0	NaN
0	0	0	0	1.54760624008273e-10	0	NaN
0	0	0	0	1.48684185319488e-10	0	NaN
0	0	0	0	2.73032319012105e-10	0	NaN
0	0	0	0	1.37909911549294e-10	0	NaN
0	0	0	0	1.35592345733271e-10	0	NaN
0	0	0	0	6.40764415183261e-09	0	NaN
0	0	0	0	4.4266647826716e-10	0	NaN
0	0	0	0	1.08210432703912e-09	0	NaN
0	0	0	0	1.18282398410997e-09	0	NaN
0	0	0	0	5.41990387821839e-10	0	NaN
0	0	0	0	1.21535644469313e-10	0	NaN
0	0	0	0	1.00330636196859e-10	0	NaN
0	0	0	0	1.1143582095975e-10	0	NaN
0	0	0	0	1.9637690488917e-10	0	NaN
0	0	0	0	1.29663783113771e-09	0	NaN
0	0	0	0	3.62153234530724e-10	0	NaN
0	0	0	0	1.85862194868396e-09	0	NaN
0	0	0	0	9.92046938092997e-11	0	NaN
0	0	0	0	3.14280016135414e-10	0	NaN
0	0	0	0	6.33586068969298e-10	0	NaN
0	0	0	0	1.74454454579306e-10	0	NaN
0	0	0	0	1.38555862732807e-10	0	NaN
0	0	0	0	1.52260647333416e-10	0	NaN
0	0	0	0	1.42551841139711e-10	0	NaN
0	0	0	0	1.41957824878189e-08	0	NaN
0	0	0	0	1.10256662529036e-10	0	NaN
0	0	0	0	5.49582896823139e-10	0	NaN
0	0	0	0	3.30003916614736e-10	0	NaN
0	0	0	0	1.48979302430973e-09	0	NaN
0	0	0	0	3.23043089368957e-10	0	NaN
0	0	0	0	1.89838793861599e-10	0	NaN
0	0	0	0	1.14904842793998e-10	0	NaN
0	0	0	0	5.99648597535501e-10	0	NaN
0	0	0	0	1.86185611575023e-10	0	NaN
0	0	0	0	1.34095696002347e-10	0	NaN
0	0	0	0	1.71925013545087e-10	0	NaN
0	0	0	0	3.86530323849592e-10	0	NaN
0	0	0	0	1.32638320985569e-10	0	NaN
0	0	0	0	2.19951657614376e-10	0	NaN
0	0	0	0	3.48785890669768e-10	0	NaN
0	0	0	0	9.83123929118924e-11	0	NaN
0	0	0	0	1.47472815645834e-10	0	NaN
0	0	0	0	1.33393670208634e-10	0	NaN
0	0	0	0	3.11393706292406e-10	0	NaN
0	0	0	0	2.14347099964647e-08	0	NaN
0	0	0	0	1.28022809693077e-10	0	NaN
0	0	0	0	6.56406061746816e-10	0	NaN
0	0	0	0	2.5889481987744e-10	0	NaN
0	0	0	0	1.2916152452438e-10	0	NaN
0	0	0	0	2.12169498327548e-10	0	NaN
0	0	0	0	2.64019509935061e-10	0	NaN
0	0	0	0	2.08683100559972e-10	0	NaN
0	0	0	0	3.24659080208023e-10	0	NaN
0	0	0	0	1.9033212794297e-10	0	NaN
0	0	0	0	1.99037862362823e-10	0	NaN
0	0	0	0	0.0274580985174734	0	NaN
0	0	0	0	1.42901031074276e-09	0	NaN
0	0	0	0	3.80786117145441e-10	0	NaN
0	0	0	0	1.62308891096167e-10	0	NaN
0	0	0	0	1.46802895724002e-10	0	NaN
0	0	0	0	4.85155318672033e-10	0	NaN
0	0	0	0	1.66643647361884e-10	0	NaN
0	0	0	0	1.18225172645383e-10	0	NaN
0	0	0	0	1.55879682417832e-10	0	NaN
0	0	0	0	1.70054580167126e-10	0	NaN
0	0	0	0	9.21464758722776e-10	0	NaN
0	0	0	0	1.19686387901908e-10	0	NaN
0	0	0	0	1.37031574511061e-10	0	NaN
0	0	0	0	7.86447576408846e-09	0	NaN
0	0	0	0	2.16609373532987e-10	0	NaN
0	0	0	0	0.00100942144988599	0	NaN
0	0	0	0	7.9624510731139e-10	0	NaN
0	0	0	0	5.89988450612611e-10	0	NaN
0	0	0	0	2.29325418290887e-10	0	NaN
0	0	0	0	1.92058348328858e-10	0	NaN
0	0	0	0	3.19783240228664e-07	0	NaN
0	0	0	0	2.19642548371806e-10	0	NaN
0	0	0	0	2.43053931016983e-10	0	NaN
0	0	0	0	4.02551533983234e-10	0	NaN
0	0	0	0	2.5567881139023e-10	0	NaN
0	0	0	0	3.57097134253712e-10	0	NaN
0	0	0	0	3.3505197519597e-10	0	NaN
0	0	0	0	4.82577725690328e-10	0	NaN
0	0	0	0	5.06733354624138e-10	0	NaN
0	0	0	0	5.29372516734399e-10	0	NaN
0	0	0	0	3.16905065607723e-10	0	NaN
0	0	0	0	3.0855493417213e-10	0	NaN
0	0	0	0	4.82069893428028e-10	0	NaN
0	0	0	0	1.71107480234734e-10	0	NaN
0	0	0	0	2.82831028187398e-10	0	NaN
0	0	0	0	1.28748209830879e-10	0	NaN
0	0	0	0	1.82733001228259e-10	0	NaN
0	0	0	0	1.52656489209768e-10	0	NaN
0	0	0	0	1.29777259237986e-10	0	NaN
0	0	0	0	1.03704386742369e-10	0	NaN
0	0	0	0	4.4340554193598e-10	0	NaN
0	0	0	0	4.65843567175381e-05	0	NaN
0	0	0	0	5.74924915645686e-10	0	NaN
0	0	0	0	1.12026999730298e-10	0	NaN
0	0	0	0	1.07320263253124e-10	0	NaN
0	0	0	0	2.3977830387325e-07	0	NaN
0.145454545454545	0.127307661437988	0.124832493911982	0.124832493911982	0.0873825541907292	0	NaN
0	0	0	0	7.30322263973683e-09	0	NaN
0	0	0	0	3.7963606066448e-10	0	NaN
0	0	0	0	4.07196160936605e-10	0	NaN
0	0	0	0	1.18103826647331e-10	0	NaN
0	0	0	0	2.21136457629375e-10	0	NaN
0	0	0	0	1.699438742157e-10	0	NaN
0	0	0	0	1.91809479190427e-10	0	NaN
0	0	0	0	2.91601599321016e-10	0	NaN
0	0	0	0	1.47624027504287e-10	0	NaN
0	0	0	0	2.99237445418388e-10	0	NaN
0	0	0	0	1.21589232542081e-10	0	NaN
0	0	0	0	0.0053826403174465	0	NaN
0	0	0	0	2.12993189715795e-10	0	NaN
0	0	0	0	1.87572538305218e-10	0	NaN
0	0	0	0	1.70036427867415e-10	0	NaN
0	0	0	0	1.26918969440395e-10	0	NaN
0	0	0	0	2.43853294704072e-10	0	NaN
0	0	0	0	7.46264314062192e-10	0	NaN
0	0	0	0	2.67654961585334e-10	0	NaN
0	0	0	0	5.48266377241672e-10	0	NaN
0	0	0	0	2.80726347465074e-10	0	NaN
0	0	0	0	1.16232007910494e-10	0	NaN
0	0	0	0	1.53416696188242e-10	0	NaN
0	0	0	0	1.74432491367984e-07	0	NaN
0	0	0	0	2.83783293626752e-10	0	NaN
0	0	0	0	1.61369225436265e-10	0	NaN
0	0	0	0	2.92562347040407e-10	0	NaN
0	0	0	0	3.04670561313943e-10	0	NaN
0	0	0	0	1.9071102663871e-10	0	NaN
0	0	0	0	4.46004117816186e-10	0	NaN
0	0	0	0	1.71601381731001e-09	0	NaN
0	0	0	0	2.6401485802311e-10	0	NaN
0	0	0	0	1.52259558174312e-10	0	NaN
0	0	0	0	1.5145036878386e-10	0	NaN
0	0	0	0	1.56020992372827e-10	0	NaN
0	0	0	0	1.01085718880662e-10	0	NaN
0	0	0	0	1.09859493175722e-10	0	NaN
0	0	0	0	1.39503552872015e-10	0	NaN
0	0	0	0	7.74586471468723e-08	0	NaN
0	0	0	0	2.59858726168495e-09	0	NaN
0	0	0	0	2.01889153083457e-10	0	NaN
0	0	0	0	1.44602129835945e-10	0	NaN
0	0	0	0	0.0141292590195059	0	NaN
0	0	0	0	1.27489158942198e-10	0	NaN
0	0	0	0	1.52370021404284e-10	0	NaN
0	0	0	0	1.56601895519691e-10	0	NaN
0	0	0	0	4.51946745342472e-10	0	NaN
0	0	0	0	1.29896795118682e-10	0	NaN
0	0	0	0	3.17797452211893e-10	0	NaN
0	0	0	0	1.02590021336528e-10	0	NaN
0	0	0	0	3.11323371204121e-10	0	NaN
0	0	0	0	2.62127036476951e-10	0	NaN
0	0	0	0	1.1322147961242e-09	0	NaN
0	0	0	0	1.17067980595386e-10	0	NaN
0	0	0	0	1.22743429743052e-10	0	NaN
0	0	0	0	4.83298594831714e-10	0	NaN
0	0	0	0	0.041511061612962	0	NaN
0	0	0	0	1.1336578399139e-10	0	NaN
0	0	0	0	1.50494963455348e-10	0	NaN
0	0	0	0	1.03997791059703e-10	0	NaN
0	0	0	0	2.43107077224083e-10	0	NaN
0	0	0	0	2.60261927080788e-10	0	NaN
0	0	0	0	2.38599344642595e-10	0	NaN
0	0	0	0	2.80321788146849e-10	0	NaN
0	0	0	0	3.72836415423153e-10	0	NaN
0	0	0	0	1.20350720977994e-10	0	NaN
0	0	0	0	2.45373685486638e-10	0	NaN
0	0	0	0	1.89826234600713e-10	0	NaN
0	0	0	0	2.67547327139444e-10	0	NaN
0	0	0	0	2.55029423266646e-10	0	NaN
0	0	0	0	1.05805533414118e-10	0	NaN
0	0	0	0	2.13466895143159e-10	0	NaN
0	0	0	0	1.17927721348736e-10	0	NaN
0	0	0	0	1.90699972597085e-10	0	NaN
0	0	0	0	9.93837478669217e-11	0	NaN
0	0	0	0	1.02777054587003e-09	0	NaN
0	0	0	0	1.42079039981514e-09	0	NaN
0	0	0	0	8.79749312169183e-10	0	NaN
0	0	0	0	1.00510441523606e-10	0	NaN
0	0	0	0	1.64046097842147e-10	0	NaN
0	0	0	0	9.03397150299474e-10	0	NaN
0	0	0	0	1.39954354393863e-10	0	NaN
0	0	0	0	7.44228361237599e-08	0	NaN
0	0	0	0	2.18219288482927e-10	0	NaN
0	0	0	0	0.0130938918526635	0	NaN
0	0	0	0	1.28121847318609e-10	0	NaN
0	0	0	0	2.11247728197542e-10	0	NaN
0	0	0	0	2.16775854526374e-10	0	NaN
0	0	0	0	3.41863808401031e-09	0	NaN
0	0	0	0	1.74781628360904e-10	0	NaN
0	0	0	0	1.72801210938537e-10	0	NaN
0	0	0	0	7.71988417283064e-10	0	NaN
0	0	0	0	1.26016983163607e-10	0	NaN
0	0	0	0	1.10652984623091e-10	0	NaN
0	0	0	0	9.66153634011847e-10	0	NaN
0	0	0	0	1.48197250473646e-10	0	NaN
0	0	0	0	1.1668662794381e-10	0	NaN
0	0	0	0	4.12990852196191e-10	0	NaN
0	0	0	0	5.07911669877689e-10	0	NaN
0	0	0	0	1.02733291698608e-10	0	NaN
0	0	0	0	1.57424753526982e-10	0	NaN
0	0	0	0	1.8459874598512e-09	0	NaN
0	0	0	0	1.55801987593696e-10	0	NaN
0	0	0	0	2.43793748454946e-10	0	NaN
0	0	0	0	7.76069110422873e-10	0	NaN
0	0	0	0	2.88676221393694e-07	0	NaN
0	0	0	0	2.30097713652817e-10	0	NaN
0	0.08125	0.083418675425511	0.083418675425511	0.0416357178328182	0	NaN
0	0	0	0	2.42436712295744e-10	0	NaN
0	0	0	0	1.92671442696532e-10	0	NaN
0	0	0	0	2.14313915967602e-10	0	NaN
0	0	0	0	0.0380031961655911	0	NaN
0	0	0	0	3.17010984469107e-10	0	NaN
0	0	0	0	2.11196528654225e-10	0	NaN
0	0	0	0	2.5408503268043e-09	0	NaN
0	0	0	0	1.06459051530465e-10	0	NaN
0	0	0	0	1.16623727404953e-09	0	NaN
0	0	0	0	1.77980972589543e-10	0	NaN
0	0	0	0	1.01031440428659e-10	0	NaN
0	0	0	0	1.68610933435107e-10	0	NaN
0	0	0	0	2.02541848206051e-10	0	NaN
0	0	0	0	5.76716410556944e-10	0	NaN
0	0	0	0	1.11174896122764e-10	0	NaN
0	0	0	0	4.68338562128449e-10	0	NaN
0	0	0	0	1.32798661330206e-10	0	NaN
0	0	0	0	1.01522921729699e-10	0	NaN
0	0	0	0	2.43954693743849e-10	0	NaN
0	0	0	0	3.76990007409627e-10	0	NaN
0	0	0	0	5.61943487361576e-10	0	NaN
0	0	0	0	1.2611019610309e-09	0	NaN
0	0	0	0	1.02524048361774e-10	0	NaN
0	0	0	0	5.53838396013129e-07	0	NaN
0	0	0	0	2.78988979178165e-10	0	NaN
0	0	0	0	1.2910409205148e-05	0	NaN
0	0	0	0	1.29110361422196e-10	0	NaN
0	0	0	0	1.69706807285476e-09	0	NaN
0	0	0	0	1.22758420378809e-10	0	NaN
0	0	0	0	1.84429782392155e-10	0	NaN
0	0	0	0	5.02078074998875e-08	0	NaN
0	0	0	0	1.79092105631264e-10	0	NaN
0	0	0	0	1.24471367035681e-10	0	NaN
0	0	0	0	9.98058113161238e-10	0	NaN
0	0	0	0	1.19278917759023e-09	0	NaN
0	0	0	0	1.30798117311988e-10	0	NaN
0	0	0	0	2.0570531825942e-10	0	NaN
0	0	0	0	1.28028309366956e-10	0	NaN
0	0	0	0	1.98929989297355e-10	0	NaN
0	0	0	0	2.16045307598894e-10	0	NaN
0	0	0	0	4.12012546096032e-10	0	NaN
0	0	0	0	3.43017230127672e-10	0	NaN
0	0	0	0	3.13979415778682e-08	0	NaN
0	0	0	0	4.00903512979415e-10	0	NaN
0	0	0	0	1.61682197364323e-10	0	NaN
0	0	0	0	4.42969113663721e-10	0	NaN
0	0	0	0	1.2519380127504e-10	0	NaN
0	0	0	0	2.46414819731223e-10	0	NaN
0	0	0	0	4.2430028502046e-10	0	NaN
0	0	0	0	2.21246572338194e-10	0	NaN
0	0	0	0	3.08351982772605e-09	0	NaN
0	0	0	0	1.30091496694893e-10	0	NaN
0	0	0	0	1.6792116074541e-10	0	NaN
0	0	0	0	1.54510039077392e-10	0	NaN
0	0	0	0	1.10691787474387e-10	0	NaN
0	0	0	0	1.48259632333734e-09	0	NaN
0	0	0	0	3.26439446771806e-10	0	NaN
0	0	0	0	5.30391270230279e-10	0	NaN
0	0	0	0	1.52127364413167e-10	0	NaN
0	0	0	0	1.03381819189779e-10	0	NaN
0	0	0	0	1.87443551336511e-10	0	NaN
0	0	0	0	1.06443197792381e-10	0	NaN
0	0	0	0	2.32856896410956e-10	0	NaN
0	0	0	0	1.23473617342405e-10	0	NaN
0	0	0	0	3.24729608317104e-10	0	NaN
0	0	0	0	6.74649743220478e-10	0	NaN
0	0	0	0	1.73356253554203e-10	0	NaN
0.0909090909090909	0.0775713776115936	0.0765357812546544	0.0765357812546544	0.0511644111522786	0	NaN
0	0	0	0	5.34952623848986e-10	0	NaN
0	0	0	0	1.69043987985545e-10	0	NaN
0	0	0	0	1.38683042185217e-10	0	NaN
0	0	0	0	1.31550111873198e-10	0	NaN
0	0	0	0	2.71648859107895e-09	0	NaN
0	0	0	0	1.06394787996718e-10	0	NaN
0	0	0	0	1.2373349593946e-10	0	NaN
0	0	0	0	1.17158035272746e-09	0	NaN
0	0	0	0	2.4666506451885e-10	0	NaN
0	0	0	0	1.74285123065966e-10	0	NaN
0	0	0	0	5.07251375272365e-10	0	NaN
0	0	0	0	2.4638394391437e-10	0	NaN
0	0	0	0	2.79660044288713e-10	0	NaN
0	0	0	0	1.15852829287289e-10	0	NaN
0	0	0	0	1.61833601353518e-10	0	NaN
0	0	0	0	2.02091876271406e-10	0	NaN
0	0	0	0	1.65421916360595e-10	0	NaN
0	0	0	0	1.60597495152087e-10	0	NaN
0	0	0	0	4.97646311011477e-08	0	NaN
0	0	0	0	1.19462813893279e-10	0	NaN
0	0	0	0	1.6154297559162e-10	0	NaN
0	0	0	0	6.6176364939022e-10	0	NaN
0	0	0	0	1.28901424612073e-10	0	NaN
0	0	0	0	1.27731185667798e-10	0	NaN
0	0	0	0	3.43695008320092e-10	0	NaN
0	0	0	0	1.14321748159696e-10	0	NaN
0	0	0	0	1.23827497120559e-10	0	NaN
0	0	0	0	2.71842272009641e-10	0	NaN
0	0	0	0	1.26018325472704e-10	0	NaN
0	0	0	0	1.06803944340062e-10	0	NaN
0.236363636363636	0.167257168627219	0.161522940662455	0.161522940662455	0.141940322280613	0	NaN
0	0	0	0	1.23819477959224e-10	0	NaN
0	0	0	0	0.0212377748570036	0	NaN
0	0	0	0	1.98989360144391e-10	0	NaN
0	0	0	0	1.80920154541469e-10	0	NaN
0	0	0	0	1.28860867897776e-10	0	NaN
0	0	0	0	2.45096974123396e-10	0	NaN
0	0	0	0	3.52467264370665e-10	0	NaN
0	0	0	0	4.32540780544808e-10	0	NaN
0	0	0	0	5.57143981029892e-10	0	NaN
0	0	0	0	1.4135152199794e-10	0	NaN
0	0	0	0	1.19963986035333e-10	0	NaN
0	0	0	0	3.9820770112708e-10	0	NaN
0	0	0	0	1.15391468133442e-10	0	NaN
0	0	0	0	0.052620196962337	0	NaN
0	0	0	0	1.06959759927925e-10	0	NaN
0	0	0	0	9.6468983359616e-09	0	NaN
0	0	0	0	1.1167823156522e-09	0	NaN
0	0	0	0	1.13401802484481e-10	0	NaN
0	0	0	0	1.28633689447036e-10	0	NaN
1	1	1	1	1	1	NaN
0	0	0	0	1.39517746981352e-10	0	NaN
0	0	0	0	4.2822462782777e-10	0	NaN
0	0	0	0	2.1705053307156e-10	0	NaN
0	0	0	0	3.26330111325539e-10	0	NaN
0	0	0	0	1.38157608235798e-10	0	NaN
0	0	0	0	2.48703065961912e-10	0	NaN
0	0	0	0	1.17115082781524e-09	0	NaN
0	0	0	0	1.04166021762435e-10	0	NaN
0	0	0	0	1.47830022599591e-10	0	NaN
0	0	0	0	1.83377195671237e-10	0	NaN
0	0	0	0	1.10776150262574e-10	0	NaN
0	0	0	0	4.27351056550299e-10	0	NaN
0	0	0	0	2.26863446419013e-08	0	NaN
0	0	0	0	1.129105300607e-10	0	NaN
0	0	0	0	1.38888838158293e-10	0	NaN
0	0	0	0	1.7170738401236e-10	0	NaN
0	0	0	0	1.27320224344325e-10	0	NaN
0	0	0	0	5.64267479830109e-10	0	NaN
0	0	0	0	1.02435177529652e-10	0	NaN
0	0	0	0	1.10050892857815e-09	0	NaN
0	0	0	0	6.2460839844647e-10	0	NaN
0	0	0	0	1.4555410519466e-10	0	NaN
0.0545454545454546	0.0903814970527377	0.094522351735801	0.094522351735801	0.0833509660527968	0	NaN
0	0	0	0	1.2368394648304e-10	0	NaN
0	0	0	0	1.47507094877063e-10	0	NaN
0	0	0	0	2.32126188019342e-10	0	NaN
0	0	0	0	1.16344739283948e-10	0	NaN
0	0	0	0	1.20747235428149e-10	0	NaN
0	0	0	0	2.86947164628008e-10	0	NaN
0	0	0	0	1.92906782923113e-10	0	NaN
0	0	0	0	0.0133287957802212	0	NaN
0	0	0	0	1.12118116249378e-10	0	NaN
0	0	0	0	1.00248315808604e-10	0	NaN
0	0	0	0	1.05860956953287e-10	0	NaN
0.127272727272727	0.089685791015625	0.0849871594078001	0.0849871594078001	0.0560559745927975	0	NaN
0	0	0	0	1.21759701839193e-10	0	NaN
0	0	0	0	1.28118155156627e-10	0	NaN
0	0	0	0	1.87590295308023e-10	0	NaN
0.163636363636364	0.176247738948754	0.180027368703254	0.180027368703254	0.150995401691283	0	NaN
0	0	0	0	1.41947532228232e-10	0	NaN
0	0	0	0	3.81341381323944e-10	0	NaN
0	0	0	0	1.03882142932741e-10	0	NaN
0	0	0	0	1.96143989293027e-10	0	NaN
0	0	0	0	1.25564137903222e-10	0	NaN
0	0	0	0	6.78083507676937e-10	0	NaN
0	0	0	0	6.57535050040866e-10	0	NaN
0	0	0	0	2.09588288555638e-10	0	NaN
0	0	0	0	1.96090834836334e-10	0	NaN
0	0	0	0	0.011950594184847	0	NaN
0	0	0	0	1.07195943616394e-10	0	NaN
0	0	0	0	4.13692976625548e-10	0	NaN
0	0	0	0	1.65015313954745e-10	0	NaN
0	0	0	0	2.84917470576855e-10	0	NaN
0	0	0	0	1.34716588514401e-10	0	NaN
0	0	0	0	4.98130465395785e-10	0	NaN
0	0	0	0	6.56278177242444e-10	0	NaN
0	0	0	0	2.05332884624473e-09	0	NaN
0	0	0	0	1.25450828447921e-10	0	NaN
0	0	0	0	0.0331295888574771	0	NaN
0	0	0	0	1.17946401101594e-10	0	NaN
0	0	0	0	2.42880383574046e-09	0	NaN
0	0	0	0	1.47427939572992e-10	0	NaN
0	0	0	0	2.40750613068997e-09	0	NaN
0	0	0	0	1.09145786405767e-10	0	NaN
0	0	0	0	1.23849335309654e-10	0	NaN
0	0	0	0	1.20904122512685e-10	0	NaN
0	0	0	0	6.77559807649955e-10	0	NaN
0	0	0	0	2.4636251035612e-10	0	NaN
0.0363636363636364	0.0823079394435882	0.0826397869811303	0.0826397869811304	0.0760726958677443	0	NaN
0	0	0	0	1.56263532210118e-10	0	NaN
0	0	0	0	1.72398927567721e-10	0	NaN
0	0	0	0	5.97990471073542e-10	0	NaN
0	0	0	0	1.97443661229311e-10	0	NaN
0	0	0	0	1.12121634593567e-10	0	NaN
0	0	0	0	1.12914146176489e-10	0	NaN
0	0	0	0	2.46608472585383e-10	0	NaN
0	0	0	0	1.23396686217087e-10	0	NaN
0	0	0	0	1.24226636729911e-10	0	NaN
0	0	0	0	1.64215852081973e-10	0	NaN
0	0	0	0	5.61405148796664e-10	0	NaN
0	0	0	0	2.06415288629423e-10	0	NaN
0	0	0	0	1.9643846488117e-10	0	NaN
0	0	0	0	1.07730842745081e-10	0	NaN
0	0	0	0	4.45717633409288e-10	0	NaN
0	0	0	0	1.26623086797461e-09	0	NaN
0	0	0	0	9.9071269479647e-11	0	NaN
0	0	0	0	9.27696729994458e-08	0	NaN
0	0	0	0	2.84918785236195e-10	0	NaN
0	0	0	0	1.54802322202815e-10	0	NaN
0	0	0	0	6.51014767856484e-10	0	NaN
0	0	0	0	1.17154200473695e-10	0	NaN
0	0	0	0	1.67773608019376e-10	0	NaN
0	0	0	0	1.08906978302515e-10	0	NaN
0	0	0	0	1.41498607583767e-10	0	NaN
0	0	0	0	1.0846365453849e-10	0	NaN
0	0	0	0	1.395883850189e-10	0	NaN
0	0	0	0	1.31442831572694e-10	0	NaN
0	0	0	0	1.05940425177494e-10	0	NaN
0	0	0	0	9.79915041956409e-10	0	NaN
0	0	0	0	7.50338810869655e-10	0	NaN
0	0	0	0	2.28271169044093e-10	0	NaN
0	0	0	0	1.47523065608346e-10	0	NaN
0	0	0	0	2.52036090510397e-10	0	NaN
0	0	0	0	1.24752232671479e-10	0	NaN
0	0	0	0	2.77815255226561e-10	0	NaN
0	0	0	0	1.13077757851442e-10	0	NaN
0	0	0	0	1.24517624855539e-10	0	NaN
0	0	0	0	1.13905056040925e-10	0	NaN
0	0	0	0	1.33351391498916e-10	0	NaN
0	0	0	0	4.00065641132758e-10	0	NaN
0	0	0	0	2.96296574270956e-10	0	NaN
0	0	0	0	2.25309666354604e-10	0	NaN
0	0	0	0	1.63556032714998e-10	0	NaN
0	0	0	0	1.04364948200427e-10	0	NaN
0	0	0	0	3.30421507292779e-10	0	NaN
0	0	0	0	1.37712513164636e-10	0	NaN
0	0	0	0	1.49362792321929e-10	0	NaN
0	0	0	0	2.04258972209696e-10	0	NaN
0	0	0	0	2.65290145075885e-10	0	NaN
0	0	0	0	0.0215489250112631	0	NaN
0	0	0	0	1.45459291672648e-10	0	NaN
0	0	0	0	1.02646001266453e-10	0	NaN
0.109090909090909	0.0783150245241523	0.0786404789633203	0.0786404789633203	0.0681933223955502	0	NaN
0	0	0	0	1.37726104716659e-10	0	NaN
0	0	0	0	0.0119296936900164	0	NaN
0	0	0	0	2.21278596567254e-10	0	NaN
0	0	0	0	1.08129659485697e-10	0	NaN
0	0	0	0	3.1751740045737e-10	0	NaN
0	0	0	0	1.81161290684729e-10	0	NaN
0	0	0	0	9.83843046401949e-11	0	NaN
0	0	0	0	4.14073399043402e-10	0	NaN
0	0	0	0	2.42944253472351e-10	0	NaN
0	0	0	0	1.61739525525046e-10	0	NaN
0	0	0	0	4.50998506393282e-10	0	NaN
0	0	0	0	2.29665135665393e-10	0	NaN
0	0	0	0	4.6983817445053e-10	0	NaN
0	0	0	0	9.98635343548767e-11	0	NaN
0	0	0	0	2.53411672033155e-10	0	NaN
0	0	0	0	1.66355508739594e-10	0	NaN
0	0	0	0	3.53148863424333e-10	0	NaN
0	0	0	0	1.85781481922494e-07	0	NaN
0	0	0	0	4.99234865852668e-10	0	NaN
0	0	0	0	2.66046427510686e-10	0	NaN
0	0	0	0	2.58433273714328e-10	0	NaN
0	0	0	0	1.28057022292374e-09	0	NaN
0	0	0	0	1.02001418215136e-10	0	NaN
0	0	0	0	8.07126591780464e-10	0	NaN
0	0	0	0	1.99645640088124e-10	0	NaN
0	0	0	0	0.0293462608963831	0	NaN
0	0	0	0	5.42985435249749e-09	0	NaN
0	0	0	0	1.9791402824641e-10	0	NaN
0	0	0	0	1.70812391423669e-10	0	NaN
0	0	0	0	1.70116593800356e-10	0	NaN
0	0	0	0	2.62716095757504e-10	0	NaN
0	0	0	0	3.47303489626744e-10	0	NaN
0.0909090909090909	0.0903814970527377	0.094522351735801	0.094522351735801	0.115797090647114	0	NaN
0	0	0	0	1.33869642756827e-10	0	NaN
0	0	0	0	1.4709744654366e-10	0	NaN
0	0	0	0	3.292663390032e-10	0	NaN
0	0	0	0	9.57918022829386e-11	0	NaN
0	0	0	0	1.42890573838365e-10	0	NaN
0	0	0	0	1.25058092076171e-10	0	NaN
0	0	0	0	1.01181931088815e-10	0	NaN
0	0	0	0	0.00361188364959672	0	NaN
0	0	0	0	1.73344649725862e-10	0	NaN
0	0	0	0	1.20896638454439e-10	0	NaN
0	0	0	0	1.71205490159249e-10	0	NaN
0	0	0	0	1.46836629147552e-10	0	NaN
0	0	0	0	2.46669152371456e-10	0	NaN
0	0	0	0	6.64977413642117e-10	0	NaN
0	0	0	0	3.83151096865877e-10	0	NaN
0.109090909090909	0.0823079394435882	0.0826397869811303	0.0826397869811304	0.0537314230317783	0	NaN
0	0	0	0	1.64412350980343e-10	0	NaN
0	0	0	0	1.60125953071087e-10	0	NaN
0	0	0	0	1.23208264320527e-10	0	NaN
0	0	0	0	1.71634552360938e-10	0	NaN
0	0	0	0	1.42102355041853e-10	0	NaN
0	0	0	0	1.89653320849116e-10	0	NaN
0	0	0	0	0.0397040206566843	0	NaN
0	0	0	0	1.43076442128856e-09	0	NaN
0	0	0	0	1.01720261435099e-10	0	NaN
0.454545454545455	0.513271403960705	0.511576094245509	0.511576094245509	0.525609310768625	0	NaN
0	0	0	0	1.30948337289676e-09	0	NaN
0.0181818181818182	0.176247738948754	0.180027368703254	0.180027368703254	9.35928473638065e-07	0	NaN
0	0	0	0	1.11897077578683e-10	0	NaN
0	0	0	0	0.00674495154146183	0	NaN
0	0	0	0	1.57695533483122e-10	0	NaN
0	0	0	0	1.44741259767601e-10	0	NaN
0	0	0	0	1.69542081116336e-10	0	NaN
0	0	0	0	4.83510041130559e-10	0	NaN
0	0	0	0	2.6077398107806e-10	0	NaN
0	0	0	0	5.58315448812797e-10	0	NaN
0	0	0	0	1.29693156955335e-05	0	NaN
0	0	0	0	1.46258993542217e-10	0	NaN
0	0	0	0	1.44630010212312e-10	0	NaN
0	0	0	0	1.11409368201655e-10	0	NaN
0	0	0	0	0.0208809076069371	0	NaN
0	0	0	0	1.81347453858563e-10	0	NaN
0	0	0	0	1.07071612567358e-10	0	NaN
0	0	0	0	1.12858682777274e-10	0	NaN
0	0	0	0	4.74327558526322e-10	0	NaN
0	0	0	0	7.48548111048379e-10	0	NaN
0	0	0	0	4.25604579624076e-10	0	NaN
0	0	0	0	1.98370406298716e-06	0	NaN
0	0	0	0	1.69076033662583e-10	0	NaN
0	0	0	0	1.01788819127243e-10	0	NaN
0	0	0	0	5.39267495583961e-10	0	NaN
0	0	0	0	2.54969391372814e-10	0	NaN
0	0	0	0	2.81408325121065e-10	0	NaN
0	0	0	0	1.35668932416449e-10	0	NaN
0	0	0	0	1.00235735508247e-10	0	NaN
0	0	0	0	2.55555808551975e-09	0	NaN
0.345454545454545	0.244650231671543	0.242899347432457	0.242899347432457	0.257518467399585	0	NaN
0	0	0	0	5.89492445570794e-10	0	NaN
0	0	0	0	1.84037121755163e-10	0	NaN
0	0	0	0	4.15103057322634e-10	0	NaN
0	0	0	0	4.63806592822472e-10	0	NaN
0	0	0	0	5.56445099369789e-08	0	NaN
0	0	0	0	4.64419785658516e-10	0	NaN
0	0	0	0	1.39016802004067e-10	0	NaN
0	0	0	0	1.15817323121462e-09	0	NaN
0	0	0	0	1.80369806302027e-10	0	NaN
0	0	0	0	1.65128053188562e-10	0	NaN
0	0	0	0	1.7211639005383e-09	0	NaN
0	0	0	0	6.39774759729167e-10	0	NaN
0	0	0	0	2.24686423365498e-10	0	NaN
0	0	0	0	5.18738617568872e-10	0	NaN
0	0	0	0	4.98984255500955e-10	0	NaN
0	0	0	0	2.01462166328969e-10	0	NaN
0	0	0	0	3.20357400482842e-10	0	NaN
0	0	0	0	1.23302459197513e-10	0	NaN
0	0	0	0	1.19147458039519e-10	0	NaN
0	0	0	0	1.62869328482487e-10	0	NaN
0	0	0	0	2.70855112804182e-10	0	NaN
0	0	0	0	2.06839959389441e-10	0	NaN
0	0	0	0	1.46425857575985e-10	0	NaN
0	0	0	0	5.57184602090688e-10	0	NaN
0	0	0	0	1.0252888790765e-10	0	NaN
0	0	0	0	2.34869415005375e-10	0	NaN
0	0	0	0	1.08375829528271e-09	0	NaN
0	0	0	0	1.007167833913e-10	0	NaN
0	0	0	0	1.12592429892644e-10	0	NaN
0	0	0	0	1.34485770483698e-10	0	NaN
0	0	0	0	6.47906900049777e-08	0	NaN
0	0	0	0	4.76298034468655e-10	0	NaN
0	0	0	0	4.01180401072674e-10	0	NaN
0	0	0	0	0.00152221480451476	0	NaN
0	0	0	0	8.20946965961158e-10	0	NaN
0	0	0	0	1.58292661815102e-10	0	NaN
0	0	0	0	1.94430260433172e-10	0	NaN
0	0	0	0	1.05764242060138e-10	0	NaN
0	0	0	0	1.27013167809635e-08	0	NaN
0	0	0	0	2.01773064600636e-10	0	NaN
0	0	0	0	0.00559389438337606	0	NaN
0	0	0	0	1.01835671102399e-10	0	NaN
0	0	0	0	1.35271029712823e-10	0	NaN
0	0	0	0	1.13603313320314e-10	0	NaN
0	0	0	0	2.73634201420529e-10	0	NaN
0	0	0	0	0.000284618593878804	0	NaN
0	0	0	0	1.48109424802887e-10	0	NaN
0	0	0	0	1.05289454706825e-10	0	NaN
0	0	0	0	5.93646896574076e-10	0	NaN
0	0	0	0	1.79505749448496e-09	0	NaN
0	0	0	0	3.11433322985066e-10	0	NaN
0	0	0	0	1.19124102271964e-10	0	NaN
0	0	0	0	1.30494559081269e-10	0	NaN
0	0	0	0	4.46438938249532e-10	0	NaN
0	0	0	0	1.22230712887132e-10	0	NaN
0	0	0	0	0.0202295253636258	0	NaN
0	0	0	0	1.8461262806599e-10	0	NaN
0	0	0	0	1.1806203775481e-10	0	NaN
0	0	0	0	1.39120373204006e-10	0	NaN
0	0	0	0	1.31974063925182e-10	0	NaN
0	0	0	0	8.3694873822944e-10	0	NaN
0.181818181818182	0.0746484375	0.083418675425511	0.083418675425511	0.0424585226743688	0	NaN
0	0	0	0	3.58395952641898e-10	0	NaN
0	0	0	0	1.40587510246752e-10	0	NaN
0	0	0	0	2.48621432010382e-10	0	NaN
0	0	0	0	2.12713005536323e-10	0	NaN
0	0	0	0	0.0129327695119739	0	NaN
0	0	0	0	9.95528286351438e-11	0	NaN
0	0	0	0	1.79589369327508e-10	0	NaN
0	0	0	0	2.33157864188271e-10	0	NaN
0	0	0	0	1.13971647837916e-10	0	NaN
0	0	0	0	2.57152744743848e-10	0	NaN
0	0	0	0	3.4827585151032e-10	0	NaN
0	0	0	0	1.79561939103521e-09	0	NaN
0	0	0	0	1.06769353523166e-10	0	NaN
0	0	0	0	0.00100036410852606	0	NaN
0	0	0	0	3.15110631401412e-08	0	NaN
0	0	0	0	1.70587872854416e-10	0	NaN
0	0	0	0	1.2884173685796e-10	0	NaN
0	0	0	0	1.65772899334079e-10	0	NaN
0	0	0	0	1.55279438829905e-10	0	NaN
0	0	0	0	2.35474037080165e-10	0	NaN
0	0	0	0	1.23309945470117e-10	0	NaN
0	0	0	0	2.64458644890614e-10	0	NaN
0	0	0	0	1.25540736782624e-10	0	NaN
0	0	0	0	2.32743790881527e-10	0	NaN
0	0	0	0	1.77425471934041e-10	0	NaN
0	0	0	0	1.51919967920479e-10	0	NaN
0	0	0	0	1.05099264424706e-10	0	NaN
0	0	0	0	1.09434937081324e-10	0	NaN
0	0	0	0	3.85559369670916e-10	0	NaN
0	0	0	0	2.89876147287993e-10	0	NaN
0	0	0	0	1.08741711608661e-10	0	NaN
0	0	0	0	5.25979312011883e-10	0	NaN
0	0	0	0	2.29199506883075e-10	0	NaN
0	0	0	0	2.66019118213829e-10	0	NaN
0	0	0	0	4.46263470758172e-10	0	NaN
0	0	0	0	1.11307157021848e-10	0	NaN
0	0	0	0	5.61565164561216e-10	0	NaN
0	0	0	0	1.37459235626507e-10	0	NaN
0	0	0	0	4.30467133377306e-10	0	NaN
0	0	0	0	3.41397152565171e-09	0	NaN
0	0	0	0	1.09386443666968e-10	0	NaN
0	0	0	0	1.91453618794097e-10	0	NaN
0	0	0	0	8.88410919943697e-10	0	NaN
0	0	0	0	2.19406618676616e-10	0	NaN
0	0	0	0	2.02266400147117e-10	0	NaN
0	0	0	0	2.20309179378684e-10	0	NaN
0	0	0	0	1.48961723558362e-10	0	NaN
0	0	0	0	5.88389393535118e-08	0	NaN
0	0	0	0	2.33766274444287e-10	0	NaN
0	0	0	0	1.37323136195707e-10	0	NaN
0	0	0	0	1.24116012734433e-10	0	NaN
0	0	0	0	1.51727890992118e-10	0	NaN
0	0	0	0	1.59871131647736e-10	0	NaN
0	0	0	0	1.83361218484745e-09	0	NaN
0	0	0	0	8.72527216776684e-10	0	NaN
0	0	0	0	3.03356847854877e-10	0	NaN
0	0	0	0	1.1143859282269e-10	0	NaN
0	0	0	0	2.15602303123464e-10	0	NaN
0	0	0	0	2.19123630029718e-10	0	NaN
0	0	0	0	9.24061193023187e-10	0	NaN
0	0	0	0	1.7700762635415e-09	0	NaN
0	0	0	0	1.3948488405475e-10	0	NaN
