FW_Default	FW_LBM	FW_QBM	FW_NM	Direct	interior-point-convex	active-set
0	1.64794921875e-05	0	0	2.51752485372304e-09	1	NaN
0	0	0	0	3.86044182995258e-09	0	NaN
0	0	0	0	1.39410033658536e-09	0	NaN
0	0	0	0	1.99427677518235e-09	0	NaN
0	1.64794921875e-05	0	0	1.26052363678851e-09	1	NaN
0	0	0	0	9.29349624034864e-10	0	NaN
0	0	0	0	1.68878025432067e-09	0	NaN
0	0	0	0	1.24189821496429e-09	0	NaN
0	0	0	0	1.64349957077272e-09	0	NaN
0	0	0	0	2.1518575578772e-09	0	NaN
0	0	0	0	9.54805884027831e-10	0	NaN
0	0	0	0	9.18006598584159e-10	0	NaN
0	0	0	0	1.64395918617855e-09	0	NaN
0	0	0	0	1.64025986606477e-09	0	NaN
0	0	0	0	1.24159294340767e-07	0	NaN
0	0	0	0	1.002642973144e-09	0	NaN
0	0	0	0	1.05247934337685e-09	0	NaN
0	0	0	0	8.9192911157331e-10	0	NaN
0	0	0	0	9.02684365324208e-10	0	NaN
0	0	0	0	3.25374039515563e-09	0	NaN
0	0	0	0	1.21299319695729e-09	0	NaN
0	0	0	0	2.78934315016834e-09	0	NaN
0	0	0	0	9.35650728661049e-10	0	NaN
0	0	0	0	1.06991678155313e-09	0	NaN
0	0	0	0	1.06841252371857e-09	0	NaN
0	0	0	0	1.1856670777306e-09	0	NaN
0	0	0	0	3.92982462361413e-08	0	NaN
0	0	0	0	1.72547592891086e-09	0	NaN
0	0	0	0	1.45348949865455e-09	0	NaN
0	0	0	0	2.49855915413092e-09	0	NaN
0	0	0	0	9.28332756966273e-10	0	NaN
0	0	0	0	1.07122734517228e-09	0	NaN
0	0	0	0	8.90691904738094e-10	0	NaN
0	0	0	0	1.5735691704754e-09	0	NaN
0	0	0	0	2.08059971208131e-09	0	NaN
0	0	0	0	9.04590953001628e-10	0	NaN
0	0	0	0	9.4958001743975e-10	0	NaN
0	0	0	0	1.52125627617788e-09	0	NaN
0	0	0	0	9.54398932854204e-10	0	NaN
0	0	0	0	1.31662284938854e-09	0	NaN
0	0	0	0	2.82526086927481e-09	0	NaN
0	0	0	0	1.22911073216222e-09	0	NaN
0	0	0	0	8.98632332566498e-10	0	NaN
0	0	0	0	1.8360585547481e-09	0	NaN
0	0	0	0	9.04635943166151e-10	0	NaN
0	0	0	0	1.05833205079449e-08	0	NaN
0	0	0	0	5.71442596412522e-09	0	NaN
0	0	0	0	1.59848643184231e-09	0	NaN
0	0	0	0	3.12349438836081e-09	0	NaN
0	0	0	0	2.02230505112761e-09	0	NaN
0	1.64794921875e-05	0	0	7.25243324022326e-09	1	NaN
0	0	0	0	1.20517626999145e-09	0	NaN
0.333333333333333	0.632092895507813	0.706312822539235	0.706312822539236	0.593684683534886	0	NaN
0	0	0	0	8.92430127908146e-10	0	NaN
0	0	0	0	2.28321890316229e-09	0	NaN
0	0	0	0	1.10238354616959e-09	0	NaN
0	0	0	0	1.22404118997747e-09	0	NaN
0	0	0	0	3.34855385390999e-09	0	NaN
0	0	0	0	1.70986607461023e-09	0	NaN
0	0	0	0	9.54383334998549e-10	0	NaN
0	0	0	0	1.15933955262338e-09	0	NaN
0	0	0	0	5.70206578663228e-09	0	NaN
0	0	0	0	1.73169661522524e-09	0	NaN
0	0	0	0	9.27075236237674e-10	0	NaN
0	0	0	0	1.85869837949705e-09	0	NaN
0	0	0	0	1.67046164335029e-09	0	NaN
0	0	0	0	8.96805106068502e-10	0	NaN
0	0	0	0	2.53036598498392e-09	0	NaN
0	0.1	0	0	0.0923451695277966	0	NaN
0	0	0	0	3.63432302078677e-09	0	NaN
0	0	0	0	2.55517839173811e-08	0	NaN
0	0	0	0	2.30638132083366e-09	0	NaN
0	0	0	0	9.96460821107696e-10	0	NaN
0	0	0	0	1.52465258675017e-09	0	NaN
0	0	0	0	1.45108003639955e-09	0	NaN
0	0	0	0	5.37856316246604e-09	0	NaN
0	0	0	0	8.87311864273043e-09	0	NaN
0	0	0	0	1.50112232005008e-09	0	NaN
0	0	0	0	1.56698816195155e-09	0	NaN
0	0	0	0	8.8450910149963e-10	0	NaN
0	0	0	0	9.32396040023635e-10	0	NaN
0	0	0	0	1.35353476085481e-09	0	NaN
0	0	0	0	3.53205404570173e-09	0	NaN
0	0	0	0	1.41671832702981e-09	0	NaN
0	0	0	0	1.13260078894373e-08	0	NaN
0	0	0	0	9.15420795963207e-10	0	NaN
0	0	0	0	1.88424728433039e-09	0	NaN
0	0	0	0	1.57912375841222e-09	0	NaN
0	0	0	0	9.00773150566207e-10	0	NaN
0	0	0	0	2.27961274509032e-09	0	NaN
0	0	0	0	2.16935967547582e-09	0	NaN
0	0	0	0	3.9614628138543e-07	0	NaN
0	0	0	0	1.71856010679339e-08	0	NaN
0	0	0	0	1.98770731396634e-09	0	NaN
0	0	0	0	9.05308761962993e-10	0	NaN
0	0	0	0	1.38423202638256e-09	0	NaN
0	0	0	0	2.38119764368845e-09	0	NaN
0	0	0	0	1.25465769169583e-09	0	NaN
0	0	0	0	1.56549321543864e-09	0	NaN
0	0	0	0	1.56142914422104e-09	0	NaN
0	0	0	0	8.96146556771178e-10	0	NaN
0	0	0	0	1.41989880631128e-09	0	NaN
0	0	0	0	9.09392026794078e-10	0	NaN
0	0	0	0	1.62485728925744e-09	0	NaN
0	0	0	0	1.78507077381709e-08	0	NaN
0	0	0	0	2.09886079846095e-09	0	NaN
0	0	0	0	1.23581884306952e-09	0	NaN
0	0	0	0	9.00988363238855e-10	0	NaN
0	0	0	0	1.647701991624e-09	0	NaN
0	0	0	0	4.12377245756014e-09	0	NaN
0	0	0	0	9.5042559003947e-10	0	NaN
0	0	0	0	1.59903268912398e-08	0	NaN
0	0	0	0	1.32978561107036e-09	0	NaN
0	0	0	0	9.48159558560535e-10	0	NaN
0	0	0	0	1.18105043934483e-09	0	NaN
0	0	0	0	9.618242293243e-10	0	NaN
0	0	0	0	1.42804121980687e-09	0	NaN
0	0	0	0	3.61649294729323e-09	0	NaN
0	0	0	0	9.41496661851568e-10	0	NaN
0	0	0	0	5.03662515048486e-09	0	NaN
0	0	0	0	9.73989558291386e-10	0	NaN
0	0	0	0	2.41016144219639e-09	0	NaN
0	0	0	0	9.37611775951501e-10	0	NaN
0	0	0	0	1.46954038449763e-09	0	NaN
0	0	0	0	1.0488369802871e-09	0	NaN
0	0	0	0	9.3197731212965e-10	0	NaN
0	0	0	0	1.65960467350292e-09	0	NaN
0	0	0	0	9.00515274363213e-10	0	NaN
0	0	0	0	9.54621172949939e-10	0	NaN
0	0	0	0	1.42951561946841e-09	0	NaN
0	0	0	0	3.45678888604703e-08	0	NaN
0	0	0	0	1.36013942628001e-09	0	NaN
0	0	0	0	1.14594467915095e-09	0	NaN
0	0	0	0	3.28358973249049e-09	0	NaN
0	0	0	0	9.07149997107446e-10	0	NaN
0	0	0	0	2.07839545104626e-08	0	NaN
0	0	0	0	8.85402454669869e-10	0	NaN
0	0	0	0	8.88902036725169e-10	0	NaN
0	0	0	0	7.37482314275424e-09	0	NaN
0	0	0	0	8.93907032401857e-10	0	NaN
0	0	0	0	8.94921441028576e-10	0	NaN
0	0	0	0	3.14217700067839e-09	0	NaN
0	0	0	0	1.02358487081771e-09	0	NaN
0	0	0	0	1.0980230264791e-08	0	NaN
0	0	0	0	1.20067072854122e-09	0	NaN
0	0	0	0	5.74784647892061e-09	0	NaN
0	0	0	0	5.35425850527344e-09	0	NaN
0	0	0	0	8.87048798333041e-10	0	NaN
0	0	0	0	1.41131699708263e-09	0	NaN
0	0	0	0	1.12936009345443e-09	0	NaN
0	0	0	0	1.53352994813123e-09	0	NaN
0	0	0	0	2.33207865088803e-09	0	NaN
0	0	0	0	1.21112642854177e-09	0	NaN
0	0	0	0	9.10825796075393e-10	0	NaN
0	0	0	0	2.74308277307129e-09	0	NaN
0	0	0	0	9.0530452412825e-10	0	NaN
0	0	0	0	6.10198165247554e-09	0	NaN
0	0	0	0	4.50135762363973e-09	0	NaN
0	0	0	0	1.18584701353251e-09	0	NaN
0	0	0	0	8.84719328354133e-10	0	NaN
0	0	0	0	1.30799436783272e-09	0	NaN
0	0	0	0	1.06576797906521e-09	0	NaN
0	0	0	0	4.63267347703355e-08	0	NaN
0	0	0	0	8.66588572050765e-09	0	NaN
0	0	0	0	1.22619490869004e-09	0	NaN
0	0	0	0	1.33505604244444e-08	0	NaN
0	0	0	0	1.40960153688177e-09	0	NaN
0	0	0	0	9.23059029133556e-10	0	NaN
0	0	0	0	1.91309372404312e-09	0	NaN
0	0	0	0	4.1896876314752e-09	0	NaN
0	0	0	0	1.37445872802581e-09	0	NaN
0	0	0	0	1.32198448619364e-09	0	NaN
0	0	0	0	1.38722162939129e-09	0	NaN
0	0.1	0	0	0.154440978619098	0	NaN
0	0	0	0	1.40669085459734e-09	0	NaN
0	0	0	0	1.7508676448142e-09	0	NaN
0	0	0	0	1.41628786199668e-09	0	NaN
0	0	0	0	1.6238201501724e-09	0	NaN
0	0	0	0	1.84147868989154e-09	0	NaN
0	0	0	0	5.77223983754406e-09	0	NaN
0	0	0	0	5.62864897890809e-09	0	NaN
0	0	0	0	8.89070809889353e-10	0	NaN
0	0	0	0	1.22776546098412e-08	0	NaN
0	0	0	0	8.8720821350057e-10	0	NaN
0	0	0	0	1.54795970091401e-09	0	NaN
0	0	0	0	8.54316932659359e-08	0	NaN
0	0	0	0	9.17564288979308e-10	0	NaN
0	0	0	0	8.7710824890485e-10	0	NaN
0	0	0	0	3.6428454198494e-09	0	NaN
0	0	0	0	3.30174544602776e-09	0	NaN
0	0	0	0	8.91605610090941e-10	0	NaN
0	0	0	0	9.83780576856352e-09	0	NaN
0	0	0	0	9.12340151865163e-10	0	NaN
0	0	0	0	1.52817718214495e-09	0	NaN
0	0	0	0	9.13690061197725e-10	0	NaN
0	0	0	0	9.18848082950136e-10	0	NaN
0	0	0	0	2.11596851183348e-09	0	NaN
0	0	0	0	9.19484350667e-10	0	NaN
0	0	0	0	9.11686194416032e-10	0	NaN
0	0	0	0	1.29010406683999e-09	0	NaN
0	0	0	0	3.52228250112395e-09	0	NaN
0	0	0	0	1.01602849800025e-09	0	NaN
0	0	0	0	1.48767346707289e-09	0	NaN
0	0	0	0	2.9857423972797e-09	0	NaN
0	0	0	0	1.41382527365651e-09	0	NaN
0	0	0	0	6.72432185204516e-09	0	NaN
0	0	0	0	1.11712439869613e-09	0	NaN
0	0	0	0	1.28248838022043e-09	0	NaN
0	0	0	0	7.58962401240732e-05	0	NaN
0	0	0	0	4.96138356912202e-09	0	NaN
0	0	0	0	9.76288609071039e-10	0	NaN
0	0	0	0	8.99550865579022e-10	0	NaN
0	0	0	0	7.41474513997785e-09	0	NaN
0	0	0	0	1.37831401990459e-09	0	NaN
0	0	0	0	9.00164307288704e-10	0	NaN
0	0	0	0	4.82160871608416e-09	0	NaN
0	0	0	0	9.10073796630066e-10	0	NaN
0	0	0	0	1.57384063915977e-09	0	NaN
0	0	0	0	2.10743896711864e-09	0	NaN
0	0	0	0	9.6344948625191e-10	0	NaN
0	0	0	0	8.82879269749454e-10	0	NaN
0	0	0	0	1.41188448764324e-09	0	NaN
0	0	0	0	1.59099560128779e-09	0	NaN
0	0	0	0	1.42413882437773e-09	0	NaN
0	0	0	0	5.80063026488648e-08	0	NaN
0	0	0	0	9.30914848743295e-10	0	NaN
0	0	0	0	3.25384306692672e-09	0	NaN
0	0	0	0	8.95645744741059e-10	0	NaN
0	0	0	0	8.86552974202705e-10	0	NaN
0	0	0	0	1.54055876192415e-09	0	NaN
0	0	0	0	1.53147753774681e-09	0	NaN
0	0	0	0	3.78882998598161e-09	0	NaN
0	0	0	0	7.19772011114713e-09	0	NaN
0	0	0	0	2.73531997806788e-09	0	NaN
0	0	0	0	9.61696743049e-10	0	NaN
0	0	0	0	1.06407248457006e-09	0	NaN
0	0	0	0	2.41196795616083e-09	0	NaN
0	0	0	0	9.31096142248967e-10	0	NaN
1	0.999983520507813	1	1	0.999999898284337	0	NaN
0	0	0	0	1.04494170568077e-09	0	NaN
0	0	0	0	8.90635223936219e-10	0	NaN
0	0	0	0	1.19104548569012e-08	0	NaN
0	0	0	0	9.20019729608929e-10	0	NaN
0	0	0	0	1.37478559421739e-09	0	NaN
0	0	0	0	4.60518699512147e-08	0	NaN
0	0	0	0	4.13988109313278e-08	0	NaN
0	0	0	0	9.42801514112527e-10	0	NaN
0	0	0	0	1.85834722473153e-09	0	NaN
0	0	0	0	9.48462518277806e-10	0	NaN
0	0	0	0	9.16475192093105e-10	0	NaN
0	0	0	0	9.92196216502663e-10	0	NaN
0	0	0	0	1.24257122892663e-09	0	NaN
0	0	0	0	1.70343059200834e-09	0	NaN
0	0	0	0	9.12188991996994e-10	0	NaN
0	0	0	0	9.99462977286739e-10	0	NaN
0	0	0	0	1.40860289836322e-09	0	NaN
0	0	0	0	1.42035647566209e-09	0	NaN
0	0	0	0	4.89432136805465e-09	0	NaN
0	0	0	0	3.90894581046931e-09	0	NaN
0	0	0	0	2.40969100847917e-08	0	NaN
0	0	0	0	8.92202400853787e-10	0	NaN
0	0	0	0	1.98360051874802e-09	0	NaN
0	0	0	0	9.00768214235432e-10	0	NaN
0	0	0	0	2.67126093961855e-09	0	NaN
0	0	0	0	1.77329485839095e-09	0	NaN
0	0	0	0	1.34735383963753e-09	0	NaN
0	0	0	0	3.83018777853106e-09	0	NaN
0	0	0	0	9.23236445636339e-10	0	NaN
0	0	0	0	7.80964926905018e-09	0	NaN
0	0	0	0	8.86712099237838e-10	0	NaN
0	0	0	0	1.27907291486731e-09	0	NaN
0	0	0	0	1.01918420243473e-09	0	NaN
0	0	0	0	9.42056028279731e-10	0	NaN
0	0	0	0	1.5572001919135e-09	0	NaN
0	0	0	0	1.76183941816628e-09	0	NaN
0	0	0	0	9.74054709433586e-10	0	NaN
0	0	0	0	9.97103270423416e-10	0	NaN
0	0	0	0	1.36486634521154e-09	0	NaN
0	0	0	0	9.34145046942722e-10	0	NaN
0	0	0	0	1.52741974917904e-09	0	NaN
0	0	0	0	1.38426759235211e-09	0	NaN
0	0	0	0	1.74783014623917e-09	0	NaN
0	0	0	0	8.96422506096157e-10	0	NaN
0	0	0	0	8.82775873926296e-10	0	NaN
0	0	0	0	1.04216674467101e-09	0	NaN
0	0	0	0	8.97763118188466e-10	0	NaN
0.333333333333333	0.632092895507813	0.706312822539235	0.706312822539236	0.687500328545117	0	NaN
0	0	0	0	1.49325474667135e-08	0	NaN
0	0	0	0	1.92054074448352e-09	0	NaN
0	0	0	0	1.31279586933451e-08	0	NaN
0	0	0	0	8.99106782264468e-10	0	NaN
0	0	0	0	8.94445065490186e-10	0	NaN
0	0	0	0	1.38994300672215e-09	0	NaN
0	0	0	0	1.17215070516088e-09	0	NaN
0	0	0	0	2.61768975973359e-09	0	NaN
0	0	0	0	9.15783234040061e-10	0	NaN
0	0	0	0	1.47637937256329e-09	0	NaN
0	0	0	0	2.56949441010198e-09	0	NaN
0	0	0	0	1.51752159117429e-09	0	NaN
0	0	0	0	1.33379283742777e-09	0	NaN
0	0	0	0	9.4432658350758e-10	0	NaN
0	0	0	0	7.37292978832602e-09	0	NaN
0	0	0	0	2.59336982750308e-09	0	NaN
0	0	0	0	1.41052213202782e-08	0	NaN
0	0	0	0	2.71436485497092e-09	0	NaN
0	0	0	0	1.47326834891767e-09	0	NaN
0	0	0	0	9.37049927015565e-10	0	NaN
0	0	0	0	9.34181629008806e-10	0	NaN
0	0	0	0	1.66084438685077e-09	0	NaN
0	0	0	0	1.35115576189783e-09	0	NaN
0	0	0	0	9.77022453723994e-10	0	NaN
0	0	0	0	9.02680401401656e-10	0	NaN
0	0	0	0	9.27054194724672e-10	0	NaN
0	0	0	0	9.03787462069748e-10	0	NaN
0	0	0	0	1.69151186878135e-09	0	NaN
0	0	0	0	1.26582384709102e-09	0	NaN
0	0	0	0	9.09542476551171e-10	0	NaN
0	0	0	0	3.21670971205737e-09	0	NaN
0	0	0	0	9.15556869323953e-10	0	NaN
0	0	0	0	1.77131000068031e-09	0	NaN
0	0	0	0	2.21642302010446e-09	0	NaN
0	0	0	0	1.38410329058025e-09	0	NaN
0	0	0	0	7.53062250207607e-09	0	NaN
0	0	0	0	9.32604278067436e-10	0	NaN
0	0	0	0	3.4381566474747e-09	0	NaN
0	0	0	0	2.69401281048097e-07	0	NaN
0	0	0	0	1.85495181582645e-09	0	NaN
0	0	0	0	1.29667328212205e-09	0	NaN
0	0	0	0	1.90543256220694e-09	0	NaN
0	1.64794921875e-05	0	0	1.6387809601781e-08	1	NaN
0	0	0	0	1.97522695555011e-09	0	NaN
0	0	0	0	1.81798641715994e-05	0	NaN
0	0	0	0	1.94393156210223e-09	0	NaN
0	0	0	0	3.47102595712533e-08	0	NaN
0	0	0	0	1.07153326131474e-09	0	NaN
0	0	0	0	9.91630972333837e-10	0	NaN
0	0	0	0	4.2198304291658e-09	0	NaN
0	0	0	0	9.11350425274702e-10	0	NaN
0	0	0	0	1.32800572238489e-09	0	NaN
0	0	0	0	9.71648727576828e-10	0	NaN
0	0	0	0	1.36243234741383e-09	0	NaN
0	0	0	0	5.09986142975782e-09	0	NaN
0	0	0	0	2.26689312519225e-09	0	NaN
0	0	0	0	1.36916293034133e-09	0	NaN
0	0	0	0	1.19948957053332e-09	0	NaN
0	0	0	0	8.66363774715891e-10	0	NaN
0	0	0	0	1.2717235252335e-09	0	NaN
0	0	0	0	1.0968685869496e-08	0	NaN
0	0	0	0	6.08467707867347e-08	0	NaN
0	0	0	0	1.15691039762088e-09	0	NaN
0	0	0	0	1.4916857760218e-09	0	NaN
0	0	0	0	1.44614544219254e-09	0	NaN
0	0	0	0	1.15971644395048e-09	0	NaN
0	0	0	0	1.2083744105191e-09	0	NaN
0	0	0	0	1.06660020941698e-09	0	NaN
0	0	0	0	1.0450602677397e-09	0	NaN
0	0	0	0	6.54455617516958e-08	0	NaN
0	0	0	0	1.15066521322144e-09	0	NaN
0	0	0	0	1.05468792619446e-09	0	NaN
0	0	0	0	9.29212460661988e-10	0	NaN
0	0	0	0	1.06454559600161e-09	0	NaN
0	0	0	0	1.73679991549593e-08	0	NaN
0	0	0	0	1.17376243971772e-09	0	NaN
0	0	0	0	6.76067885020479e-08	0	NaN
0	0	0	0	9.50179851752806e-10	0	NaN
0	0	0	0	9.16479571167575e-10	0	NaN
0	0	0	0	4.8122012287847e-09	0	NaN
0	0	0	0	3.69354116629166e-09	0	NaN
0	0	0	0	9.13293322043892e-10	0	NaN
0	0	0	0	4.49222906289685e-09	0	NaN
0	0	0	0	9.6474228349036e-10	0	NaN
0	0	0	0	9.80931435818928e-10	0	NaN
0	0	0	0	9.226622399322e-10	0	NaN
0	0	0	0	1.28557220946999e-09	0	NaN
0	0	0	0	9.25721112882795e-10	0	NaN
0	0	0	0	1.38052958736646e-09	0	NaN
0	0	0	0	9.28582762012002e-10	0	NaN
0	0	0	0	8.98737933102651e-10	0	NaN
0	0	0	0	1.58247037619434e-09	0	NaN
0	0	0	0	4.4485248729771e-09	0	NaN
0	0	0	0	2.03174685966982e-08	0	NaN
0	0	0	0	9.01919830592873e-10	0	NaN
0	0	0	0	1.084653141721e-09	0	NaN
0	0	0	0	1.76410302983106e-09	0	NaN
0	0	0	0	1.2756314447406e-08	0	NaN
0	0	0	0	1.66995888668569e-08	0	NaN
0	0	0	0	1.38631770651454e-09	0	NaN
0	0	0	0	3.35253094853164e-09	0	NaN
0	0	0	0	9.91440184717709e-10	0	NaN
0	0	0	0	6.95396628579991e-09	0	NaN
0	0	0	0	3.09707262701666e-09	0	NaN
1	0.999983520507813	1	1	0.999999951578982	0	NaN
0	0	0	0	8.83629576574031e-10	0	NaN
0	0	0	0	6.87946123095457e-09	0	NaN
0	0	0	0	9.06981528236037e-10	0	NaN
0	0	0	0	1.29477281809246e-09	0	NaN
0	0	0	0	1.26310035595839e-08	0	NaN
0	0	0	0	9.04452019443818e-10	0	NaN
0	0	0	0	4.01642935155348e-09	0	NaN
0	0	0	0	3.76207892277373e-09	0	NaN
0	0	0	0	1.09154842862818e-09	0	NaN
0	0	0	0	1.19706330721195e-08	0	NaN
0	0	0	0	8.82745016670558e-10	0	NaN
0	0	0	0	1.54434411614932e-09	0	NaN
0	0	0	0	8.89347770991058e-10	0	NaN
0	0	0	0	9.26154277868702e-10	0	NaN
0	0	0	0	9.91410362048342e-10	0	NaN
0	0	0	0	2.70008281835527e-07	0	NaN
0	0	0	0	1.53969170847449e-09	0	NaN
0	0	0	0	0.00484876943131337	0	NaN
0	0	0	0	1.25624642714991e-09	0	NaN
0	0	0	0	1.61443784885489e-09	0	NaN
0	0	0	0	8.97319020162855e-10	0	NaN
0	0	0	0	1.29495887642215e-09	0	NaN
0	0	0	0	1.21276238475276e-09	0	NaN
0	0	0	0	1.15480715168597e-08	0	NaN
0	0	0	0	1.53943882444043e-09	0	NaN
0	0	0	0	9.05559874149076e-10	0	NaN
0	0	0	0	2.63661334877431e-09	0	NaN
0	0	0	0	1.18129298910239e-09	0	NaN
0	0	0	0	1.05744309222789e-09	0	NaN
0	0	0	0	9.16177517280996e-10	0	NaN
0	0	0	0	1.30981343776035e-09	0	NaN
0	0	0	0	2.07439749382765e-09	0	NaN
0	0	0	0	1.34392034046809e-09	0	NaN
0	0	0	0	1.17889374395705e-09	0	NaN
0	0	0	0	5.83432086545358e-09	0	NaN
0	0	0	0	7.38474146685549e-09	0	NaN
0	0	0	0	8.95617710486628e-10	0	NaN
0	0	0	0	2.13892689057734e-09	0	NaN
0	0	0	0	1.04133434853959e-09	0	NaN
0	0	0	0	1.33115339113512e-09	0	NaN
0	0	0	0	1.50420536691785e-09	0	NaN
0	0	0	0	1.08196957459507e-09	0	NaN
0	0	0	0	9.94826798658202e-10	0	NaN
0	0	0	0	2.17653946615397e-09	0	NaN
0	0	0	0	1.05628678324744e-07	0	NaN
0	0	0	0	1.41900074346056e-09	0	NaN
0	0	0	0	9.31632202914511e-10	0	NaN
0	0	0	0	1.22077605078573e-09	0	NaN
0	0	0	0	3.40929269519102e-08	0	NaN
0	0	0	0	1.79009814567771e-09	0	NaN
0	0	0	0	9.06859372230813e-10	0	NaN
0	0	0	0	7.13887649633272e-07	0	NaN
0	0	0	0	3.03058597108204e-08	0	NaN
0	0	0	0	1.67835994409628e-09	0	NaN
0	0	0	0	3.68574700195488e-09	0	NaN
0	0	0	0	1.1290956101144e-09	0	NaN
0	0	0	0	1.42323480320953e-09	0	NaN
0	0	0	0	9.03341977001005e-10	0	NaN
0	0	0	0	1.36480078650985e-09	0	NaN
0	0	0	0	1.04935179925283e-09	0	NaN
0	0	0	0	1.45362101691695e-09	0	NaN
0	0	0	0	3.04953409269317e-09	0	NaN
0	0	0	0	9.15735048743965e-10	0	NaN
0	0	0	0	1.69761249906037e-09	0	NaN
0	0	0	0	1.11550981860003e-08	0	NaN
0	0	0	0	9.20476019943408e-10	0	NaN
0	0	0	0	9.0908512526928e-10	0	NaN
0	0	0	0	9.2550030888762e-09	0	NaN
0	0	0	0	1.1361046392658e-09	0	NaN
0	0	0	0	1.01609026508362e-09	0	NaN
0	0	0	0	5.56379136806635e-09	0	NaN
0	0	0	0	9.07771887879087e-10	0	NaN
0	0	0	0	1.0982166665094e-08	0	NaN
0	0	0	0	1.42147845767888e-09	0	NaN
0	0	0	0	1.95618423029261e-09	0	NaN
0	0	0	0	1.35273904120522e-09	0	NaN
0	0	0	0	9.87403897460538e-10	0	NaN
0	0	0	0	9.5029095375154e-10	0	NaN
0	0	0	0	1.33317376979365e-09	0	NaN
0	0	0	0	9.25578140816788e-10	0	NaN
0	0	0	0	1.26369821531539e-08	0	NaN
0	0	0	0	9.23338985288864e-10	0	NaN
0	0	0	0	1.11873478914302e-09	0	NaN
0	0	0	0	1.18031571537718e-09	0	NaN
0	0	0	0	1.75697421328143e-09	0	NaN
0	0	0	0	1.0382482309608e-08	0	NaN
0	0	0	0	1.2709236230852e-08	0	NaN
0	0	0	0	1.41688604918043e-09	0	NaN
0	0	0	0	1.14652768703592e-09	0	NaN
0	0	0	0	9.03126954445909e-10	0	NaN
0	0	0	0	9.06526504800849e-10	0	NaN
0	0	0	0	9.36774187725725e-09	0	NaN
0	0	0	0	9.74556655839239e-10	0	NaN
0	0	0	0	1.18006366616655e-08	0	NaN
0	0	0	0	1.23947203458983e-09	0	NaN
0	0	0	0	1.70246125956499e-09	0	NaN
0	0	0	0	1.86658915173787e-09	0	NaN
0	0	0	0	9.12231910974425e-10	0	NaN
0	0	0	0	9.22391785587459e-10	0	NaN
0	0	0	0	2.53702800475698e-09	0	NaN
0	0	0	0	1.36792440537219e-09	0	NaN
0	0	0	0	1.80116759068777e-09	0	NaN
0	0	0	0	9.98141668358919e-10	0	NaN
0	0	0	0	9.78140531976689e-10	0	NaN
0	0	0	0	1.17413243730733e-08	0	NaN
0	0	0	0	1.97958354063211e-09	0	NaN
0	0	0	0	9.25035530468079e-10	0	NaN
0	0	0	0	3.451742205762e-09	0	NaN
0	0	0	0	5.4983630468247e-09	0	NaN
0	0	0	0	1.30394648759913e-09	0	NaN
0	0	0	0	2.56336572153122e-09	0	NaN
0	0	0	0	2.10298791698832e-09	0	NaN
0	0	0	0	2.79314234025091e-09	0	NaN
0	0	0	0	8.9556279711937e-10	0	NaN
0	0	0	0	8.96461309496669e-10	0	NaN
0	0	0	0	1.78027407798468e-09	0	NaN
0	0	0	0	2.41520339709832e-09	0	NaN
0	0	0	0	1.32976389290559e-08	0	NaN
0	0	0	0	3.94875196473199e-09	0	NaN
0	0	0	0	1.46261372840113e-09	0	NaN
0	0	0	0	1.00724164241274e-09	0	NaN
0	0	0	0	1.36316546827378e-08	0	NaN
0	0	0	0	1.31857715919565e-09	0	NaN
0	0	0	0	1.1567759411027e-08	0	NaN
0	0	0	0	5.68411104083638e-09	0	NaN
0	0	0	0	1.07417458097481e-09	0	NaN
0	0	0	0	1.99812476510338e-09	0	NaN
0	0	0	0	2.54807604952505e-09	0	NaN
0	0	0	0	9.18307886812775e-10	0	NaN
0	0	0	0	9.01235731377316e-10	0	NaN
0	0	0	0	1.10109439213811e-09	0	NaN
0	0	0	0	1.11873948022251e-08	0	NaN
0	0	0	0	1.93407696442026e-09	0	NaN
0.666666666666667	0.267890625	0.293687177460765	0.293687177460764	0.309042242015304	0	NaN
0	0	0	0	9.63084383466261e-10	0	NaN
0	0	0	0	1.28160012270349e-08	0	NaN
0	0	0	0	8.56101886717757e-09	0	NaN
0	0	0	0	2.37925047779951e-09	0	NaN
0	0	0	0	2.6671414391885e-09	0	NaN
0	0	0	0	1.69963909737606e-09	0	NaN
0	0	0	0	2.9355611385706e-05	0	NaN
0	0	0	0	9.26972964220455e-10	0	NaN
0	0	0	0	1.76427376221427e-09	0	NaN
0	0	0	0	1.04800085471471e-09	0	NaN
0	0	0	0	2.1794796369197e-09	0	NaN
0	0	0	0	4.41808568720415e-09	0	NaN
0	0	0	0	1.62061445821792e-09	0	NaN
0	0	0	0	4.66563530689827e-08	0	NaN
0	0	0	0	1.51155894668776e-08	0	NaN
0	0	0	0	1.69820959177161e-09	0	NaN
0	0	0	0	1.45098204165948e-09	0	NaN
0	0	0	0	1.60596345234338e-09	0	NaN
0	0	0	0	2.24860572446069e-08	0	NaN
0	0	0	0	8.99942470498972e-10	0	NaN
0	0	0	0	9.42304887936275e-10	0	NaN
0	0	0	0	1.50396546820862e-09	0	NaN
0	0	0	0	8.91869873128186e-10	0	NaN
0	0	0	0	1.06382345548486e-09	0	NaN
0	0	0	0	9.12658319219328e-10	0	NaN
0	0	0	0	1.11979893174059e-09	0	NaN
0	0	0	0	4.9284709161901e-09	0	NaN
0	0	0	0	2.18983040706075e-09	0	NaN
0	0	0	0	1.03471766220995e-09	0	NaN
0	0	0	0	1.41941097977354e-09	0	NaN
0	0	0	0	1.34288688818008e-09	0	NaN
0	0	0	0	8.8113514598902e-10	0	NaN
0	0	0	0	4.05254463669381e-09	0	NaN
0	0	0	0	1.83823409923882e-09	0	NaN
0	0	0	0	8.96124121124371e-10	0	NaN
0	0	0	0	1.65977923432867e-09	0	NaN
0	0	0	0	1.64582117039709e-09	0	NaN
0	0	0	0	9.26566489137366e-10	0	NaN
0	0	0	0	1.78604892847996e-09	0	NaN
0	0	0	0	5.03193815508349e-08	0	NaN
0	0	0	0	9.27014683049238e-10	0	NaN
0	0	0	0	6.89556765034618e-09	0	NaN
0	0	0	0	2.36862574722333e-09	0	NaN
0	0	0	0	1.55433912065241e-09	0	NaN
0	0	0	0	1.43635353695323e-08	0	NaN
0	0	0	0	1.37689841638869e-09	0	NaN
0	0	0	0	8.99848431978908e-10	0	NaN
0	0	0	0	1.00698470143624e-08	0	NaN
0	0	0	0	1.28368453203187e-09	0	NaN
0	0	0	0	1.74592654589751e-09	0	NaN
0	0	0	0	5.19524984056648e-09	0	NaN
0	0	0	0	3.0062104073717e-09	0	NaN
0	0	0	0	9.51230905504512e-10	0	NaN
0	0	0	0	2.44819610793793e-09	0	NaN
0	0	0	0	1.48688136464219e-09	0	NaN
0	0	0	0	2.22204921717374e-09	0	NaN
0	0	0	0	1.34281750497525e-09	0	NaN
0	0	0	0	3.23995464905193e-09	0	NaN
0	0	0	0	1.38559360200868e-08	0	NaN
0	0	0	0	9.95877932529907e-10	0	NaN
0	0	0	0	1.05691355362667e-09	0	NaN
0	0	0	0	6.52397384230639e-09	0	NaN
0	0	0	0	2.06503308338155e-09	0	NaN
0	0	0	0	2.51588189078938e-09	0	NaN
0	0	0	0	8.98356021328535e-10	0	NaN
0	0	0	0	1.79863487055796e-09	0	NaN
0	0	0	0	6.91500702072923e-09	0	NaN
0	0	0	0	8.93878782402734e-10	0	NaN
0	0	0	0	3.73034086807834e-09	0	NaN
0	0	0	0	2.16628116079685e-09	0	NaN
0	0	0	0	9.38985955876606e-10	0	NaN
0	0	0	0	9.35053861862597e-10	0	NaN
0	0	0	0	9.72331654406194e-10	0	NaN
0	0	0	0	1.23289651551954e-09	0	NaN
0	0	0	0	9.26370573958058e-10	0	NaN
0	0	0	0	9.14935114736364e-10	0	NaN
0	0	0	0	1.85635537288299e-08	0	NaN
0	0	0	0	3.56351275142246e-08	0	NaN
0	0	0	0	4.01941592652943e-09	0	NaN
0	0	0	0	9.22259719991584e-10	0	NaN
0	0	0	0	1.80755086813719e-09	0	NaN
0	0	0	0	2.69162891636168e-07	0	NaN
0	0	0	0	6.65957010072022e-09	0	NaN
0	0	0	0	8.89742782252205e-10	0	NaN
0	0	0	0	9.01821540333914e-10	0	NaN
0	0	0	0	3.7894392437335e-09	0	NaN
0	0	0	0	3.96539101136635e-09	0	NaN
0	0	0	0	5.7765186200861e-09	0	NaN
0	0	0	0	1.46695380332238e-09	0	NaN
0	0	0	0	1.42234879814916e-09	0	NaN
0	0	0	0	3.12543958877935e-09	0	NaN
0	0	0	0	5.52985826558621e-09	0	NaN
0	0	0	0	1.43353837481139e-09	0	NaN
0	0	0	0	2.22784225547535e-09	0	NaN
0	0	0	0	8.97401811995069e-10	0	NaN
0	0	0	0	7.84772242985805e-09	0	NaN
0	0	0	0	1.85449049404719e-08	0	NaN
0	0	0	0	5.37398744686002e-09	0	NaN
0	0	0	0	9.44952169978096e-10	0	NaN
0	0	0	0	9.56044937039912e-10	0	NaN
0	0	0	0	1.00618762970708e-09	0	NaN
0	0	0	0	1.48810907530421e-09	0	NaN
0	0	0	0	9.02897609258294e-10	0	NaN
0	0	0	0	1.28123755509008e-09	0	NaN
0	0	0	0	9.06426962041842e-10	0	NaN
0	0	0	0	2.15877630253467e-09	0	NaN
0	0	0	0	8.85218321395449e-10	0	NaN
0	0	0	0	9.12052620822057e-10	0	NaN
0	0	0	0	1.51218852227476e-09	0	NaN
0	0	0	0	1.52838017923311e-09	0	NaN
0	0	0	0	1.19355941805419e-09	0	NaN
0	0	0	0	9.42342667018626e-10	0	NaN
0	0	0	0	4.32744986994037e-09	0	NaN
0	0	0	0	1.50981702120691e-08	0	NaN
0	0	0	0	1.40888292284248e-09	0	NaN
0	0	0	0	1.72071761270599e-09	0	NaN
0	0	0	0	5.80356013855194e-09	0	NaN
0	0	0	0	9.58032607276498e-10	0	NaN
0	0	0	0	9.11249889884666e-10	0	NaN
0	0	0	0	8.84478897294807e-10	0	NaN
0	0	0	0	2.50511188138256e-09	0	NaN
0	0	0	0	8.84620608691345e-10	0	NaN
0	0	0	0	9.34675609182541e-09	0	NaN
0	0	0	0	1.64868397582579e-09	0	NaN
0	0	0	0	1.53828799624217e-09	0	NaN
0	0	0	0	9.3103056649815e-10	0	NaN
0	0	0	0	9.03519369036712e-10	0	NaN
0	0	0	0	8.94036032335251e-10	0	NaN
0	0	0	0	2.31025044871441e-09	0	NaN
0	0	0	0	1.72134905344144e-09	0	NaN
0	0	0	0	1.46731567437129e-09	0	NaN
0	0	0	0	8.92947924744726e-10	0	NaN
0	0	0	0	9.4904356631367e-10	0	NaN
0	0	0	0	2.57140320467049e-09	0	NaN
0	0	0	0	9.10777334561642e-10	0	NaN
0	0	0	0	1.02171113659323e-09	0	NaN
1	1	1	1	1	1	NaN
0	0	0	0	1.542009074768e-09	0	NaN
0	0	0	0	1.46932744312197e-09	0	NaN
0	0	0	0	6.98152906661566e-09	0	NaN
0	0	0	0	1.98675031354871e-08	0	NaN
0	0	0	0	1.00015950720181e-09	0	NaN
0	0	0	0	3.7304551918175e-09	0	NaN
0	0	0	0	8.90515268681569e-10	0	NaN
0	0	0	0	3.13202271569639e-09	0	NaN
0	0	0	0	1.3588010765226e-09	0	NaN
0	0	0	0	1.0881357014584e-08	0	NaN
0	0	0	0	3.65055531236983e-09	0	NaN
0	0	0	0	1.11964396317554e-09	0	NaN
0	0	0	0	1.5766295472207e-09	0	NaN
0	0	0	0	1.49995993080165e-08	0	NaN
0	0	0	0	1.18839437859262e-09	0	NaN
0	0	0	0	7.91504977650075e-09	0	NaN
0	0	0	0	9.00699004386475e-10	0	NaN
0	0	0	0	1.36789893005886e-08	0	NaN
0	0	0	0	1.50660825182543e-09	0	NaN
0	0	0	0	1.08759328902085e-09	0	NaN
0	0	0	0	1.18244054721645e-09	0	NaN
0	0	0	0	1.99425106850468e-09	0	NaN
0	0	0	0	1.01629298435773e-09	0	NaN
0	0	0	0	1.21079818408443e-09	0	NaN
0	0	0	0	2.57308278033859e-09	0	NaN
0	0	0	0	2.15161605368801e-09	0	NaN
0	0	0	0	8.84723370169146e-10	0	NaN
0	0	0	0	2.42812337132624e-09	0	NaN
0	0	0	0	9.63237623882094e-09	0	NaN
0	0	0	0	1.3892653866227e-08	0	NaN
0	0	0	0	3.68248177238336e-08	0	NaN
0	0	0	0	1.09122174240559e-09	0	NaN
0	0	0	0	1.83001944220803e-09	0	NaN
0	0	0	0	1.31369284638899e-09	0	NaN
0	0	0	0	1.63126597750273e-09	0	NaN
0	0	0	0	8.98206031387301e-10	0	NaN
0	0	0	0	9.15208775963725e-10	0	NaN
0	0	0	0	1.02314999293675e-08	0	NaN
0	0	0	0	6.50027591533059e-09	0	NaN
0	0	0	0	4.87975970918162e-09	0	NaN
0	0	0	0	3.32315284853162e-09	0	NaN
0	0	0	0	7.06385770395296e-09	0	NaN
0	0	0	0	2.40959468732472e-09	0	NaN
0	0	0	0	1.89449471115761e-09	0	NaN
0	0	0	0	1.44460094554706e-09	0	NaN
0	0	0	0	9.50986899202496e-09	0	NaN
0	0	0	0	2.73312376355867e-09	0	NaN
0	0	0	0	7.31187444003954e-09	0	NaN
0	0	0	0	1.83734535071799e-09	0	NaN
0	0	0	0	2.70940719240213e-07	0	NaN
0	0	0	0	8.82903427369402e-10	0	NaN
0	0	0	0	2.50274067717358e-09	0	NaN
0	0	0	0	7.17887564569643e-09	0	NaN
0	0	0	0	1.57596342071191e-09	0	NaN
0	0	0	0	2.33213734270335e-09	0	NaN
0	0	0	0	1.17720237138708e-09	0	NaN
0	0	0	0	8.93118679290074e-10	0	NaN
0	0	0	0	5.53356194366424e-09	0	NaN
0	0	0	0	8.90444054828045e-10	0	NaN
0	0	0	0	2.3613962851167e-09	0	NaN
0	0	0	0	9.60254282088228e-10	0	NaN
0	0	0	0	1.01954805632488e-09	0	NaN
0	0	0	0	1.43742681791055e-09	0	NaN
0	0	0	0	8.08198708206136e-09	0	NaN
0	0	0	0	7.27984273411271e-08	0	NaN
0	0	0	0	2.9515301301446e-07	0	NaN
0	0	0	0	2.73580577224805e-09	0	NaN
0	0	0	0	9.15780054212573e-10	0	NaN
0	0	0	0	3.23314731443821e-09	0	NaN
0	0	0	0	8.76568900102403e-10	0	NaN
0	0	0	0	9.45105350613456e-10	0	NaN
0	0	0	0	8.89030459177704e-10	0	NaN
0	0	0	0	8.96926207025474e-10	0	NaN
0	0	0	0	1.20868425016185e-09	0	NaN
0	0	0	0	9.03976329209293e-10	0	NaN
0	0	0	0	1.20226324525017e-09	0	NaN
0	0	0	0	8.32524439029381e-09	0	NaN
0	0	0	0	1.42253963583526e-09	0	NaN
0	0	0	0	9.33903415091797e-10	0	NaN
0	0	0	0	9.08592886593251e-10	0	NaN
0	0	0	0	4.7620196127878e-09	0	NaN
0	0	0	0	9.42157363275487e-10	0	NaN
0	0	0	0	9.48379500426021e-10	0	NaN
0	0	0	0	3.89393613811285e-09	0	NaN
0	0	0	0	4.35703088231917e-08	0	NaN
0	0	0	0	1.260006149461e-09	0	NaN
0	0	0	0	3.39395330715672e-09	0	NaN
0	0	0	0	8.86393267203315e-10	0	NaN
0	0	0	0	9.56334562934887e-10	0	NaN
0	0	0	0	1.16873517417546e-09	0	NaN
0	0	0	0	1.18353138064476e-09	0	NaN
0	0	0	0	1.07419576105748e-09	0	NaN
0	0	0	0	1.70419092163768e-09	0	NaN
0	0	0	0	1.50591122194567e-09	0	NaN
0	0	0	0	9.35536700279262e-10	0	NaN
0	0	0	0	2.1574045085406e-09	0	NaN
0	0	0	0	1.84560705244222e-09	0	NaN
0	0	0	0	4.35736736157205e-09	0	NaN
0	0	0	0	9.11722130754437e-10	0	NaN
0	0	0	0	1.34884722261592e-09	0	NaN
0	0	0	0	2.26440519093909e-08	0	NaN
0	0	0	0	9.29938070714158e-10	0	NaN
0	0	0	0	1.6097857880094e-09	0	NaN
0	0	0	0	1.1523894974306e-09	0	NaN
0	0	0	0	1.47082472128392e-09	0	NaN
0	0	0	0	1.19348908799495e-09	0	NaN
0	0	0	0	1.05354316645893e-09	0	NaN
0	0	0	0	1.80261778484569e-09	0	NaN
0	0	0	0	9.49593813322119e-10	0	NaN
0	0	0	0	2.48682516828399e-09	0	NaN
0	0	0	0	2.09632738827584e-09	0	NaN
0	0	0	0	3.69757561149538e-09	0	NaN
0	0	0	0	3.27138548646116e-08	0	NaN
0	0	0	0	1.75559679605715e-08	0	NaN
0	0	0	0	1.31755857088501e-09	0	NaN
0	0	0	0	9.21685256454692e-10	0	NaN
0	0	0	0	2.33557549894862e-09	0	NaN
0	0	0	0	8.94323593880966e-10	0	NaN
0	0	0	0	5.14185226565637e-09	0	NaN
0	0	0	0	9.3780094127163e-10	0	NaN
0	0	0	0	2.0250842368683e-09	0	NaN
0	0	0	0	2.92775577919839e-08	0	NaN
0	0	0	0	1.9574903832552e-09	0	NaN
0	0	0	0	1.50547508759264e-09	0	NaN
0	0	0	0	1.0849509594678e-09	0	NaN
0	0	0	0	1.64682317233123e-07	0	NaN
0	0	0	0	2.81181868096334e-09	0	NaN
0	0	0	0	9.08354351085612e-10	0	NaN
0	0	0	0	9.51868933586498e-10	0	NaN
0	0	0	0	1.15067500003864e-09	0	NaN
0	0	0	0	1.41439263185842e-09	0	NaN
0	0	0	0	1.01304594339148e-09	0	NaN
0	0	0	0	8.86340787203859e-09	0	NaN
0	0	0	0	1.27921368438819e-09	0	NaN
0	0	0	0	3.29372153955228e-09	0	NaN
0	0	0	0	2.24839475140129e-09	0	NaN
0	0	0	0	1.24282328920722e-09	0	NaN
0	0	0	0	1.6291547771595e-09	0	NaN
0	0	0	0	1.34684417530732e-09	0	NaN
0	0	0	0	1.48092200585389e-09	0	NaN
0	0	0	0	1.22481105516063e-09	0	NaN
0	0	0	0	1.19179573935338e-09	0	NaN
0	0	0	0	1.37889778541633e-09	0	NaN
0	0	0	0	1.75378256744874e-09	0	NaN
0	0	0	0	9.34013839548188e-10	0	NaN
0	0	0	0	1.28138425805257e-09	0	NaN
0	0	0	0	1.67563115228475e-09	0	NaN
0	0	0	0	9.53587803921783e-10	0	NaN
0	0	0	0	2.12360188367369e-09	0	NaN
0	0	0	0	9.79403665520938e-10	0	NaN
0	0	0	0	1.50706896822232e-09	0	NaN
0	0	0	0	1.75024532246964e-09	0	NaN
0	0	0	0	1.6039611495662e-09	0	NaN
0	0	0	0	1.06531494108155e-09	0	NaN
0	0	0	0	1.14566884747361e-09	0	NaN
0	0	0	0	9.83272593247265e-09	0	NaN
0	0	0	0	2.05947317815369e-09	0	NaN
0	0	0	0	2.50729169403091e-09	0	NaN
0	0	0	0	1.98809620038709e-09	0	NaN
0	0	0	0	1.47137227767151e-09	0	NaN
0	0	0	0	9.31078988570077e-10	0	NaN
0	0	0	0	1.49276288831475e-09	0	NaN
0	0	0	0	9.73685958090575e-10	0	NaN
0	0	0	0	1.45998471605345e-09	0	NaN
0	0	0	0	8.87513637034932e-10	0	NaN
0	0	0	0	1.4704156261537e-09	0	NaN
0	0	0	0	8.84697907367458e-10	0	NaN
0	0	0	0	9.5588534130894e-10	0	NaN
0	0	0	0	9.12998803922619e-10	0	NaN
0	0	0	0	1.0031962747377e-09	0	NaN
0	0	0	0	3.13388461247024e-08	0	NaN
0	0	0	0	1.82803332110408e-08	0	NaN
0	0	0	0	7.5532458397301e-09	0	NaN
0	0	0	0	1.0222469722837e-09	0	NaN
0	0	0	0	1.90061413648553e-09	0	NaN
0	0	0	0	1.64073384295847e-09	0	NaN
0	0	0	0	2.42281501171652e-09	0	NaN
0	0	0	0	1.45915889008392e-08	0	NaN
0	0	0	0	9.70506501725432e-10	0	NaN
0	0	0	0	9.0535096359361e-09	0	NaN
0	0	0	0	1.14941933337024e-09	0	NaN
0	0	0	0	3.20332084616296e-08	0	NaN
0	0	0	0	1.10858265419486e-09	0	NaN
0	0	0	0	8.82292019292811e-10	0	NaN
0	0	0	0	4.64999350480274e-09	0	NaN
0	0	0	0	9.69599868815104e-10	0	NaN
0	0	0	0	1.0668934523463e-09	0	NaN
0	0	0	0	1.20597438953383e-09	0	NaN
0	0	0	0	9.74948496632772e-10	0	NaN
0	0	0	0	1.0691178899273e-09	0	NaN
0	0	0	0	9.07470846555545e-10	0	NaN
0	0	0	0	9.03682362511709e-10	0	NaN
0	0	0	0	8.25109369953693e-07	0	NaN
0	0	0	0	8.97136257981091e-10	0	NaN
0	0	0	0	3.04832885536177e-08	0	NaN
0	0	0	0	3.9279316144958e-09	0	NaN
0	0	0	0	1.26435321867761e-09	0	NaN
0	0	0	0	8.8787101405398e-10	0	NaN
0	0	0	0	9.30314824406656e-10	0	NaN
0	0	0	0	9.02393077550538e-10	0	NaN
0	0	0	0	1.6249984723185e-09	0	NaN
0	0	0	0	1.26052933342225e-09	0	NaN
0	0	0	0	1.11867644826824e-08	0	NaN
0	0	0	0	1.44881259003482e-09	0	NaN
0	0	0	0	9.00339784793787e-10	0	NaN
0	0	0	0	1.19477952107783e-09	0	NaN
0	0	0	0	8.86718761498299e-10	0	NaN
0	0	0	0	3.94642106455261e-09	0	NaN
0	0	0	0	2.38138814966797e-09	0	NaN
0	0	0	0	1.00488992938898e-09	0	NaN
0	0	0	0	7.51837024173205e-09	0	NaN
0	0	0	0	9.16924311618018e-10	0	NaN
0	0	0	0	7.28800595333465e-09	0	NaN
0	0	0	0	3.24510830672669e-09	0	NaN
0	0	0	0	9.39095680031356e-10	0	NaN
0	0	0	0	4.25064740856202e-09	0	NaN
0	0	0	0	1.12911902850466e-09	0	NaN
0	0	0	0	1.17518623197492e-09	0	NaN
0	0	0	0	2.46160141221316e-09	0	NaN
0	0	0	0	8.95596405076276e-10	0	NaN
0	0	0	0	9.66317289159653e-10	0	NaN
0	0	0	0	1.05618015579011e-09	0	NaN
0	0	0	0	9.06475955212552e-10	0	NaN
0	0	0	0	1.08900980674358e-09	0	NaN
0	0	0	0	7.19189836624408e-09	0	NaN
0	0	0	0	3.03138683218525e-08	0	NaN
0	0	0	0	6.58165997388432e-09	0	NaN
0	0	0	0	9.59499669111254e-10	0	NaN
0	0	0	0	1.90055845075786e-08	0	NaN
0.666666666666667	0.267890625	0.293687177460765	0.293687177460764	0.158006673275923	0	NaN
0	0	0	0	1.19227049849641e-09	0	NaN
0	0	0	0	1.208685499188e-09	0	NaN
0	0	0	0	1.1659242888171e-09	0	NaN
0	0	0	0	4.64984326654792e-09	0	NaN
0	0	0	0	7.74471515939682e-09	0	NaN
0	0	0	0	9.10648210901299e-10	0	NaN
0	0	0	0	8.8458846647625e-10	0	NaN
0	0	0	0	8.61287462932993e-09	0	NaN
0	0	0	0	4.55334529559648e-09	0	NaN
0	0	0	0	9.48515096786833e-10	0	NaN
0	0	0	0	1.14165354829817e-09	0	NaN
0	0	0	0	8.85440925869406e-10	0	NaN
0	0	0	0	1.78024564838619e-09	0	NaN
0	0	0	0	8.92499919036693e-10	0	NaN
0	0	0	0	1.52937217991053e-09	0	NaN
0	0	0	0	1.351756625742e-09	0	NaN
0	0	0	0	9.4915541344014e-10	0	NaN
0	0	0	0	3.45046294968151e-09	0	NaN
0	0	0	0	1.01903122530031e-09	0	NaN
0	0	0	0	1.43080145349437e-09	0	NaN
0	0	0	0	1.53461676416465e-09	0	NaN
0	0	0	0	3.4527372801711e-09	0	NaN
0	0	0	0	1.90573260170829e-08	0	NaN
0	0	0	0	2.5104265448063e-09	0	NaN
0	0	0	0	5.15294507072159e-09	0	NaN
0	0	0	0	8.92577072720777e-10	0	NaN
0	0	0	0	9.77131649049764e-10	0	NaN
0	0	0	0	4.346273877885e-09	0	NaN
0	0	0	0	3.1525657466045e-09	0	NaN
0	0	0	0	5.44721444124523e-09	0	NaN
0	0	0	0	9.45414936941636e-10	0	NaN
0	0	0	0	1.13432020821522e-09	0	NaN
0	0	0	0	3.72322067015046e-09	0	NaN
0	0	0	0	1.60249630356207e-09	0	NaN
0	0	0	0	9.10419897186467e-10	0	NaN
0	0	0	0	2.32216548790877e-09	0	NaN
0	0	0	0	1.65332838537396e-09	0	NaN
0	0	0	0	2.59477803343016e-09	0	NaN
0	0	0	0	3.01287906731872e-09	0	NaN
0	0	0	0	3.1499503416707e-09	0	NaN
0	0	0	0	2.22725772787727e-09	0	NaN
0	0	0	0	8.81330176570634e-10	0	NaN
0	0	0	0	9.0993135341935e-10	0	NaN
0	0	0	0	9.60152053072807e-10	0	NaN
0	0	0	0	1.81162941091238e-09	0	NaN
0	0	0	0	8.96048260756471e-10	0	NaN
0	0	0	0	1.02688068332547e-09	0	NaN
0	0	0	0	1.72235117191576e-09	0	NaN
0	0	0	0	1.02747962417627e-09	0	NaN
0	0	0	0	1.35956381940401e-09	0	NaN
0	0	0	0	9.82720267261467e-10	0	NaN
0	0	0	0	1.18187820845676e-09	0	NaN
0	0	0	0	1.02987949479031e-09	0	NaN
0	0	0	0	1.28480197158006e-09	0	NaN
0	0	0	0	1.60790580649061e-09	0	NaN
0	0	0	0	1.59170651910509e-09	0	NaN
0	0	0	0	1.22178712507011e-09	0	NaN
0	0	0	0	1.71633071307539e-09	0	NaN
0	0	0	0	2.44463916107317e-09	0	NaN
0	0	0	0	1.2777548631716e-09	0	NaN
0	0	0	0	9.49298655231031e-10	0	NaN
0	0	0	0	9.00820816787225e-10	0	NaN
0	0	0	0	1.08877919383405e-09	0	NaN
0	0	0	0	3.62392531225057e-09	0	NaN
0	0	0	0	9.84659385491112e-10	0	NaN
0	0	0	0	8.9809255214089e-10	0	NaN
0	0	0	0	1.04750604071098e-08	0	NaN
0	0	0	0	9.41103851539994e-10	0	NaN
0	0	0	0	1.6352684664855e-09	0	NaN
0	0	0	0	8.95537631296539e-10	0	NaN
0	0	0	0	1.71707908124003e-09	0	NaN
0	0	0	0	3.22886565133172e-09	0	NaN
0	0	0	0	3.61031600888741e-08	0	NaN
0	0	0	0	1.4238879386244e-08	0	NaN
0	0	0	0	9.8617945579369e-10	0	NaN
0	0	0	0	9.34071402266845e-09	0	NaN
0	0	0	0	3.78441356180007e-09	0	NaN
0	0	0	0	1.25169472658879e-08	0	NaN
0	0	0	0	1.66442593713237e-08	0	NaN
0	0	0	0	1.97871094097409e-09	0	NaN
0	0	0	0	3.30819278364767e-09	0	NaN
0	0	0	0	8.9288678889212e-10	0	NaN
0	0	0	0	9.05392476554434e-10	0	NaN
0	0	0	0	1.51077710527601e-09	0	NaN
0	0	0	0	4.00062694043064e-09	0	NaN
0	0	0	0	9.17685231196271e-10	0	NaN
0	0	0	0	2.17586126306837e-09	0	NaN
0	0	0	0	8.94622431263478e-10	0	NaN
0	0	0	0	1.60775900193981e-09	0	NaN
0	0	0	0	4.16623697904517e-09	0	NaN
0	0	0	0	8.82532052803788e-10	0	NaN
0	0	0	0	1.34022395146648e-08	0	NaN
0	0	0	0	1.42791752163565e-09	0	NaN
0	0	0	0	1.25373875320112e-09	0	NaN
0	0	0	0	1.39609854334345e-09	0	NaN
0	0	0	0	3.25612726086158e-07	0	NaN
0	0	0	0	9.15216243179554e-10	0	NaN
0	0	0	0	9.05044742346764e-10	0	NaN
0	0	0	0	9.04560641671754e-10	0	NaN
0	0	0	0	8.83692567074997e-10	0	NaN
0	0	0	0	1.29851562293101e-09	0	NaN
0	0	0	0	9.47386678898772e-10	0	NaN
0	0	0	0	9.25925299712513e-09	0	NaN
0	0	0	0	2.55032536677373e-09	0	NaN
0	0	0	0	9.18754894553821e-09	0	NaN
0	0	0	0	8.81976261923617e-10	0	NaN
0	0	0	0	2.89515678669615e-09	0	NaN
