FW_Default	FW_LBM	FW_QBM	FW_NM	Direct	interior-point-convex	active-set
0	1.220703125e-05	0	0	1.44057691140394e-10	1	NaN
0	0	0	0	5.40348773498881e-11	0	NaN
0	0	0	0	2.62032016231844e-11	0	NaN
0	0	0	0	3.16154903669735e-11	0	NaN
0	1.220703125e-05	0	0	3.09993774305044e-11	1	NaN
0	0	0	0	4.0138765793341e-11	0	NaN
0	0	0	0	3.50688876003542e-11	0	NaN
0	0	0	0	3.49163495321936e-10	0	NaN
0	0	0	0	2.90582391441851e-11	0	NaN
0	0	0	0	3.15066421872592e-11	0	NaN
0	0	0	0	2.82854227678527e-11	0	NaN
0	0	0	0	2.56561958338843e-10	0	NaN
0	0	0	0	6.55928873578177e-11	0	NaN
0	0	0	0	4.10109929209214e-11	0	NaN
0	0	0	0	7.77756445749082e-11	0	NaN
0	0	0	0	3.05049237228728e-11	0	NaN
0	0	0	0	4.90830389059295e-11	0	NaN
0	0	0	0	3.62210105483788e-11	0	NaN
0	0	0	0	6.22632982119324e-11	0	NaN
0	0	0	0	4.89976105611524e-10	0	NaN
0	0	0	0	2.68881408976193e-11	0	NaN
0	0	0	0	5.67692418084745e-11	0	NaN
0	0	0	0	3.79740652405837e-11	0	NaN
0	0	0	0	7.55607636631384e-11	0	NaN
0	0	0	0	3.41886763385274e-11	0	NaN
0	0	0	0	4.71350379296496e-11	0	NaN
0	0	0	0	1.05594429455222e-10	0	NaN
0	0	0	0	5.21783128980252e-11	0	NaN
0	0	0	0	5.16469734875206e-11	0	NaN
0	0	0	0	5.90298198048664e-11	0	NaN
0	0	0	0	3.41216480345697e-11	0	NaN
0	0	0	0	2.80809158150488e-11	0	NaN
0	0	0	0	7.60351585707554e-11	0	NaN
0	0	0	0	4.62764102083054e-11	0	NaN
0	0	0	0	1.01870232304536e-10	0	NaN
0	0	0	0	1.31106510730081e-10	0	NaN
0	0	0	0	3.34766353704862e-10	0	NaN
0	0	0	0	9.36718108518473e-11	0	NaN
0	0	0	0	1.67755272941838e-10	0	NaN
0	0	0	0	2.8906952731413e-11	0	NaN
0	0	0	0	3.47693343106455e-11	0	NaN
0	0	0	0	1.55537328221244e-10	0	NaN
0	0	0	0	2.56129460845646e-11	0	NaN
0	0	0	0	7.30685739302908e-11	0	NaN
0	0	0	0	8.26167008503641e-11	0	NaN
0	0	0	0	6.80136697879504e-11	0	NaN
0	0	0	0	3.68683286321351e-11	0	NaN
0	0	0	0	1.0014498439468e-10	0	NaN
0	0	0	0	7.30301856179688e-11	0	NaN
0	0	0	0	2.83623037331244e-11	0	NaN
0	1.220703125e-05	0	0	3.84794774489467e-11	1	NaN
0	0	0	0	4.25260207366543e-11	0	NaN
0	0	0	0	4.63363510313783e-11	0	NaN
0	0	0	0	5.75479258931903e-11	0	NaN
0	0	0	0	4.355544337506e-11	0	NaN
0	0	0	0	6.36652733668388e-10	0	NaN
0	0	0	0	7.96217881931682e-11	0	NaN
0	0	0	0	6.84542335393276e-11	0	NaN
0	0	0	0	6.33682443673401e-11	0	NaN
0	0	0	0	2.55089110872688e-11	0	NaN
0	0	0	0	6.99013192180811e-11	0	NaN
0	0	0	0	3.21904398020106e-11	0	NaN
0	0	0	0	5.10390480655529e-11	0	NaN
0	0	0	0	5.17362704441494e-11	0	NaN
0	0	0	0	3.17312846145112e-11	0	NaN
0	0	0	0	7.22472405638735e-11	0	NaN
0	0	0	0	4.63450976375149e-11	0	NaN
0	0	0	0	1.71231603025999e-10	0	NaN
0	0	0	0	1.97465972152099e-09	0	NaN
0	0	0	0	7.49091806840115e-10	0	NaN
0	0	0	0	1.17723576666195e-10	0	NaN
0	0	0	0	2.6899154601647e-11	0	NaN
0	0	0	0	6.51741562754702e-11	0	NaN
0	0	0	0	1.54171667445561e-10	0	NaN
0	0	0	0	5.37983388552991e-11	0	NaN
0	0	0	0	2.99545483776865e-11	0	NaN
0	0	0	0	4.97777285497989e-10	0	NaN
0	0	0	0	2.27197074911586e-10	0	NaN
0	0	0	0	5.35307838719021e-10	0	NaN
0	0	0	0	1.36113954264247e-10	0	NaN
0	0	0	0	9.79974392257255e-10	0	NaN
0	0	0	0	1.03392037986981e-10	0	NaN
0	0	0	0	7.22951031744812e-11	0	NaN
0	0	0	0	4.67297944039565e-10	0	NaN
0	0	0	0	2.66814930053827e-11	0	NaN
0	0	0	0	3.10490686633273e-11	0	NaN
0	0	0	0	2.76450764007126e-11	0	NaN
0	0	0	0	1.37045573229031e-10	0	NaN
0	0	0	0	2.90110038007022e-11	0	NaN
0	0	0	0	6.84401114302585e-11	0	NaN
0	0	0	0	4.47763234168558e-10	0	NaN
0	0	0	0	6.01273530044264e-11	0	NaN
0	0	0	0	2.98101038004718e-11	0	NaN
0	0	0	0	4.84619198329008e-11	0	NaN
0	0	0	0	5.06705812841412e-11	0	NaN
0	0	0	0	3.2199026622677e-11	0	NaN
0	0	0	0	5.27870369705545e-11	0	NaN
0	0	0	0	5.5108547834923e-11	0	NaN
0	0	0	0	2.12756892457632e-10	0	NaN
0	0	0	0	4.84757966975871e-11	0	NaN
0	0	0	0	1.41177780674897e-10	0	NaN
0	0	0	0	3.1873724252255e-11	0	NaN
0	0	0	0	4.20996173756437e-11	0	NaN
0	0	0	0	1.09102425415661e-10	0	NaN
0	0	0	0	3.17755341546991e-11	0	NaN
0	0	0	0	4.7786399948623e-11	0	NaN
0	0	0	0	3.55090198464231e-11	0	NaN
0	0	0	0	2.8385350457661e-11	0	NaN
0	0	0	0	6.74674629369586e-11	0	NaN
0	0	0	0	5.5743895292698e-11	0	NaN
0	0	0	0	8.37345204056631e-11	0	NaN
0	0	0	0	2.99296093700918e-11	0	NaN
0	0	0	0	2.62012197520872e-10	0	NaN
0	0	0	0	4.57427880155099e-10	0	NaN
0	0	0	0	1.05959001751677e-10	0	NaN
0	0	0	0	2.27972139566005e-10	0	NaN
0	0	0	0	3.25709664552955e-11	0	NaN
0	0	0	0	3.10011796996114e-10	0	NaN
0	0	0	0	2.67633222602883e-11	0	NaN
0	0	0	0	2.91912676927104e-11	0	NaN
0	0	0	0	1.6992717068117e-10	0	NaN
0	0	0	0	2.75975626896096e-11	0	NaN
0	0	0	0	4.83767403557235e-11	0	NaN
0	0	0	0	1.38893625980595e-10	0	NaN
0	0	0	0	3.57347498099186e-11	0	NaN
0	0	0	0	2.8116696997704e-11	0	NaN
0	0	0	0	7.06938700014114e-11	0	NaN
0	0	0	0	1.12604253351079e-10	0	NaN
0	0	0	0	5.80900256682084e-11	0	NaN
0	0	0	0	2.52513331366559e-10	0	NaN
0	0	0	0	4.70162918626431e-11	0	NaN
0	0	0	0	2.81660613510357e-11	0	NaN
0	0	0	0	5.00235368896917e-11	0	NaN
0	0	0	0	4.72273565709366e-11	0	NaN
0	0	0	0	6.41825648667415e-11	0	NaN
0	0	0	0	5.16868215095238e-11	0	NaN
0	0	0	0	3.14557323581337e-09	0	NaN
0	0	0	0	4.02060692994302e-11	0	NaN
0	0	0	0	2.77154578304238e-11	0	NaN
0	0	0	0	7.40204230703061e-11	0	NaN
0	0	0	0	2.81232456935665e-11	0	NaN
0	0	0	0	3.06199645371768e-11	0	NaN
0	0	0	0	6.01244516140459e-11	0	NaN
0	0	0	0	3.17848019948239e-11	0	NaN
0	0	0	0	4.00205789593558e-11	0	NaN
0	0	0	0	2.78434721030954e-11	0	NaN
0	0	0	0	3.53063567506441e-11	0	NaN
0	0	0	0	4.79082178818488e-11	0	NaN
0	0	0	0	2.96763500854855e-11	0	NaN
0	0	0	0	5.36072152599197e-11	0	NaN
0	0	0	0	2.93583416433988e-11	0	NaN
0	0	0	0	9.74903460749621e-11	0	NaN
0	0	0	0	6.16128085943616e-11	0	NaN
0	0	0	0	2.95371507753572e-11	0	NaN
0	0	0	0	3.1130576324161e-11	0	NaN
0	0	0	0	7.48105925484852e-11	0	NaN
0	0	0	0	3.54732736034331e-11	0	NaN
0	0	0	0	4.873906682281e-10	0	NaN
0	0	0	0	3.70542850925168e-11	0	NaN
0	0	0	0	2.7313224325726e-10	0	NaN
0	0	0	0	3.20455204639982e-09	0	NaN
0	0	0	0	2.47474070326917e-10	0	NaN
0	0	0	0	2.75189676789044e-11	0	NaN
0	0	0	0	7.70165072661137e-11	0	NaN
0	0	0	0	4.32173334629217e-11	0	NaN
0	0	0	0	4.18356816142299e-11	0	NaN
0	0	0	0	3.78587813376734e-11	0	NaN
0	0	0	0	3.6112598312441e-11	0	NaN
0	0	0	0	4.70696538626492e-11	0	NaN
0	0	0	0	7.0043664579112e-11	0	NaN
0	0	0	0	8.64515535594001e-11	0	NaN
0	0	0	0	1.75953201636361e-10	0	NaN
0	0	0	0	8.48759368466141e-11	0	NaN
0	0	0	0	3.06541407973923e-11	0	NaN
0	0	0	0	2.95853961194875e-11	0	NaN
0	0	0	0	5.5680438389344e-11	0	NaN
0	0	0	0	2.55881832029904e-11	0	NaN
0	0	0	0	3.55870419941718e-11	0	NaN
0	0	0	0	2.72850488955068e-11	0	NaN
0	0	0	0	1.02915476239608e-10	0	NaN
0	0	0	0	3.16230093735258e-11	0	NaN
0	0	0	0	2.69233229111956e-11	0	NaN
0	0	0	0	1.15162656101513e-10	0	NaN
0	0	0	0	3.56202277959186e-11	0	NaN
0	0	0	0	2.89473158259033e-11	0	NaN
0	0	0	0	1.10116704149205e-10	0	NaN
0	0	0	0	3.23223072429274e-11	0	NaN
0	0	0	0	2.17755590690175e-10	0	NaN
0	0	0	0	1.13252133749998e-10	0	NaN
0	0	0	0	1.87329702890601e-10	0	NaN
0	0	0	0	1.97587329617424e-10	0	NaN
0	0	0	0	5.0561777520424e-11	0	NaN
0	0	0	0	6.17406520159899e-11	0	NaN
0	0	0	0	6.88769127541972e-11	0	NaN
0	0	0	0	2.71122141177591e-11	0	NaN
0	0	0	0	4.77430506972545e-11	0	NaN
0	0	0	0	3.36892300530773e-11	0	NaN
0	0	0	0	4.79851870965173e-11	0	NaN
0	0	0	0	5.22660904524479e-11	0	NaN
0	0	0	0	3.97282047179953e-10	0	NaN
0	0	0	0	4.14801270175299e-11	0	NaN
0	0	0	0	2.96674920731624e-11	0	NaN
0	0	0	0	1.407302050845e-10	0	NaN
0	0	0	0	3.4529871612903e-11	0	NaN
0	0	0	0	1.13411923949905e-09	0	NaN
0	0	0	0	3.30226997837884e-11	0	NaN
0	0	0	0	4.79289221027029e-11	0	NaN
0	0	0	0	6.88393352978629e-11	0	NaN
0	0	0	0	9.14581627434957e-11	0	NaN
0	0	0	0	5.19877088048966e-11	0	NaN
0	0	0	0	3.67837760627325e-11	0	NaN
0	0	0	0	2.73258925127136e-11	0	NaN
0	0	0	0	3.31119003190421e-11	0	NaN
0	0	0	0	3.30849332300794e-11	0	NaN
0	0	0	0	1.00648837098755e-10	0	NaN
0	0	0	0	7.63371365306203e-10	0	NaN
0	0	0	0	2.69965039191931e-11	0	NaN
0	0	0	0	1.2574889809548e-10	0	NaN
0	0	0	0	5.40747918481352e-11	0	NaN
0	0	0	0	2.59372805887867e-11	0	NaN
0	0	0	0	2.10144837648941e-10	0	NaN
0	0	0	0	4.02346547981957e-11	0	NaN
0	0	0	0	1.28414781843533e-10	0	NaN
0	0	0	0	4.99652330172227e-11	0	NaN
0	0	0	0	3.85418253312347e-11	0	NaN
0	0	0	0	1.22269370289957e-10	0	NaN
0	0	0	0	6.37737069475495e-11	0	NaN
0	0	0	0	1.62911359191537e-09	0	NaN
0	0	0	0	2.62178729323875e-11	0	NaN
0	0	0	0	1.31722005035654e-10	0	NaN
0	0	0	0	3.29974642068862e-11	0	NaN
0	0	0	0	9.86686044608332e-10	0	NaN
0	0	0	0	2.75185995352606e-09	0	NaN
0	0	0	0	3.8997121142447e-11	0	NaN
0	0	0	0	4.08807379087803e-11	0	NaN
0	0	0	0	3.46987742811705e-10	0	NaN
0	0	0	0	3.44368184733616e-11	0	NaN
0	0	0	0	3.48178020847109e-11	0	NaN
0	0	0	0	3.0555767642292e-11	0	NaN
0	0	0	0	4.47561710178712e-11	0	NaN
0	0	0	0	2.60536695716895e-11	0	NaN
0	0	0	0	3.2325429079292e-11	0	NaN
0	0	0	0	2.76071667508976e-11	0	NaN
0	0	0	0	1.26916545059094e-10	0	NaN
0	0	0	0	5.14043775570952e-11	0	NaN
0	0	0	0	2.6910116046299e-11	0	NaN
0	0	0	0	4.20741851823337e-11	0	NaN
0	0	0	0	1.13232866861011e-10	0	NaN
0	0	0	0	6.61477242402457e-11	0	NaN
0	0	0	0	3.04036907563656e-10	0	NaN
0	0	0	0	7.5179141507319e-11	0	NaN
0	0	0	0	3.46573227901242e-11	0	NaN
0	0	0	0	1.58685510551501e-09	0	NaN
0	0	0	0	2.98132045144839e-11	0	NaN
0	0	0	0	3.66931672448096e-11	0	NaN
0	0	0	0	7.60696205052682e-11	0	NaN
0	0	0	0	3.37953712324956e-11	0	NaN
0	0	0	0	5.9171141616006e-11	0	NaN
0	0	0	0	3.62963347125484e-11	0	NaN
0	0	0	0	5.69745651124965e-11	0	NaN
0	0	0	0	1.18383338730984e-10	0	NaN
0	0	0	0	6.40296024050094e-11	0	NaN
0	0	0	0	2.72585031151491e-11	0	NaN
0	0	0	0	4.6338689452802e-11	0	NaN
0	0	0	0	1.37190892184366e-10	0	NaN
0	0	0	0	6.45108329977822e-11	0	NaN
0	0	0	0	1.35276444251827e-10	0	NaN
0	0	0	0	2.7902374847936e-11	0	NaN
0.666666666666667	0.1984375	0.2	0.2	0.317678315606368	0	NaN
0	0	0	0	2.55943407295587e-11	0	NaN
0	0	0	0	1.526591058074e-10	0	NaN
0	0	0	0	1.86249002621313e-10	0	NaN
0	0	0	0	2.50298448341966e-10	0	NaN
0	0	0	0	2.68461429364903e-11	0	NaN
0	0	0	0	5.07760619237469e-11	0	NaN
0	0	0	0	3.1080723504922e-11	0	NaN
0	0	0	0	3.680264573219e-11	0	NaN
0	0	0	0	1.9687318839491e-10	0	NaN
0	0	0	0	5.62633690050527e-11	0	NaN
0	0	0	0	3.12259328865772e-10	0	NaN
0	0	0	0	1.52109568739172e-10	0	NaN
0	0	0	0	2.54336701533342e-11	0	NaN
0	0	0	0	3.49877840661892e-11	0	NaN
0	0	0	0	2.93234323305486e-11	0	NaN
0	0	0	0	6.76277683482557e-11	0	NaN
0	0	0	0	5.82041891896329e-11	0	NaN
0	0	0	0	2.49703937458646e-10	0	NaN
0	0	0	0	2.96507278227492e-11	0	NaN
0	0	0	0	1.16662282714966e-10	0	NaN
0	0	0	0	3.2205308291265e-11	0	NaN
0	0	0	0	6.86196043170337e-11	0	NaN
0	0	0	0	1.04818487552764e-10	0	NaN
0	0	0	0	1.45073124864051e-10	0	NaN
0	0	0	0	6.10512550447943e-11	0	NaN
0	0	0	0	2.828516609258e-11	0	NaN
0	0	0	0	3.35156140829677e-11	0	NaN
0	0	0	0	6.5264512517185e-11	0	NaN
0	0	0	0	1.24812804115713e-10	0	NaN
0	0	0	0	3.89141923473191e-10	0	NaN
0	0	0	0	8.55721104984943e-11	0	NaN
0	0	0	0	3.81068572159224e-11	0	NaN
0	0	0	0	3.92360478559097e-11	0	NaN
0	0	0	0	1.42776281906483e-10	0	NaN
0	0	0	0	3.16935465234864e-11	0	NaN
0	0	0	0	2.56593338290927e-11	0	NaN
0	0	0	0	7.55305200056443e-11	0	NaN
0	0	0	0	4.29771708520174e-11	0	NaN
0	0	0	0	7.13126322323816e-11	0	NaN
0	0	0	0	4.73411769312362e-11	0	NaN
0	0	0	0	3.03989531146494e-11	0	NaN
0	0	0	0	3.10803376994048e-10	0	NaN
0	0	0	0	6.01841094033156e-10	0	NaN
0	0	0	0	3.6317141109147e-11	0	NaN
0	0	0	0	4.4201182899659e-11	0	NaN
0	0	0	0	3.06331342561734e-11	0	NaN
0	0	0	0	3.20809339287982e-11	0	NaN
0	0	0	0	2.97307408776757e-11	0	NaN
0	0	0	0	2.51419684135026e-10	0	NaN
0	0	0	0	2.63509825768001e-11	0	NaN
0	0	0	0	2.34174871894381e-08	0	NaN
0	0	0	0	1.1962610934715e-10	0	NaN
0	0	0	0	4.54225412601e-11	0	NaN
0	0	0	0	7.54816713433836e-11	0	NaN
0	0	0	0	5.09777818844734e-11	0	NaN
0	0	0	0	3.0982698061539e-11	0	NaN
0	0	0	0	3.83435783106635e-11	0	NaN
0	0	0	0	3.83650483140014e-11	0	NaN
0	0	0	0	3.1697657622722e-10	0	NaN
0	0	0	0	3.2193092716789e-10	0	NaN
0	1.220703125e-05	0	0	6.46849165525794e-11	1	NaN
0	0	0	0	3.53648871800824e-11	0	NaN
1	0.99998779296875	1	1	0.999999972453703	0	NaN
0	0	0	0	9.3502303819939e-11	0	NaN
0	0	0	0	4.31574111427046e-11	0	NaN
0	0	0	0	7.05872691571116e-11	0	NaN
0	0	0	0	2.71446728176553e-11	0	NaN
0	0	0	0	5.06963832783706e-11	0	NaN
0	0	0	0	7.98093474658703e-11	0	NaN
0	0	0	0	5.19269072399654e-11	0	NaN
0	0	0	0	3.89017461898843e-11	0	NaN
0	0	0	0	6.71987364503311e-11	0	NaN
0	0	0	0	2.83952429468913e-10	0	NaN
0	0	0	0	7.75174040812161e-11	0	NaN
0	0	0	0	3.5155438521227e-10	0	NaN
0	0	0	0	2.93877655325324e-10	0	NaN
0	0	0	0	7.7455611224466e-11	0	NaN
0	0	0	0	1.24877773205594e-10	0	NaN
0	0	0	0	7.57102778824408e-11	0	NaN
0	0	0	0	7.10981226669056e-11	0	NaN
0	0	0	0	2.68269190471059e-11	0	NaN
0	0	0	0	6.70647127715871e-11	0	NaN
0	0	0	0	3.67707410031442e-11	0	NaN
0	0	0	0	8.62503985436575e-10	0	NaN
0	0	0	0	2.94266126486027e-11	0	NaN
0	0	0	0	2.58123560055406e-11	0	NaN
0	0	0	0	2.76589298721875e-10	0	NaN
0	0	0	0	5.73868045241887e-11	0	NaN
0	0	0	0	3.69312951966621e-11	0	NaN
0	0	0	0	2.71813497062636e-10	0	NaN
0	0	0	0	5.48506677484122e-11	0	NaN
0	0	0	0	3.85430810968746e-10	0	NaN
0	0	0	0	2.69814203761198e-11	0	NaN
0	0	0	0	8.19909094236923e-11	0	NaN
0	0	0	0	4.048213080012e-11	0	NaN
0	0	0	0	1.58331416297081e-10	0	NaN
0	0	0	0	2.89334355929245e-11	0	NaN
0	0	0	0	7.06690416883034e-11	0	NaN
0	0	0	0	2.93810995707774e-11	0	NaN
0	0	0	0	1.67059455318947e-10	0	NaN
0	0	0	0	6.20059282134468e-11	0	NaN
0	0	0	0	4.95117586816908e-11	0	NaN
0	0	0	0	8.20855559930138e-11	0	NaN
0	0	0	0	5.01950620623375e-11	0	NaN
0	0	0	0	3.31881393867556e-11	0	NaN
0	0	0	0	3.88956532075384e-11	0	NaN
0	0	0	0	2.85177135798674e-10	0	NaN
0	0	0	0	2.46998291109429e-10	0	NaN
0	0	0	0	4.92144971264296e-11	0	NaN
0	0	0	0	1.42022972553142e-10	0	NaN
0	0	0	0	1.94063058260879e-10	0	NaN
0	0	0	0	6.33562065741999e-11	0	NaN
0	0	0	0	6.44920830320331e-11	0	NaN
0	0	0	0	6.22653385386235e-11	0	NaN
0	0	0	0	3.48158650350248e-11	0	NaN
0	0	0	0	4.53464434554794e-11	0	NaN
0	0	0	0	6.32370899289618e-10	0	NaN
0	0	0	0	1.40812787664972e-10	0	NaN
0	0	0	0	3.42647856890139e-11	0	NaN
0	0	0	0	2.94909474078104e-11	0	NaN
0	0	0	0	1.15214340709057e-10	0	NaN
0	0	0	0	1.01047737743553e-09	0	NaN
1	0.99998779296875	1	1	0.999999999865937	0	NaN
0	0	0	0	4.82139985088212e-11	0	NaN
0	0	0	0	1.66967105014553e-10	0	NaN
0	0	0	0	3.93587289907205e-10	0	NaN
0	0	0	0	2.62221958108023e-11	0	NaN
0	0	0	0	3.6344429665081e-11	0	NaN
0	0	0	0	3.73526392622844e-11	0	NaN
0	0	0	0	2.97335535389036e-11	0	NaN
0	0	0	0	4.0033586929175e-11	0	NaN
0	0	0	0	3.0571111963704e-11	0	NaN
0	0	0	0	4.85681289775394e-10	0	NaN
0	0	0	0	3.80628653983413e-11	0	NaN
0	0	0	0	2.95715011378333e-10	0	NaN
0	0	0	0	2.81888577829925e-11	0	NaN
0	0	0	0	9.98753371422724e-11	0	NaN
0	0	0	0	7.60865974537753e-11	0	NaN
0	0	0	0	1.52519690159854e-10	0	NaN
0	0	0	0	1.86931545552835e-10	0	NaN
0	0	0	0	2.74763801170552e-11	0	NaN
0	0	0	0	6.38799762763274e-11	0	NaN
0	0	0	0	7.89607184662097e-11	0	NaN
0	0	0	0	1.05810152599216e-10	0	NaN
0	0	0	0	6.80415701999292e-11	0	NaN
0	0	0	0	1.42849178165695e-10	0	NaN
0	0	0	0	5.58649787756177e-11	0	NaN
0	0	0	0	8.83644465849585e-11	0	NaN
0	0	0	0	5.37595036290036e-11	0	NaN
0	0	0	0	2.62894035178139e-11	0	NaN
0	0	0	0	1.34345196393514e-10	0	NaN
0	0	0	0	2.93598934396964e-11	0	NaN
0	0	0	0	3.95311759116982e-11	0	NaN
0	0	0	0	5.50133071998985e-11	0	NaN
0	0	0	0	8.62012400274949e-11	0	NaN
0	0	0	0	3.66503943395717e-11	0	NaN
0	0	0	0	1.12462009112617e-09	0	NaN
0	0	0	0	2.20854267985465e-10	0	NaN
0	0	0	0	3.36950390482793e-11	0	NaN
0	0	0	0	7.16356039741446e-11	0	NaN
0	0	0	0	6.08083208229281e-11	0	NaN
0	0	0	0	1.1411070843153e-10	0	NaN
0	0	0	0	1.69066767688011e-10	0	NaN
0	0	0	0	2.96229529625314e-11	0	NaN
0	0	0	0	7.08558426817703e-11	0	NaN
0	0	0	0	3.84031035175464e-11	0	NaN
0	0	0	0	6.2006225737937e-11	0	NaN
0	0	0	0	2.56479049029772e-11	0	NaN
0	0	0	0	2.9268388126784e-11	0	NaN
0	0	0	0	2.42080926834665e-10	0	NaN
0	0	0	0	7.8048600236399e-11	0	NaN
0	0	0	0	1.00364524109478e-10	0	NaN
0	0	0	0	3.09266400699468e-10	0	NaN
0	0	0	0	5.2393336223032e-11	0	NaN
0	0	0	0	3.38799736553518e-11	0	NaN
0	0	0	0	3.01099617410683e-11	0	NaN
0	0	0	0	2.77014119006137e-11	0	NaN
0	0	0	0	1.09623526387257e-09	0	NaN
0	0	0	0	1.07520062098992e-10	0	NaN
0	0	0	0	3.63541456972802e-11	0	NaN
0	0	0	0	1.1627026409461e-10	0	NaN
0	0	0	0	2.62272316175353e-11	0	NaN
0	0	0	0	2.0976086229668e-10	0	NaN
0	0	0	0	2.52781734169561e-10	0	NaN
0	0	0	0	4.28250753708788e-11	0	NaN
0	0	0	0	2.86721691631026e-11	0	NaN
0	0	0	0	6.25220822513474e-11	0	NaN
0	0	0	0	7.03230282030807e-10	0	NaN
0	0	0	0	4.33879433414132e-11	0	NaN
0	0	0	0	3.7793639084406e-11	0	NaN
0	0	0	0	3.43299285426212e-11	0	NaN
0	0	0	0	2.70102185206022e-10	0	NaN
0	0	0	0	0.00353377940569542	0	NaN
0	0	0	0	5.26916216777529e-11	0	NaN
0	0	0	0	6.46918214843696e-11	0	NaN
0	0	0	0	3.46518242261327e-11	0	NaN
0	0	0	0	4.53826813826112e-11	0	NaN
0	0	0	0	2.67548315729794e-10	0	NaN
0	0	0	0	4.94749954965966e-11	0	NaN
0	0	0	0	1.16166379188569e-10	0	NaN
0	0	0	0	7.48854841323048e-11	0	NaN
0	0	0	0	4.70289876263836e-11	0	NaN
0	0	0	0	6.48088347300109e-11	0	NaN
0	0	0	0	1.02998055751909e-10	0	NaN
0	0	0	0	4.07017151253333e-11	0	NaN
0	0	0	0	4.79842193014804e-11	0	NaN
0	0	0	0	4.55395892272921e-11	0	NaN
0	0	0	0	5.53452336633833e-11	0	NaN
0	0	0	0	9.46430063200424e-11	0	NaN
0	0	0	0	5.15211264058346e-11	0	NaN
0	0	0	0	2.62716417396106e-11	0	NaN
0	0	0	0	3.1154565450221e-11	0	NaN
0	0	0	0	2.61766620506747e-11	0	NaN
0	0	0	0	9.96037146981869e-11	0	NaN
0	0	0	0	2.7819942629965e-11	0	NaN
0	0	0	0	4.11191659647963e-11	0	NaN
0	0	0	0	3.20337719641332e-11	0	NaN
0	0	0	0	3.81804302329652e-11	0	NaN
0	0	0	0	2.98272195147974e-11	0	NaN
0	0	0	0	2.75699281354898e-11	0	NaN
0	0	0	0	3.19752287406296e-11	0	NaN
0	0	0	0	7.02140069544038e-11	0	NaN
0	0	0	0	5.50944769188657e-11	0	NaN
0	0	0	0	4.95860734184208e-11	0	NaN
0	0	0	0	4.29833299634906e-11	0	NaN
0	0	0	0	7.14649151023222e-11	0	NaN
0	0	0	0	1.72364203931973e-10	0	NaN
0	0	0	0	2.68310030738984e-11	0	NaN
0	0	0	0	2.74906393520366e-11	0	NaN
0	0	0	0	2.84164712748308e-11	0	NaN
0	0	0	0	6.49066864778463e-09	0	NaN
0	0	0	0	6.68635089530542e-11	0	NaN
0	0	0	0	6.51802015420745e-11	0	NaN
0	0	0	0	6.01312431789708e-11	0	NaN
0	0	0	0	2.01485621715665e-10	0	NaN
0	0	0	0	2.71277774735014e-11	0	NaN
0	0	0	0	3.88319652011189e-11	0	NaN
0	0	0	0	9.04467274563899e-11	0	NaN
0	0	0	0	8.41021653133744e-11	0	NaN
0	0	0	0	5.49050435100231e-11	0	NaN
0	0	0	0	5.23777267325953e-11	0	NaN
0	0	0	0	2.75484431498763e-11	0	NaN
0	0	0	0	4.76162061928374e-11	0	NaN
0	0	0	0	2.94342144973437e-11	0	NaN
0	0	0	0	3.50096073871324e-11	0	NaN
0	0	0	0	3.00824202727808e-11	0	NaN
0	0	0	0	3.21970951277635e-11	0	NaN
0	0	0	0	2.01158910148104e-10	0	NaN
0	0	0	0	5.54930415668082e-11	0	NaN
0	0	0	0	2.21330423040354e-10	0	NaN
0	0	0	0	3.02120158635729e-09	0	NaN
0	0	0	0	2.78159645379864e-11	0	NaN
0	0	0	0	6.68786449123888e-11	0	NaN
0	0	0	0	9.9138984082736e-11	0	NaN
0	0	0	0	1.08975001837402e-09	0	NaN
0	0	0	0	1.27416573715147e-10	0	NaN
0	0	0	0	3.13794732751373e-11	0	NaN
0	0	0	0	3.75131008813222e-11	0	NaN
0	0	0	0	8.11724787528092e-11	0	NaN
0	0	0	0	1.48097420474168e-10	0	NaN
0	0	0	0	1.05475638196721e-10	0	NaN
0	0	0	0	7.6300251144714e-11	0	NaN
0	0	0	0	1.51430590472347e-10	0	NaN
0	0	0	0	6.64817120173632e-11	0	NaN
0	0	0	0	9.57147503096266e-11	0	NaN
0	0	0	0	3.06579330383784e-11	0	NaN
0	0	0	0	3.56856475711844e-11	0	NaN
0	0	0	0	4.3467995385882e-11	0	NaN
0	0	0	0	4.50358957507251e-10	0	NaN
0	0	0	0	6.70419367511573e-10	0	NaN
0	0	0	0	8.86611225353133e-11	0	NaN
0	0	0	0	5.57546239510615e-11	0	NaN
0	0	0	0	2.97856092548161e-11	0	NaN
0	0	0	0	3.34751390536322e-11	0	NaN
0	0	0	0	3.15953531090533e-11	0	NaN
0	0	0	0	2.66560434644109e-11	0	NaN
0	0	0	0	2.93976089486754e-11	0	NaN
0	0	0	0	2.89312585237273e-11	0	NaN
0	0	0	0	3.51666210547947e-11	0	NaN
0	0	0	0	3.43477110077439e-11	0	NaN
0	0	0	0	1.32217001684036e-10	0	NaN
0	0	0	0	2.7814599659914e-11	0	NaN
0	0	0	0	3.00508835933198e-11	0	NaN
0	0	0	0	1.35100034190199e-10	0	NaN
0	0	0	0	3.21092243919442e-11	0	NaN
0	0	0	0	3.35790901275631e-10	0	NaN
0	0	0	0	2.63946727791366e-11	0	NaN
0	0	0	0	6.86146039199284e-11	0	NaN
0	0	0	0	6.1377649262479e-11	0	NaN
0	0	0	0	2.78553303734041e-11	0	NaN
0	0	0	0	2.80468109336593e-10	0	NaN
0	0	0	0	8.82306423251292e-10	0	NaN
0	0	0	0	4.17539422904838e-11	0	NaN
0	0	0	0	3.9365899493415e-10	0	NaN
0	0	0	0	2.85019576808093e-11	0	NaN
0	0	0	0	8.03339740337847e-11	0	NaN
0	0	0	0	2.63252025261236e-11	0	NaN
0	0	0	0	5.19488050666652e-11	0	NaN
0	0	0	0	4.92023168987174e-10	0	NaN
0	0	0	0	4.57128598668903e-11	0	NaN
0	0	0	0	1.87183787525526e-10	0	NaN
0	0	0	0	7.1103635525024e-11	0	NaN
0	0	0	0	3.836181399527e-11	0	NaN
0	0	0	0	3.44858898473567e-11	0	NaN
0	0	0	0	1.212024408297e-10	0	NaN
0	0	0	0	3.86072353709771e-11	0	NaN
0	0	0	0	2.90257309047071e-11	0	NaN
0	0	0	0	3.99845571979789e-11	0	NaN
0	0	0	0	5.33253017083438e-11	0	NaN
0	0	0	0	4.13314996618387e-11	0	NaN
0	0	0	0	3.33155666408897e-11	0	NaN
0	0	0	0	4.94306504022103e-11	0	NaN
0	0	0	0	1.90780453896188e-10	0	NaN
0	0	0	0	2.6926094209012e-10	0	NaN
0	0	0	0	1.64468138075656e-10	0	NaN
0	0	0	0	2.75993257558373e-11	0	NaN
0	0	0	0	5.77527121576241e-11	0	NaN
0	0	0	0	2.74055036922303e-11	0	NaN
0	0	0	0	7.04648717908413e-11	0	NaN
0	0	0	0	4.68618713344894e-09	0	NaN
0	0	0	0	4.07750724986072e-11	0	NaN
0	0	0	0	6.94259370898595e-11	0	NaN
0	0	0	0	1.03963491462476e-10	0	NaN
0	0	0	0	3.40603742323428e-11	0	NaN
0	0	0	0	1.5875382876612e-10	0	NaN
0	0	0	0	4.19102325253811e-11	0	NaN
0	0	0	0	4.07068899441316e-11	0	NaN
0	0	0	0	2.53179649959055e-11	0	NaN
0	0	0	0	7.25148560903839e-11	0	NaN
0	0	0	0	4.35021349680994e-11	0	NaN
0	0	0	0	9.0134001153819e-11	0	NaN
0	0	0	0	2.53197544639906e-09	0	NaN
0	0	0	0	4.37130595383306e-10	0	NaN
0	0	0	0	9.32022323732946e-11	0	NaN
0	0	0	0	8.17085884985534e-11	0	NaN
0	0	0	0	3.42628953023865e-11	0	NaN
0	0	0	0	4.74211237320585e-11	0	NaN
0	0	0	0	2.70477103641175e-11	0	NaN
0	0	0	0	3.0263400528417e-11	0	NaN
0	0	0	0	1.93909677745693e-09	0	NaN
0	0	0	0	1.86327156159538e-10	0	NaN
0	0	0	0	4.29778283877473e-11	0	NaN
0	0	0	0	3.39867798698058e-11	0	NaN
0	0	0	0	5.15439584681461e-11	0	NaN
0	0	0	0	4.31810353796314e-11	0	NaN
0	0	0	0	4.86156429108317e-11	0	NaN
0	0	0	0	3.27199012073446e-11	0	NaN
0	0	0	0	1.26231224205371e-10	0	NaN
0	0	0	0	3.70426880868016e-11	0	NaN
0	0	0	0	6.31484773583413e-11	0	NaN
0	0	0	0	1.29358218769247e-10	0	NaN
0	0	0	0	1.45827663384147e-10	0	NaN
0	0	0	0	8.74787606802279e-11	0	NaN
0	0	0	0	2.89858161097779e-11	0	NaN
0	0	0	0	4.03516797838558e-11	0	NaN
0	0	0	0	2.9117820623324e-11	0	NaN
0	0	0	0	3.12595743020754e-11	0	NaN
0	0	0	0	3.03637116523142e-11	0	NaN
0	0	0	0	2.04058016391861e-09	0	NaN
0	0	0	0	2.20703417998078e-10	0	NaN
0	0	0	0	1.84397597584768e-10	0	NaN
0	0	0	0	2.52546162411432e-11	0	NaN
0	0	0	0	9.62370385006871e-11	0	NaN
0	0	0	0	3.85444733042483e-11	0	NaN
0	0	0	0	3.97102855709958e-11	0	NaN
0	0	0	0	2.65659152704774e-11	0	NaN
0	0	0	0	1.53990086898605e-10	0	NaN
0	0	0	0	2.71322267141254e-10	0	NaN
0	0	0	0	4.77037135310333e-10	0	NaN
0	0	0	0	1.56327129607786e-09	0	NaN
0	0	0	0	3.95586890371744e-11	0	NaN
0	0	0	0	7.86595328886994e-11	0	NaN
0	0	0	0	2.24319478162051e-10	0	NaN
0	0	0	0	3.62925182915846e-11	0	NaN
0	0	0	0	1.01580911701094e-09	0	NaN
0	0	0	0	4.03415966102069e-11	0	NaN
0	0	0	0	4.80185552353736e-11	0	NaN
0	0	0	0	2.79722578909099e-10	0	NaN
0	0	0	0	4.07847207223322e-11	0	NaN
0	0	0	0	4.11308818466146e-11	0	NaN
0	0	0	0	5.05602152079342e-11	0	NaN
0	0	0	0	1.1589697024425e-10	0	NaN
0	0	0	0	3.4903484876398e-11	0	NaN
0	0	0	0	2.76983622887095e-11	0	NaN
0	0	0	0	4.81640689904924e-11	0	NaN
0	0	0	0	1.17932788647255e-10	0	NaN
0	0	0	0	1.25303776991478e-10	0	NaN
0	0	0	0	2.75119825446951e-11	0	NaN
0	0	0	0	5.92001347884716e-11	0	NaN
0	0	0	0	6.70293828655625e-11	0	NaN
0	0	0	0	4.22997930615845e-11	0	NaN
0	0	0	0	4.27555101042427e-11	0	NaN
0	0	0	0	4.608172694763e-11	0	NaN
1	1	1	1	1	1	NaN
0	0	0	0	3.05159574935511e-11	0	NaN
0	0	0	0	2.61154513598903e-11	0	NaN
0.333333333333333	0.80155029296875	0.8	0.8	0.678787662056693	0	NaN
0	0	0	0	7.78258370684038e-08	0	NaN
0	0	0	0	6.85658952345182e-11	0	NaN
0	0	0	0	1.05501204982549e-10	0	NaN
0	0	0	0	2.82536147224211e-11	0	NaN
0	0	0	0	9.84413708314395e-11	0	NaN
0	0	0	0	1.31407165351655e-10	0	NaN
0	0	0	0	4.80006958076593e-11	0	NaN
0	0	0	0	4.30875532882362e-11	0	NaN
0	0	0	0	3.88158334815287e-11	0	NaN
0	0	0	0	2.89314694014955e-11	0	NaN
0	0	0	0	3.87164498868537e-11	0	NaN
0	0	0	0	8.09431705060281e-11	0	NaN
0	0	0	0	6.72813210322404e-11	0	NaN
0	0	0	0	3.02277277642025e-10	0	NaN
0	0	0	0	3.4101658135909e-11	0	NaN
0	0	0	0	3.86935994062169e-11	0	NaN
0	0	0	0	2.75073591664496e-11	0	NaN
0	0	0	0	3.21455019345611e-11	0	NaN
0	0	0	0	2.84589415890838e-11	0	NaN
0	0	0	0	2.98134223883104e-11	0	NaN
0	0	0	0	1.21165052668145e-10	0	NaN
0	0	0	0	1.76326082480614e-10	0	NaN
0	0	0	0	8.19586776788999e-11	0	NaN
0	0	0	0	6.39691712396335e-10	0	NaN
0	0	0	0	2.88708176952886e-10	0	NaN
0	0	0	0	3.0295441944362e-11	0	NaN
0	0	0	0	1.25060724405547e-10	0	NaN
0	0	0	0	2.59645508952697e-11	0	NaN
0	0	0	0	1.2515859071874e-10	0	NaN
0	0	0	0	2.59508164835857e-11	0	NaN
0	0	0	0	8.11163150717673e-11	0	NaN
0	0	0	0	1.20078577067633e-10	0	NaN
0	0	0	0	7.55444298741711e-10	0	NaN
0	0	0	0	2.38393254130591e-10	0	NaN
0	0	0	0	5.82344407647593e-11	0	NaN
0	0	0	0	2.58954071681908e-11	0	NaN
0	0	0	0	1.8091205948448e-09	0	NaN
0	0	0	0	3.67016529338285e-11	0	NaN
0	0	0	0	6.02162382700977e-11	0	NaN
0	0	0	0	4.01256191186297e-11	0	NaN
0	0	0	0	4.43969476807949e-11	0	NaN
0	0	0	0	3.77743616859946e-11	0	NaN
0	0	0	0	1.09163046657944e-10	0	NaN
0	0	0	0	5.63187438168485e-11	0	NaN
0	0	0	0	1.52334194088597e-10	0	NaN
0	0	0	0	5.87537871288291e-11	0	NaN
0	0	0	0	5.40733503273004e-11	0	NaN
0	0	0	0	1.16312928397308e-09	0	NaN
0	0	0	0	9.12512452463143e-10	0	NaN
0	0	0	0	3.11446014667044e-11	0	NaN
0	0	0	0	1.61753257583561e-10	0	NaN
0	0	0	0	2.71047375318449e-11	0	NaN
0	0	0	0	6.34991430724858e-11	0	NaN
0	0	0	0	5.32349026542091e-11	0	NaN
0	0	0	0	6.18112634123342e-11	0	NaN
0	0	0	0	2.74203314242875e-11	0	NaN
0	0	0	0	2.57479825096136e-11	0	NaN
0	0	0	0	3.08410917093471e-11	0	NaN
0	0	0	0	1.34740447549797e-09	0	NaN
0	0	0	0	5.23189531591656e-11	0	NaN
0	0	0	0	6.50724933610564e-11	0	NaN
0	0	0	0	2.49267296652147e-09	0	NaN
0	0	0	0	8.60613521754537e-10	0	NaN
0	0	0	0	1.04542263111498e-10	0	NaN
0	0	0	0	4.07134365676882e-11	0	NaN
0	0	0	0	2.86430420356703e-11	0	NaN
0	0	0	0	1.10242046968778e-10	0	NaN
0	0	0	0	1.22935614004045e-10	0	NaN
0	0	0	0	2.85606204666836e-11	0	NaN
0	0	0	0	1.57962991159236e-10	0	NaN
0	0	0	0	5.77420127086846e-11	0	NaN
0	0	0	0	8.93264213409251e-11	0	NaN
0	0	0	0	3.70890245000185e-11	0	NaN
0	0	0	0	6.79665576670253e-11	0	NaN
0	0	0	0	1.80878257263634e-10	0	NaN
0	0	0	0	1.63937812932652e-10	0	NaN
0	0	0	0	5.34119864448589e-11	0	NaN
0	0	0	0	4.46392264617287e-11	0	NaN
0	0	0	0	4.84726761293831e-11	0	NaN
0	0	0	0	2.52213494539731e-11	0	NaN
0	0	0	0	4.87003187908729e-11	0	NaN
0	0	0	0	2.68359971883973e-11	0	NaN
0	0	0	0	2.64311509121577e-11	0	NaN
0	0	0	0	3.28554711722665e-11	0	NaN
0	0	0	0	7.6003137628933e-11	0	NaN
0	0	0	0	1.70784839059434e-08	0	NaN
0	0	0	0	5.82951493630473e-10	0	NaN
0	0	0	0	3.07112634069895e-11	0	NaN
0	0	0	0	1.701943167631e-10	0	NaN
0	0	0	0	2.40181583312888e-10	0	NaN
0	0	0	0	5.34531584340429e-09	0	NaN
0	0	0	0	1.6461248680468e-10	0	NaN
0	0	0	0	3.73522296692385e-11	0	NaN
0	0	0	0	5.79786467839231e-11	0	NaN
0	0	0	0	2.80118887203618e-11	0	NaN
0	0	0	0	8.67092217238554e-11	0	NaN
0	0	0	0	2.5543779044669e-11	0	NaN
0	0	0	0	3.35167688567212e-11	0	NaN
0	0	0	0	3.07311153791893e-10	0	NaN
0	0	0	0	4.524909684009e-11	0	NaN
0	0	0	0	3.1462042551709e-11	0	NaN
0	0	0	0	6.69176167956035e-11	0	NaN
0	0	0	0	3.23734824632152e-11	0	NaN
0	0	0	0	2.86729259719435e-10	0	NaN
0	0	0	0	1.23186955064243e-10	0	NaN
0	0	0	0	3.75064605381273e-11	0	NaN
0	0	0	0	4.27448236183342e-11	0	NaN
0	0	0	0	3.09930118811239e-11	0	NaN
0	0	0	0	1.77419242559152e-10	0	NaN
0	0	0	0	5.12128022342886e-11	0	NaN
0	0	0	0	5.30377210663637e-11	0	NaN
0	0	0	0	3.03580986729027e-11	0	NaN
0	0	0	0	3.18625668438676e-11	0	NaN
0	0	0	0	8.4906197246957e-11	0	NaN
0	0	0	0	5.47766633975016e-11	0	NaN
0	0	0	0	5.95379244120326e-11	0	NaN
0	0	0	0	3.48106199640287e-11	0	NaN
0	0	0	0	6.76831133487923e-11	0	NaN
0	0	0	0	6.71477076463505e-11	0	NaN
0	0	0	0	9.49115111864654e-11	0	NaN
0	0	0	0	2.15027312588106e-10	0	NaN
0	0	0	0	4.30118957990449e-11	0	NaN
0	0	0	0	2.62382120287212e-11	0	NaN
0	0	0	0	3.92915978872851e-11	0	NaN
0	0	0	0	4.48994870650418e-11	0	NaN
0	0	0	0	1.08325712586368e-10	0	NaN
0	0	0	0	2.98767035113612e-11	0	NaN
0	0	0	0	3.36052476526843e-10	0	NaN
0	0	0	0	3.04451249392584e-10	0	NaN
0	0	0	0	2.83648908684046e-11	0	NaN
0	0	0	0	8.79798594495095e-11	0	NaN
0	0	0	0	3.08710488068747e-11	0	NaN
0	0	0	0	8.10785177520228e-11	0	NaN
0	0	0	0	3.04875243840887e-11	0	NaN
0	0	0	0	9.22038277710818e-11	0	NaN
0	0	0	0	8.44587736363161e-11	0	NaN
0	0	0	0	3.63844736566223e-11	0	NaN
0	0	0	0	4.10589041395352e-11	0	NaN
0	0	0	0	5.51391812613821e-11	0	NaN
0	0	0	0	4.21257516769004e-11	0	NaN
0	0	0	0	2.04302588405897e-10	0	NaN
0	0	0	0	2.89513620046799e-11	0	NaN
0	0	0	0	2.97786952940691e-11	0	NaN
0	0	0	0	7.7432287881078e-11	0	NaN
0	0	0	0	5.28534241157143e-11	0	NaN
0	0	0	0	4.50952440797578e-11	0	NaN
0	0	0	0	5.38066007868557e-11	0	NaN
0	0	0	0	4.72655367749208e-11	0	NaN
0	0	0	0	3.86065591031982e-11	0	NaN
0	0	0	0	3.66260650664929e-11	0	NaN
0	0	0	0	4.5971201807005e-11	0	NaN
0	0	0	0	7.89954204116564e-11	0	NaN
0	0	0	0	4.77604749398434e-11	0	NaN
0	0	0	0	8.15810570433015e-11	0	NaN
0	0	0	0	2.78827820478758e-11	0	NaN
0	0	0	0	2.90320311861726e-11	0	NaN
0	0	0	0	6.92930736403958e-11	0	NaN
0	0	0	0	2.84956339242203e-11	0	NaN
0	0	0	0	3.33888775154307e-11	0	NaN
0	0	0	0	6.28010009415887e-11	0	NaN
0	0	0	0	2.91885725939675e-11	0	NaN
0	0	0	0	3.1130202910351e-11	0	NaN
0	0	0	0	3.11098521125783e-10	0	NaN
0	0	0	0	3.28198912637108e-10	0	NaN
0	0	0	0	2.73744015175831e-11	0	NaN
0	0	0	0	4.83183033505749e-11	0	NaN
0	0	0	0	5.30865454763436e-11	0	NaN
0	0	0	0	2.70989415430767e-10	0	NaN
0	0	0	0	2.98637535765631e-11	0	NaN
0	0	0	0	5.30866105406943e-11	0	NaN
0	0	0	0	3.99500574002197e-11	0	NaN
0	0	0	0	1.5472950793028e-10	0	NaN
0	0	0	0	1.32313472873762e-10	0	NaN
0	0	0	0	3.11218495639164e-10	0	NaN
0	0	0	0	4.70518550912128e-11	0	NaN
0	0	0	0	2.77452808398827e-10	0	NaN
0	0	0	0	3.68358548325211e-11	0	NaN
0	0	0	0	7.92428018390033e-11	0	NaN
0	0	0	0	6.93779060286645e-11	0	NaN
0	0	0	0	3.02228021167158e-11	0	NaN
0	0	0	0	4.40740358374837e-11	0	NaN
0	0	0	0	2.78385411626149e-11	0	NaN
0	0	0	0	5.60757361175427e-11	0	NaN
0	0	0	0	2.70120494179627e-11	0	NaN
0	0	0	0	3.63804101249461e-11	0	NaN
0	0	0	0	5.91210728182596e-11	0	NaN
0	0	0	0	5.65351332092817e-11	0	NaN
0	0	0	0	2.87695495465413e-11	0	NaN
0	0	0	0	2.72626643363203e-11	0	NaN
0	0	0	0	8.67241917332084e-11	0	NaN
0	0	0	0	1.00822752609332e-10	0	NaN
0	0	0	0	1.22596766366467e-10	0	NaN
0	0	0	0	2.06056996108028e-10	0	NaN
0	0	0	0	2.61467488498311e-11	0	NaN
0	0	0	0	7.33506725974843e-11	0	NaN
0	0	0	0	6.45112498636265e-11	0	NaN
0	0	0	0	2.94800614534192e-11	0	NaN
0	0	0	0	2.98360858405653e-11	0	NaN
0	0	0	0	1.22896021876028e-10	0	NaN
0	0	0	0	8.83841307498176e-11	0	NaN
0	0	0	0	5.28813532010746e-11	0	NaN
0	0	0	0	6.89554224739327e-11	0	NaN
0	0	0	0	1.57340187926842e-10	0	NaN
0	0	0	0	7.57584760339215e-11	0	NaN
0	0	0	0	1.05220222269903e-10	0	NaN
0	0	0	0	4.16633955198251e-11	0	NaN
0	0	0	0	2.85942138342114e-11	0	NaN
0	0	0	0	7.25225566440156e-11	0	NaN
0	0	0	0	3.6319708255914e-11	0	NaN
1	0.99998779296875	1	1	0.999999997851291	0	NaN
0	0	0	0	4.73586167290546e-11	0	NaN
0	0	0	0	1.24474515427224e-09	0	NaN
0	0	0	0	1.92927122294621e-10	0	NaN
0	0	0	0	3.83399937828412e-10	0	NaN
0	0	0	0	2.68222638525555e-11	0	NaN
0	0	0	0	3.2786091714394e-11	0	NaN
0	0	0	0	4.5369443040862e-11	0	NaN
0	0	0	0	6.23120627326376e-11	0	NaN
0	0	0	0	2.6980508211982e-11	0	NaN
0	0	0	0	3.52270190408241e-11	0	NaN
0	0	0	0	5.46345448324283e-10	0	NaN
0	0	0	0	3.19077361608053e-11	0	NaN
0	0	0	0	2.59839717673495e-11	0	NaN
0	0	0	0	2.42427056217281e-10	0	NaN
0	0	0	0	2.30691976459189e-10	0	NaN
0	0	0	0	4.79980141238743e-11	0	NaN
0	0	0	0	7.3941140289944e-11	0	NaN
0	0	0	0	4.15606642811307e-10	0	NaN
0	0	0	0	3.81311152403477e-11	0	NaN
0	0	0	0	4.17707879234259e-11	0	NaN
0	0	0	0	6.47333051323844e-11	0	NaN
0	0	0	0	1.8566666296589e-10	0	NaN
0	0	0	0	3.67237510110793e-11	0	NaN
0	0	0	0	4.28288191178887e-11	0	NaN
0	0	0	0	5.11750013102337e-11	0	NaN
0	0	0	0	7.07591361663123e-11	0	NaN
0	0	0	0	2.81209402484681e-11	0	NaN
0	0	0	0	1.12164076711722e-10	0	NaN
0	0	0	0	7.39173201581412e-11	0	NaN
0	0	0	0	4.15981086092023e-11	0	NaN
0	0	0	0	3.43031964672137e-10	0	NaN
0	0	0	0	9.38123391605504e-11	0	NaN
0	0	0	0	4.22689893436154e-11	0	NaN
0	0	0	0	2.5646161461398e-11	0	NaN
0	0	0	0	3.29449531445513e-10	0	NaN
0	0	0	0	3.56882381311297e-11	0	NaN
0	0	0	0	3.29757690948721e-11	0	NaN
0	0	0	0	3.89789763010516e-11	0	NaN
0	0	0	0	3.00138248206193e-11	0	NaN
0	0	0	0	7.10226720189963e-11	0	NaN
0	0	0	0	5.50119154486075e-10	0	NaN
0	0	0	0	2.57593528156809e-10	0	NaN
0	0	0	0	7.87951099259079e-11	0	NaN
0	0	0	0	1.02690032601571e-10	0	NaN
0	0	0	0	5.78385601150366e-11	0	NaN
0	0	0	0	3.99555501878652e-11	0	NaN
0	0	0	0	1.08369628462988e-10	0	NaN
0	0	0	0	1.1740908408924e-10	0	NaN
0	0	0	0	3.2417053920055e-11	0	NaN
0	0	0	0	4.26703376790313e-11	0	NaN
0	0	0	0	5.68009831604403e-11	0	NaN
0	0	0	0	1.08176491072334e-10	0	NaN
0	0	0	0	3.24861944918316e-11	0	NaN
0	0	0	0	2.81152902396679e-11	0	NaN
0	0	0	0	5.59108053321173e-11	0	NaN
0	0	0	0	5.83321071388213e-11	0	NaN
0	0	0	0	9.40553845307126e-11	0	NaN
0	0	0	0	3.79121595685223e-11	0	NaN
0	0	0	0	6.69815942311481e-10	0	NaN
0	0	0	0	5.25102758119666e-11	0	NaN
0	0	0	0	2.95621698507734e-10	0	NaN
0	0	0	0	2.12972670005231e-10	0	NaN
0	0	0	0	8.93787385597318e-11	0	NaN
0	0	0	0	1.32879682256716e-09	0	NaN
0	0	0	0	2.91286850826292e-11	0	NaN
0	0	0	0	4.80145126235553e-11	0	NaN
0	0	0	0	7.19085540505341e-11	0	NaN
0	0	0	0	6.92585658350434e-11	0	NaN
0	0	0	0	3.42688797895897e-11	0	NaN
0	0	0	0	7.25487406581827e-11	0	NaN
0	0	0	0	7.65424468580838e-11	0	NaN
0	0	0	0	3.20150853073132e-11	0	NaN
0	0	0	0	8.03531178085823e-11	0	NaN
0	0	0	0	2.56362076082137e-11	0	NaN
0	0	0	0	9.21001271381862e-11	0	NaN
0	0	0	0	3.15847850707371e-11	0	NaN
0	0	0	0	2.97341704734929e-11	0	NaN
0	0	0	0	3.07105212986222e-11	0	NaN
0	0	0	0	7.3619850474806e-10	0	NaN
0	0	0	0	1.13342090654136e-10	0	NaN
0	0	0	0	2.55085884252834e-11	0	NaN
0	0	0	0	3.77355558247845e-11	0	NaN
0	0	0	0	3.29462331326486e-11	0	NaN
0	0	0	0	9.26778996051673e-10	0	NaN
0	0	0	0	1.43044361345444e-10	0	NaN
0	0	0	0	3.57437485028995e-11	0	NaN
0	0	0	0	2.9566312057511e-11	0	NaN
0	0	0	0	6.31291545005751e-11	0	NaN
0	0	0	0	6.13151898801481e-11	0	NaN
0	0	0	0	3.5384887129206e-11	0	NaN
0	0	0	0	3.66689443703351e-10	0	NaN
0	0	0	0	1.0596016351346e-10	0	NaN
0	0	0	0	4.21716731416682e-11	0	NaN
0	0	0	0	3.15535642176532e-11	0	NaN
0	0	0	0	2.79997542833638e-11	0	NaN
0	0	0	0	8.23677791447917e-11	0	NaN
0	0	0	0	4.34038455709048e-11	0	NaN
0	0	0	0	4.17554895443e-11	0	NaN
0	0	0	0	1.87240486833883e-10	0	NaN
0	0	0	0	3.1758652626094e-11	0	NaN
0	0	0	0	1.16209888118583e-10	0	NaN
0	0	0	0	3.26503933480106e-10	0	NaN
0	0	0	0	2.9061606154621e-11	0	NaN
0	0	0	0	5.90201541126703e-11	0	NaN
0	0	0	0	1.22409966943661e-10	0	NaN
0	0	0	0	1.17781318170375e-10	0	NaN
0	0	0	0	3.0622044207253e-11	0	NaN
0	0	0	0	8.46879058200582e-10	0	NaN
0	0	0	0	6.25237412061891e-11	0	NaN
0	0	0	0	4.64467852625839e-11	0	NaN
0	0	0	0	2.52549620589843e-11	0	NaN
0	0	0	0	2.77342392303508e-11	0	NaN
0	0	0	0	2.73423473352299e-11	0	NaN
0	0	0	0	3.09719740111366e-11	0	NaN
0	0	0	0	7.08940448891345e-11	0	NaN
0	0	0	0	3.54100841375686e-10	0	NaN
0	0	0	0	3.48867757096293e-11	0	NaN
0	0	0	0	4.03080733297318e-11	0	NaN
0	0	0	0	7.85117522177774e-11	0	NaN
0	0	0	0	3.80364780738942e-10	0	NaN
0	0	0	0	3.5282747973556e-11	0	NaN
0	0	0	0	2.67689557605426e-11	0	NaN
0	0	0	0	3.02955260726317e-11	0	NaN
0	0	0	0	5.27436786436506e-11	0	NaN
