FW_Default	FW_LBM	FW_QBM	FW_NM	Direct	interior-point-convex	active-set
0	0.000943599869460029	0	0	1.92812593364516e-15	4.13737442047909e-19	NaN
0	0.000943599869460029	0	0	7.51133262770992e-16	-3.49393297289816e-18	NaN
0	0.000943599869460029	0	0	4.52944289852827e-16	-7.02539389116247e-18	NaN
0	0.000943599869460029	0	0	6.45480330707091e-16	-4.55795333907753e-19	NaN
0	0	0	0	7.83675275784026e-16	8.43343153061045e-17	NaN
0	0	0	0	4.05841824488817e-16	2.75892424622121e-17	NaN
0	0	0	0	5.57956891614029e-16	1.43833545829057e-16	NaN
0.0397727272727273	0.0354169921875	0	0	0.0133127202845834	2.9645933656748e-16	NaN
0	0	0	0	1.14389129986969e-15	9.96697800885072e-17	NaN
0	0	0	0	6.13405606595694e-16	-2.27291688486499e-15	NaN
0	0.000943599869460029	0	0	1.03796030927551e-15	3.19214971851631e-17	NaN
0	0	0	0	1.68193552745119e-15	2.32663166054746e-15	NaN
0	0	0	0	5.20119249677691e-16	-2.10972513702331e-16	NaN
0	0	0	0	7.37669931511794e-16	1.62745033232656e-17	NaN
0	0	0	0	1.90440418770294e-15	1.63073206730783e-19	NaN
0	0	0	0	1.44407468202189e-15	-5.5077688402018e-19	NaN
0	0	0	0	1.12397831523651e-14	2.50002161251415e-17	NaN
0	0	0	0	6.24605194633094e-16	3.11548972570741e-32	NaN
0	0	0	0	1.0240132792457e-15	-1.43947432076392e-20	NaN
0	0.000943599869460029	0	0	1.36504291160682e-15	3.36068015642923e-21	NaN
0	0	0	0	1.40603006843174e-15	-4.11305489449948e-18	NaN
0	0	0	0	3.27401397177496e-15	1.1646211597354e-18	NaN
0	0	0	0	2.83578298360567e-15	1.37162938955338e-20	NaN
0	0	0	0	5.20766767545986e-16	6.83305304995935e-17	NaN
0	0	0	0	1.45022624227485e-15	3.19883479468698e-18	NaN
0	0	0	0	2.60626990412248e-15	-1.98914069961755e-18	NaN
0	0	0	0	1.60756523373886e-15	1.70471481439344e-18	NaN
0	0	0	0	3.9978063095921e-15	8.43811771047155e-20	NaN
1	1	1	1	0.999999999999998	1	NaN
0	0	0	0	4.5215909778503e-16	4.33479928511527e-18	NaN
0.208333333333333	0.212580809405034	0.208851815600863	0.208851815600863	0.224902359040248	0.230395163072242	NaN
0	0	0	0	3.60231252624963e-15	1.66726830217602e-18	NaN
0	0	0	0	4.03452015409481e-16	-4.75072709023569e-18	NaN
0	0	0	0	4.5464896967032e-15	1.58319751423244e-17	NaN
0	0	0	0	7.96727097129718e-16	-8.07297457536212e-18	NaN
0	0	0	0	1.00473241746141e-15	-5.29059300864803e-18	NaN
0	0	0	0	7.2317908280542e-16	-1.11401880519476e-17	NaN
0	0	0	0	2.15902256746701e-15	-1.34448936274069e-17	NaN
0	0	0	0	3.31843056168488e-15	-1.19595414614488e-17	NaN
0	0	0	0	1.41667409590509e-15	1.62939823220948e-18	NaN
0	0	0	0	5.013760011408e-16	6.82068972050839e-18	NaN
0	0	0	0	4.10519423759728e-16	-5.22689544797164e-19	NaN
0	0	0	0	1.08459180071702e-15	-7.57488933214364e-18	NaN
0	0	0	0	9.77587113533041e-16	1.2344005196223e-17	NaN
0	0	0	0	4.31032860226755e-16	2.81936555221325e-18	NaN
0	0	0	0	2.06704500379296e-15	3.98475252902291e-18	NaN
0	0	0	0	5.84403217736679e-16	2.34449584146312e-18	NaN
0.253787878787879	0.246587014066751	0.252500035376399	0.252500035376399	0.259683269817747	0.301603888054751	NaN
0	0	0	0	3.9588604949971e-16	-1.3150703197415e-17	NaN
0	0	0	0	2.06609272918543e-15	9.73500242809041e-18	NaN
0	0	0	0	1.13078791815421e-15	2.97587240410905e-17	NaN
0	0	0	0	8.88811447720548e-16	-5.53382151469473e-18	NaN
0	0	0	0	7.46274098513547e-16	1.96044017685098e-17	NaN
0	0	0	0	4.26116100762595e-15	-3.52065796021338e-18	NaN
0	0	0	0	8.56581780675824e-16	3.46663224436853e-17	NaN
0.164772727272727	0.188941031234902	0.185741204168121	0.185741204168122	0.193467277954046	8.2810805591613e-19	NaN
0	0.000943599869460029	0	0	4.62113491262228e-16	-3.13584190355514e-17	NaN
0	0	0	0	5.04964863147121e-16	7.43443980351779e-18	NaN
0	0	0	0	9.25599227053941e-16	3.2337177257666e-17	NaN
0	0	0	0	3.87757454482401e-16	-1.85819676837398e-18	NaN
0	0	0	0	9.09334297618813e-16	4.03099996709507e-18	NaN
0	0	0	0	4.77095173021383e-16	-3.9329696242702e-18	NaN
0	0	0	0	5.52626692925056e-16	1.11363467816194e-17	NaN
0	0.000943599869460029	0	0	1.92866380698591e-15	1.17409512793045e-18	NaN
0	0	0	0	5.01797403662205e-16	3.15571041881882e-17	NaN
0	0	0	0	3.93831861922707e-16	-1.54375337718789e-17	NaN
0	0	0	0	7.44168072824474e-15	-1.09847614615539e-17	NaN
0	0	0	0	4.38724677659806e-16	2.34201665245475e-17	NaN
0	0	0	0	4.44357063414761e-16	-5.64939854152157e-18	NaN
0	0	0	0	4.57996554848963e-16	-6.4439137368803e-19	NaN
0	0	0	0	3.88715328147487e-15	-2.33657280912207e-17	NaN
0	0	0	0	7.62749862351566e-15	4.03845948415609e-17	NaN
0	0	0	0	4.27785693507878e-16	-2.74586857483803e-18	NaN
0	0	0	0	4.41504354804775e-16	-1.28744438162881e-17	NaN
1	1	1	1	0.999999999999998	1	NaN
0	0	0	0	5.51508495932532e-16	4.13523396341256e-18	NaN
0	0	0	0	5.18527247860191e-16	-4.0520334581592e-17	NaN
0	0	0	0	2.06928912714346e-15	1.98940545471214e-17	NaN
0	0	0	0	1.12641339456901e-15	1.92921597345861e-17	NaN
0	0	0	0	5.03079517189487e-16	1.39096982654193e-17	NaN
0	0	0	0	6.4713889965356e-16	2.42611160634709e-17	NaN
0	0	0	0	4.17141395884463e-16	-1.74941298919494e-17	NaN
0	0	0	0	5.65895127435839e-16	2.16323692428642e-17	NaN
0	0	0	0	2.85013561976263e-15	5.54998898013957e-18	NaN
0	0	0	0	6.52443127964216e-16	-3.3059306471649e-18	NaN
0.433712121212121	0.38195851453523	0.41291863776885	0.41291863776885	0.416063911878925	0.493794093733119	NaN
0	0.000943599869460029	0	0	5.27196474762038e-16	7.36839259594915e-17	NaN
0	0	0	0	9.23409146670337e-16	-3.18778844020151e-19	NaN
0	0	0	0	1.6004166956937e-15	1.14459495556681e-18	NaN
0	0	0	0	5.68673565385931e-16	4.85532111296811e-17	NaN
0	0	0	0	2.27430599306054e-15	-1.53386512018604e-19	NaN
0	0	0	0	7.72041535593718e-16	4.57038183382553e-18	NaN
0	0	0	0	3.946099683873e-16	1.88263093132626e-17	NaN
0	0	0	0	6.10916779602766e-16	-7.84201258665215e-17	NaN
0	0	0	0	1.56075921540066e-15	-4.02105306632646e-17	NaN
0	0	0	0	1.69148685056568e-15	-3.75709750066711e-17	NaN
0	0	0	0	4.15387111634409e-16	-3.57867513294414e-17	NaN
0	0	0	0	4.71989177870352e-16	2.25791116799881e-18	NaN
0	0	0	0	4.31889911424935e-16	-1.91627221688706e-16	NaN
0	0	0	0	4.67264586446979e-16	1.25002366967018e-17	NaN
0	0	0	0	7.44106811301783e-16	2.22233855255922e-16	NaN
0	0	0	0	1.01864741919259e-14	1.78702073986871e-18	NaN
0	0	0	0	5.2397431019055e-16	-2.17646722150562e-18	NaN
0.130681818181818	0.135917412743036	0.112831302698502	0.112831302698501	0.112859601474189	2.50266455172126e-17	NaN
0	0	0	0	4.60345054662486e-16	-3.36566450118166e-19	NaN
0	0	0	0	5.88333625440714e-16	-1.22715785292173e-17	NaN
0	0	0	0	5.29970334338923e-16	-4.47783710213259e-18	NaN
0	0	0	0	6.30916429489249e-16	-1.14783721389335e-16	NaN
0	0	0	0	7.80080685663682e-16	1.62655462304801e-18	NaN
0	0	0	0	4.99126486164617e-16	5.24045042553929e-18	NaN
0	0	0	0	9.32452454004318e-16	1.83518990339957e-15	NaN
0	0	0	0	5.37294132814128e-16	-2.44823434568875e-17	NaN
0	0	0	0	2.90969953978179e-15	-1.62234544792079e-17	NaN
0	0	0	0	4.22279647585448e-16	1.73822103177686e-17	NaN
0	0	0	0	9.81224794836757e-16	5.74962086011714e-18	NaN
0	0	0	0	5.81713809587661e-16	-1.55659156837699e-17	NaN
0	0	0	0	4.47014205335097e-16	-3.06451549884256e-17	NaN
0	0	0	0	4.77233543413135e-16	-1.60766261878165e-18	NaN
0	0	0	0	1.2312135370907e-14	-2.16095468207224e-17	NaN
0.107954545454545	0.0676807972849741	0.0785522252543899	0.07855222525439	0.070436140428849	1.27954827833277e-20	NaN
0	0	0	0	3.95067559217979e-16	1.02065014381875e-17	NaN
0	0	0	0	4.09651964144491e-16	-8.95174697917647e-19	NaN
0.28030303030303	0.312833499677252	0.30392176124383	0.30392176124383	0.311112081585343	0.366650956312845	NaN
0	0	0	0	1.73718666816046e-15	-9.54733293293606e-19	NaN
0	0	0	0	2.45010277507677e-13	-1.69786663256634e-17	NaN
0	0	0	0	4.6953750638723e-16	5.40309778118836e-17	NaN
0	0	0	0	8.44266403001015e-16	-3.95680294686466e-16	NaN
0	0	0	0	1.30685832406317e-15	-2.55797790333461e-17	NaN
0	0	0	0	7.69101664983797e-16	2.444441616205e-17	NaN
0	0	0	0	3.97452908202258e-16	-2.19409623514604e-17	NaN
0	0	0	0	7.0573687631828e-15	2.0807172219307e-17	NaN
0	0	0	0	5.28635013914426e-15	3.35532596465887e-18	NaN
0	0	0	0	5.50494722645903e-16	-1.29878325915018e-18	NaN
0	0	0	0	1.86252411934201e-15	1.006499572355e-17	NaN
0	0	0	0	3.97144799621724e-16	3.94209808322923e-17	NaN
0	0	0	0	4.48133325997452e-16	-1.87182207436257e-17	NaN
0	0	0	0	5.32278346056446e-16	1.45868600530646e-17	NaN
0	0	0	0	5.17604242259809e-16	1.25276723761657e-17	NaN
0	0	0	0	5.13940747756506e-16	5.5650360829586e-21	NaN
0	0	0	0	8.29429469012045e-15	4.30084989849944e-18	NaN
0	0	0	0	7.19602568796426e-16	4.12385592666293e-17	NaN
0	0	0	0	4.30831419564884e-16	6.8511889606174e-17	NaN
0	0	0	0	6.340268037104e-15	8.47239376552416e-18	NaN
0	0	0	0	5.4138326948918e-15	1.63582754737985e-16	NaN
0	0	0	0	4.86882112172398e-16	-1.93693664185495e-17	NaN
0	0	0	0	5.37096124008447e-16	2.90308905805282e-17	NaN
0	0	0	0	1.3241771044114e-15	1.76276670266377e-17	NaN
0	0	0	0	1.31809557376381e-15	1.3197888942527e-17	NaN
0	0	0	0	4.75187231483049e-15	-1.90114922678009e-17	NaN
0	0	0	0	4.20810073660522e-16	7.42785083395517e-17	NaN
0	0	0	0	2.06967242136321e-15	1.06345066113486e-17	NaN
0	0	0	0	1.13910343201546e-15	6.14047139227328e-18	NaN
0	0	0	0	4.38686972560456e-16	-5.0135444145382e-18	NaN
0	0	0	0	1.1432655758848e-15	1.04087270946285e-16	NaN
0	0	0	0	4.3080165386622e-16	-1.90890485814214e-17	NaN
0	0	0	0	1.18164706124343e-15	1.35435589301882e-18	NaN
0	0	0	0	2.04430699625149e-15	-1.54366710615353e-17	NaN
0	0	0	0	1.49823669512917e-15	1.28736531090081e-17	NaN
0	0	0	0	2.06982939793543e-15	-1.20183319681758e-17	NaN
0	0	0	0	7.76087859679051e-16	-6.43376499666149e-18	NaN
0	0	0	0	7.01089219699794e-16	5.28238875416921e-17	NaN
0.28219696969697	0.244630732103655	0.2599340450728	0.2599340450728	0.259372001777624	0.267540744998852	NaN
0	0	0	0	4.148953146572e-16	-1.38294557289777e-17	NaN
0	0	0	0	1.23476210452876e-15	-2.30326420179011e-17	NaN
0	0	0	0	1.47543743430533e-15	3.24902368734893e-18	NaN
0	0	0	0	1.61338773417305e-15	-2.35334868479143e-18	NaN
0	0	0	0	2.13477594831301e-15	-6.42858402132135e-18	NaN
0	0	0	0	4.14124638669763e-16	1.36719115674465e-17	NaN
0	0	0	0	7.03855220563959e-16	6.71229553610036e-19	NaN
0	0	0	0	4.89591525393582e-16	2.50832812582242e-19	NaN
0	0	0	0	4.07939811791129e-16	5.89753416915415e-18	NaN
0	0	0	0	1.5534200857632e-15	2.20384072676225e-18	NaN
0	0	0	0	9.20910730076925e-16	-2.88313311045858e-16	NaN
0	0	0	0	8.00750302630515e-16	-3.23064343339801e-18	NaN
0	0	0	0	1.26291601165923e-15	3.72436042172074e-19	NaN
0	0	0	0	2.1160265492343e-14	-1.01126340082831e-16	NaN
0	0	0	0	2.01869237624482e-15	6.36704997008057e-18	NaN
0	0	0	0	3.91695006160839e-16	-1.1896655107677e-17	NaN
0	0	0	0	6.4307506843592e-16	5.96559728799863e-18	NaN
0	0	0	0	2.6248618993066e-15	1.4719079750897e-16	NaN
0	0	0	0	4.53931802232422e-16	-2.14282522053601e-18	NaN
0	0	0	0	7.21613682505882e-16	8.9842712240872e-18	NaN
0	0	0	0	4.37237625134053e-16	5.56954838557597e-18	NaN
0	0	0	0	9.54203299418499e-16	-3.56938687076574e-18	NaN
0	0	0	0	5.26610332310669e-16	1.35879214285008e-19	NaN
0	0	0	0	1.15876838600149e-15	-7.09437851771601e-18	NaN
0	0	0	0	2.13335456676714e-15	-1.441703066858e-17	NaN
0	0	0	0	4.07092978742868e-16	1.18804659758926e-16	NaN
0	0	0	0	8.79614509777852e-16	1.5676618803724e-17	NaN
0	0	0	0	1.76966635027216e-15	8.42956519574074e-17	NaN
0	0	0	0	4.3764183351521e-15	-1.64818980257026e-17	NaN
0.393939393939394	0.397919273872699	0.423899273898778	0.423899273898778	0.404811549312906	0.395823932680536	NaN
0	0	0	0	7.62388594465722e-16	-9.10610949764507e-19	NaN
0	0	0	0	4.00715782601007e-15	-3.74600930566167e-18	NaN
0	0	0	0	1.61107239759921e-15	-4.25409708393955e-17	NaN
0	0	0	0	1.25165148771107e-15	-7.85389194460808e-18	NaN
0	0	0	0	4.43871504820966e-16	-7.76401260784368e-18	NaN
0	0	0	0	5.98206699120092e-16	6.1930586582205e-18	NaN
0	0	0	0	2.18635880997568e-15	2.71518111197436e-19	NaN
0.193181818181818	0.186105633215256	0.171399238522379	0.171399238522379	0.178748895048234	0.214207530847175	NaN
0	0.000943599869460029	0	0	3.63557303328491e-15	5.93986332355659e-17	NaN
0	0	0	0	1.78380439184539e-15	-1.20797258764235e-18	NaN
0.107954545454545	0.080201248788283	0.0635853315739055	0.0635853315739054	0.0973872369206474	-3.04300528490507e-17	NaN
0	0	0	0	5.23584525280463e-16	-6.57091074160359e-17	NaN
0	0	0	0	9.35270689932034e-16	2.74515840368466e-18	NaN
0	0	0	0	4.45663031257343e-16	2.09964839769313e-18	NaN
0	0	0	0	4.85242130869276e-16	5.71025253074304e-18	NaN
0	0	0	0	4.44767807231942e-16	-4.1615498801056e-17	NaN
0	0	0	0	1.20104186546415e-15	-6.64481046381399e-18	NaN
0	0	0	0	7.69195067142602e-16	-7.92930163903577e-17	NaN
0	0	0	0	1.36818411004352e-15	-8.51484324719349e-18	NaN
0	0	0	0	4.85903252317575e-16	-2.23381409740723e-17	NaN
0	0	0	0	5.18616908423473e-16	-1.43119540014133e-16	NaN
0	0	0	0	1.43483538151579e-15	5.16986847276723e-18	NaN
0	0	0	0	1.89752427731268e-15	-1.03825837015658e-16	NaN
0	0	0	0	5.46186609372665e-16	1.76042450356573e-17	NaN
0	0	0	0	4.00230254109234e-16	3.80826043539753e-18	NaN
0	0	0	0	4.1357498478015e-16	-2.38154811864173e-17	NaN
0	0	0	0	4.01124389170069e-16	6.30794175488184e-17	NaN
0	0	0	0	9.95524108828735e-15	-2.48990079483733e-16	NaN
0	0	0	0	1.63820517396828e-15	7.7618737373719e-17	NaN
0	0	0	0	6.37597387628731e-08	-2.04238241040365e-17	NaN
0	0	0	0	4.53786385123428e-16	-1.08507641245055e-17	NaN
0	0	0	0	1.05725630960086e-15	-3.89369918623846e-17	NaN
0	0	0	0	1.45975056392493e-15	4.08140867056236e-18	NaN
0	0	0	0	1.1742196111777e-15	1.99026174972666e-17	NaN
0	0	0	0	3.87798917408352e-16	-1.15269903699448e-17	NaN
0	0	0	0	4.66466422727126e-16	4.85587229286458e-17	NaN
0	0	0	0	5.21485859795169e-16	-1.46860567666824e-17	NaN
0	0	0	0	5.15293425084207e-16	5.50779027442874e-18	NaN
0	0	0	0	4.17136154069438e-16	1.26924196836124e-17	NaN
0	0	0	0	2.80366581818492e-15	-6.75382757706493e-18	NaN
0	0	0	0	4.91481093395291e-15	-3.73978064467458e-17	NaN
0	0	0	0	9.51868758651156e-16	-1.02078987929347e-17	NaN
0	0	0	0	7.29800630162158e-16	-5.57299451657534e-18	NaN
0	0	0	0	1.43010832310232e-15	3.44657306831533e-17	NaN
0	0	0	0	4.07797829218029e-16	2.51755940644655e-17	NaN
0	0	0	0	1.20098345653699e-15	-6.04307427248174e-18	NaN
0	0	0	0	9.25770437294237e-16	4.05953728186384e-17	NaN
0	0	0	0	3.99498255780388e-16	5.59162413679218e-17	NaN
0	0	0	0	7.22904355443157e-16	-5.47135616828575e-18	NaN
0	0	0	0	4.11549703097278e-16	-1.7931688027188e-18	NaN
0	0	0	0	6.25242783168945e-16	-5.10304196815651e-17	NaN
0	0	0	0	5.0626492418968e-16	2.87082430080831e-18	NaN
0	0	0	0	6.67007127194568e-16	5.49509314165505e-17	NaN
0	0	0	0	2.18669487245508e-15	5.81362938581377e-17	NaN
0	0	0	0	1.18153999558155e-15	2.78091622958788e-18	NaN
0	0	0	0	8.40604575747818e-15	-1.8513133351334e-16	NaN
0	0	0	0	6.34132789128718e-16	6.76071509642398e-18	NaN
0	0	0	0	7.0969559013305e-16	-9.31647319845648e-18	NaN
0	0	0	0	9.4518945650923e-16	-5.4806014212552e-17	NaN
0	0	0	0	4.03364034209966e-16	3.03492303760303e-16	NaN
0	0	0	0	4.26071041395517e-16	-1.62469622813295e-17	NaN
0	0	0	0	1.15979656209156e-15	-4.09984791709203e-17	NaN
0	0	0	0	7.90858541458383e-16	1.11815619366021e-16	NaN
0.206439393939394	0.190618061662699	0.210936570920057	0.210936570920057	0.20988452250852	0.257606705784992	NaN
0	0	0	0	8.55997324191556e-16	5.54315024850181e-18	NaN
0	0	0	0	6.60391213628478e-16	-2.89311131253448e-17	NaN
0	0	0	0	5.29157693222737e-15	2.55466516114354e-17	NaN
0	0	0	0	1.52530674204205e-15	-2.20231347859292e-17	NaN
0	0	0	0	6.05418180952477e-16	2.69340291587426e-17	NaN
0	0	0	0	6.3834590977191e-16	3.42030928130481e-17	NaN
0	0	0	0	1.4005413639769e-15	-4.0247865361698e-17	NaN
0	0	0	0	9.56613786526855e-16	2.57744657724065e-17	NaN
0	0	0	0	4.5473963553833e-15	-6.72120302792791e-17	NaN
0	0	0	0	5.48872215518542e-15	-4.12776433113509e-17	NaN
0	0	0	0	3.96403577133666e-16	9.52045597117002e-18	NaN
0	0	0	0	1.09046206615176e-15	3.88668592215955e-17	NaN
0	0	0	0	6.63319122757532e-16	2.22983355038363e-17	NaN
0	0	0	0	1.30457028294874e-15	-5.23022239084034e-18	NaN
0	0	0	0	3.87851111531031e-16	-4.88033470137602e-17	NaN
0	0	0	0	5.69277485383378e-16	-2.12352928524129e-17	NaN
0	0	0	0	5.01463031940037e-16	2.00058962292686e-17	NaN
0	0	0	0	6.72987049968384e-16	8.77677414747095e-18	NaN
0	0	0	0	7.09447886720039e-16	-6.64038220146892e-17	NaN
0	0	0	0	1.96260233853403e-15	-2.89070750395497e-17	NaN
0	0	0	0	3.57760976270268e-15	6.342402185312e-17	NaN
0	0	0	0	3.86442453700834e-15	-8.80008904337966e-18	NaN
0	0	0	0	9.58450865951789e-15	-4.68578287487054e-19	NaN
0	0	0	0	4.8034148922438e-15	-2.13662699046472e-17	NaN
0.0492424242424242	0.0496384597448565	0.0635853315739055	0.0635853315739054	0.0472516178369538	4.11027875851939e-17	NaN
0	0	0	0	6.35087141984915e-16	-4.39912859430834e-18	NaN
0	0	0	0	4.66377889714474e-16	1.49391509313949e-17	NaN
0	0	0	0	5.0065841986158e-16	-1.2763120738194e-16	NaN
0	0	0	0	1.19046017276958e-15	6.27560823683932e-17	NaN
0	0	0	0	9.06799486282593e-16	1.00958972927824e-17	NaN
0	0	0	0	4.70207160002137e-16	-1.50918828141888e-18	NaN
0	0	0	0	6.14682010780028e-15	-2.75333705978462e-17	NaN
0	0	0	0	4.18796693778162e-16	-5.03702459689323e-19	NaN
0	0	0	0	7.76993768422434e-16	-1.78160892941034e-17	NaN
0	0	0	0	3.29008591515906e-15	2.7783085387283e-17	NaN
0	0	0	0	4.47861049296184e-16	1.27373086078303e-18	NaN
0	0	0	0	1.01971233508004e-15	-1.03735067196547e-16	NaN
0	0	0	0	7.27776244953495e-16	-4.25028055887784e-18	NaN
0	0	0	0	7.83635973082133e-16	8.84908530142331e-17	NaN
0	0	0	0	1.95378715618862e-15	-1.53475502467979e-16	NaN
0	0	0	0	1.93691296420213e-15	1.4174804099887e-16	NaN
0	0	0	0	1.69535064553839e-15	4.73856013216633e-17	NaN
0	0	0	0	1.72668359493708e-15	-8.74468686649377e-18	NaN
0	0	0	0	5.34524647792142e-16	5.73913493613735e-17	NaN
0	0	0	0	6.98397528106194e-16	-2.75591882600807e-17	NaN
0	0	0	0	2.04108255280555e-15	1.26333433338815e-17	NaN
0	0	0	0	5.95409426668161e-16	5.39733835764962e-18	NaN
0	0	0	0	4.47261430010846e-16	-1.07268715727019e-16	NaN
0	0	0	0	8.47171740461397e-16	-1.81662808653749e-17	NaN
0	0	0	0	7.04672674029583e-15	1.61006954016428e-18	NaN
0	0	0	0	3.7432343741245e-15	-6.81017389068121e-17	NaN
0	0	0	0	7.00508857659718e-16	-6.45444763332932e-18	NaN
0	0	0	0	3.95202913889113e-16	7.01980506653349e-19	NaN
0	0	0	0	1.55838432501057e-15	-3.13117624676063e-17	NaN
0	0	0	0	4.66181019074451e-16	-3.88977788011705e-18	NaN
0	0	0	0	3.82591772293855e-15	-6.26110708932395e-17	NaN
0	0	0	0	4.26374808634099e-16	-1.92360397156847e-17	NaN
0	0	0	0	1.16767765012273e-15	-6.46604150390852e-17	NaN
0	0	0	0	2.90347892199502e-15	-9.34656317132004e-17	NaN
0	0	0	0	1.24311530047665e-15	7.81239340911028e-19	NaN
0	0	0	0	4.01077278013241e-16	-1.4240627431587e-16	NaN
0	0	0	0	3.15181956431427e-15	-3.19311675184501e-17	NaN
0	0	0	0	6.66343429194988e-16	3.18889835571048e-18	NaN
0	0	0	0	9.18888726882919e-16	2.78757512698615e-16	NaN
0	0	0	0	7.24388446566995e-16	-8.44886085223795e-18	NaN
0	0	0	0	1.21522582418564e-15	5.18662235091726e-17	NaN
0	0	0	0	7.79922111520501e-16	1.1737077118215e-17	NaN
0	0	0	0	9.88941361226735e-16	6.73237284386802e-17	NaN
0	0	0	0	6.65149854618958e-16	-3.71321838534904e-17	NaN
0	0	0	0	7.07949884904224e-16	2.80092109154688e-17	NaN
0	0	0	0	7.87173048304719e-16	-9.13034274345303e-17	NaN
0	0	0	0	1.90940788833985e-15	3.63544350617065e-17	NaN
0	0	0	0	6.79565630361646e-15	-6.02503322297051e-17	NaN
0	0	0	0	5.36982448663954e-16	5.89417412275627e-18	NaN
0	0	0	0	4.19214716352288e-16	1.53572327068494e-17	NaN
0	0	0	0	6.39824731719004e-16	-1.02734562673766e-18	NaN
0	0	0	0	9.82442282264526e-16	3.91216722748441e-18	NaN
0	0	0	0	9.78974233988509e-16	2.15916035193979e-17	NaN
0	0	0	0	1.84539717536601e-14	2.50101464832786e-17	NaN
0	0	0	0	8.72566830801774e-16	3.45387860568485e-17	NaN
0	0	0	0	4.47271644046908e-16	8.06403834486832e-19	NaN
0	0	0	0	1.65049483482692e-15	-2.53546862481275e-18	NaN
0	0	0	0	1.53847394894142e-15	-3.05310282094075e-17	NaN
0.231060606060606	0.194678822956771	0.189250008426565	0.189250008426565	0.19063256988799	0.206894345062846	NaN
0	0	0	0	7.89634639065799e-16	-2.21547419846542e-16	NaN
0	0	0	0	5.74308535965015e-16	-4.29617496122278e-17	NaN
0	0	0	0	8.79681310002388e-16	-9.83968564425287e-18	NaN
0	0	0	0	2.58270471377124e-15	-4.28763837070555e-16	NaN
0	0	0	0	5.03375473656457e-16	6.4561839331861e-19	NaN
0	0	0	0	6.73184336213812e-15	-1.6970979388926e-17	NaN
0	0	0	0	6.51348058100465e-16	-9.0695713791183e-18	NaN
0	0	0	0	4.00980026093923e-15	-1.80804967270591e-17	NaN
0	0	0	0	5.30567125566232e-16	2.86886072571634e-18	NaN
0	0	0	0	3.49376634064635e-15	6.85503811898112e-17	NaN
0	0	0	0	4.54221840859767e-16	2.02648499640305e-17	NaN
0	0	0	0	1.18304352004824e-14	7.27678247451143e-17	NaN
0	0	0	0	5.4594179674801e-15	-8.98176164908421e-18	NaN
0	0	0	0	1.11367745848233e-15	-1.28685412547558e-17	NaN
0	0	0	0	8.59518334037615e-16	1.11151775221452e-17	NaN
0	0	0	0	4.94054253021641e-16	-2.00361547514432e-17	NaN
0	0	0	0	1.30158965712998e-15	2.51434466205211e-17	NaN
0	0	0	0	9.23553896079151e-16	-7.07693811944621e-17	NaN
0	0	0	0	5.37490998325201e-16	2.89054860851583e-17	NaN
0	0	0	0	4.34355566727575e-16	3.51410256056467e-17	NaN
0	0	0	0	5.75477291919753e-16	1.53987523050933e-17	NaN
0	0	0	0	4.04473579661371e-16	4.01849399786186e-17	NaN
0	0	0	0	4.6042296031417e-16	-2.74856481442939e-17	NaN
0	0	0	0	1.95288241578378e-15	-2.20132367114926e-17	NaN
0	0	0	0	6.34175253220909e-16	-1.01424349045484e-17	NaN
0	0	0	0	2.61140078064914e-15	-1.53719859785914e-16	NaN
0	0	0	0	8.82747108887151e-16	-1.17800377445187e-17	NaN
0	0	0	0	5.09797450485331e-16	1.74640246505008e-17	NaN
0	0	0	0	7.56535394372517e-16	4.86154900772409e-17	NaN
0	0	0	0	4.23736500480329e-16	-4.19756893391879e-17	NaN
0	0	0	0	5.92722179786659e-16	-7.73058576543296e-18	NaN
0	0	0	0	1.99399549565563e-15	1.76147952781255e-16	NaN
0	0	0	0	3.67397704479702e-15	3.67257383509761e-17	NaN
0	0	0	0	6.61467991395886e-16	-8.45853986838264e-17	NaN
0	0	0	0	1.14897016597913e-15	-5.00016592874579e-18	NaN
0	0	0	0	2.51182544486862e-15	1.08551760150468e-16	NaN
0	0	0	0	1.08298025052415e-15	-1.40999760623592e-18	NaN
0	0	0	0	1.79306591410859e-15	6.5042539983411e-17	NaN
0	0	0	0	5.78236601911303e-15	-6.06041901981688e-17	NaN
0	0	0	0	5.19919201548454e-16	-1.89484697877494e-17	NaN
0	0	0	0	1.77358915906574e-15	1.23543726796895e-16	NaN
0	0	0	0	2.57730788997762e-15	-3.27313277428822e-17	NaN
0	0	0	0	4.25958864770849e-16	-1.68519483552327e-17	NaN
0	0	0	0	5.39458092776082e-16	-2.84971468986415e-17	NaN
0	0	0	0	6.50995028895062e-16	8.43048369033694e-17	NaN
0	0	0	0	7.27143801393842e-16	6.24680102969138e-17	NaN
0	0	0	0	5.49450324906416e-16	-8.24369641746425e-18	NaN
0	0	0	0	2.21418694774746e-15	-1.68313673869594e-17	NaN
0	0	0	0	1.5952716076551e-15	-4.1701355319954e-18	NaN
0	0	0	0	1.14563021198144e-14	2.35207346642817e-17	NaN
0	0	0	0	4.81027913651325e-16	1.27871920090083e-16	NaN
0	0	0	0	1.02054135202451e-15	-9.56899251753035e-17	NaN
0	0	0	0	7.64785952090256e-16	-2.61356938136705e-17	NaN
0	0	0	0	8.00591686608846e-16	-3.48706895420896e-17	NaN
0	0	0	0	4.9760570850847e-16	3.46000706387229e-17	NaN
0	0	0	0	4.43098788782558e-16	2.61680416870163e-17	NaN
0	0	0	0	2.14933413983287e-15	4.51693448774578e-18	NaN
0	0	0	0	5.2046127468594e-15	-4.24442541152474e-17	NaN
0	0	0	0	5.85650841940866e-16	-1.19673518422282e-16	NaN
0	0	0	0	1.0639006407489e-15	3.30784370529596e-17	NaN
0	0	0	0	6.30781697695817e-16	1.50967948865806e-17	NaN
0	0	0	0	6.45337439171276e-16	8.60692477582469e-18	NaN
0	0	0	0	5.24545322348569e-16	6.88691022414267e-17	NaN
0	0	0	0	5.94980455179052e-16	6.33311818561918e-17	NaN
0	0	0	0	6.23513506370943e-16	3.23991128346581e-17	NaN
0	0	0	0	3.81798635301172e-16	4.72750759462753e-17	NaN
0	0	0	0	2.23811470460168e-15	2.433298834896e-16	NaN
0	0	0	0	2.58175784740789e-14	1.6348627977657e-16	NaN
0	0	0	0	1.55510512878264e-15	8.95333377595826e-17	NaN
0	0	0	0	4.26880328118516e-16	2.96302982773274e-17	NaN
0	0	0	0	5.67451837008416e-16	1.24916833384033e-17	NaN
0	0	0	0	1.54998120006529e-15	-1.16931525845057e-17	NaN
0	0	0	0	1.31138535246091e-15	-3.17031810619737e-17	NaN
0	0	0	0	4.72157667597526e-16	-9.32536310444253e-18	NaN
0.994318181818182	0.99905640013054	1	1	0.99999999999995	0.999999999999998	NaN
0	0	0	0	9.01532056667495e-15	2.46210185133157e-17	NaN
0	0	0	0	5.39255070866223e-16	-1.53368681181608e-17	NaN
0	0	0	0	5.70456763404204e-16	5.45349893846364e-17	NaN
0	0	0	0	1.04688627301654e-15	-8.81811962610492e-17	NaN
0	0	0	0	7.57280890515603e-16	3.26089971488203e-17	NaN
0	0	0	0	5.16658184305432e-16	2.86335955536143e-17	NaN
0	0	0	0	8.53514235451626e-16	-3.2296250370056e-17	NaN
0	0	0	0	7.46783990825169e-16	-4.88250896040082e-17	NaN
0	0	0	0	6.05445546382333e-16	5.06106220471545e-17	NaN
0	0	0	0	8.88563234169664e-16	4.86556734411811e-17	NaN
0	0	0	0	1.389112661532e-15	-1.20862796964668e-16	NaN
0.0662878787878788	0.0668258279981795	0.0722230300672633	0.0722230300672629	0.0684541700889603	0.158057829536325	NaN
0	0	0	0	4.43471067133126e-16	-2.08401061633862e-17	NaN
0	0	0	0	6.07811981867396e-16	2.78191820864006e-17	NaN
0	0	0	0	8.20922884853471e-16	-3.96739299751924e-17	NaN
0	0	0	0	7.23184226855026e-16	8.4457138240855e-19	NaN
0	0	0	0	4.33206863110025e-15	-2.23614343062892e-17	NaN
0	0	0	0	4.39184196012642e-16	-2.52033751470171e-17	NaN
0	0	0	0	2.7332318270056e-14	6.50060047867794e-17	NaN
0	0	0	0	3.02618797647092e-15	1.16113696194376e-17	NaN
0	0	0	0	2.35308550700406e-09	0.0357381005824526	NaN
0	0	0	0	5.89790643656464e-16	2.46513363894719e-17	NaN
0	0	0	0	1.68973527997827e-15	6.96416554948209e-17	NaN
0	0	0	0	7.13416479131741e-16	-5.56943641248751e-17	NaN
0	0	0	0	6.80590214621076e-16	-9.81397252750838e-17	NaN
0	0	0	0	8.07325963857212e-16	-3.01610959576227e-17	NaN
0	0	0	0	3.861454513969e-16	1.48576847480255e-17	NaN
0	0	0	0	1.68294525384826e-15	9.87084612885582e-18	NaN
0	0	0	0	5.54848235282737e-16	1.00789773870936e-16	NaN
0	0	0	0	6.30643631500986e-15	4.22485696368711e-17	NaN
0	0	0	0	6.47850880962831e-16	-3.09163750765743e-17	NaN
0	0	0	0	7.7074983112643e-16	-3.59830969141342e-17	NaN
0	0	0	0	1.3417566379525e-15	-3.85322445262001e-17	NaN
0	0	0	0	2.07479066062197e-15	6.52690701760451e-17	NaN
0	0	0	0	5.89997176273478e-16	3.10901102696272e-17	NaN
0	0	0	0	7.4112374440395e-16	3.59385290354027e-17	NaN
0	0	0	0	9.1437446354976e-16	1.16595158084049e-17	NaN
0	0	0	0	2.49971446575857e-15	1.30007596785175e-17	NaN
0	0	0	0	7.72308174978464e-16	-3.50642577953494e-17	NaN
0	0	0	0	3.95376801096844e-16	3.10725070965306e-17	NaN
0.081439393939394	0.080201248788283	0.0635853315739055	0.0635853315739054	0.0745380799664328	3.93614764832874e-17	NaN
0	0	0	0	2.00913112718103e-15	-1.33431720911107e-17	NaN
0.115530303030303	0.142524703187801	0.131112348262657	0.131112348262657	0.13100677847476	0.155642912090071	NaN
0	0	0	0	5.4881456887213e-16	6.25389266740315e-18	NaN
0	0	0	0	7.30656317787444e-16	1.48249686825359e-17	NaN
0	0	0	0	3.14808652715449e-14	-2.72097815850588e-17	NaN
0	0	0	0	1.82846424764486e-15	-2.90038438886633e-17	NaN
0	0	0	0	8.22789344594616e-16	3.17765925169968e-17	NaN
0	0	0	0	3.76060714715501e-15	-1.4709050592062e-16	NaN
0	0	0	0	6.10626953839489e-16	4.71169322006951e-17	NaN
0	0	0	0	1.28254105509796e-15	6.48578859051067e-17	NaN
0	0	0	0	4.29605705937949e-15	6.95307331253993e-17	NaN
0	0	0	0	1.53904422917446e-15	-7.86004505412291e-17	NaN
0	0	0	0	1.31823736256053e-15	-8.03963150582221e-18	NaN
0	0	0	0	3.23967607994764e-15	-1.57773476549903e-17	NaN
0	0	0	0	3.68202523648147e-14	1.94951946203089e-16	NaN
0	0	0	0	5.30414131268492e-16	6.60777500960594e-18	NaN
0	0	0	0	5.98014648236458e-16	-2.07769495919867e-17	NaN
0	0	0	0	1.05459858047342e-14	4.1177312789246e-17	NaN
0	0	0	0	1.11910015984407e-15	6.93856711864142e-18	NaN
0	0	0	0	2.36431216153373e-15	4.68436539865778e-17	NaN
0	0	0	0	5.31739230395047e-16	1.00416753327214e-17	NaN
0	0	0	0	3.88812873281329e-16	4.92923403326325e-17	NaN
0	0	0	0	4.64545404386454e-16	-1.00149420445936e-16	NaN
0	0	0	0	6.46730802016059e-16	3.83163623501715e-18	NaN
0	0	0	0	5.70843719960918e-16	-1.53971575558609e-17	NaN
0	0	0	0	3.92466246539373e-16	4.49041311426332e-17	NaN
0	0	0	0	9.73955359068049e-16	-1.35205815645234e-17	NaN
0	0	0	0	4.11762081230923e-16	6.77553762224568e-17	NaN
0	0	0	0	4.74426456741234e-16	-3.56329869499967e-17	NaN
0	0	0	0	4.95829762401085e-16	-4.47441769167231e-19	NaN
0	0	0	0	1.29322981297733e-15	1.08803254660146e-16	NaN
0	0	0	0	2.42968508790802e-15	4.24179817327407e-17	NaN
0	0	0	0	1.36864694660701e-15	2.75921249841229e-18	NaN
0	0	0	0	8.44049476025027e-16	-3.08574805848941e-18	NaN
0	0	0	0	3.99690936519159e-16	6.44915354170281e-17	NaN
0	0	0	0	7.33407651812958e-16	4.62162454240603e-17	NaN
0	0	0	0	2.2163886002912e-15	-7.17269714112514e-17	NaN
0	0	0	0	1.77452337224071e-15	-3.45173938388696e-16	NaN
0	0	0	0	2.3865869918253e-15	-3.02034540447342e-17	NaN
0	0	0	0	3.38559466078083e-15	1.91452592120251e-16	NaN
0	0	0	0	6.67128321388533e-16	-5.21684615510422e-17	NaN
0	0	0	0	4.38244379816152e-16	3.66255458678884e-17	NaN
0	0	0	0	8.69393160619787e-16	1.38143625138897e-16	NaN
0	0	0	0	3.84555528927431e-16	4.16510600927329e-17	NaN
0	0	0	0	4.65323249472359e-16	-1.66410901875369e-17	NaN
0	0	0	0	1.89668046190161e-15	7.50027586642947e-17	NaN
0	0	0	0	4.22052927904863e-16	2.97943177704428e-17	NaN
0	0	0	0	1.87705661718854e-14	4.8469862949559e-17	NaN
0	0	0	0	1.42027282731277e-15	1.41791612130776e-17	NaN
0	0	0	0	7.68345100073579e-16	-1.65673925865034e-18	NaN
0	0	0	0	8.54041551309341e-16	-5.0688486085314e-17	NaN
0	0	0	0	5.60436258005907e-16	-7.53261770748783e-17	NaN
0	0	0	0	8.39728246599595e-16	-7.608520206328e-18	NaN
0	0	0	0	2.74831822957583e-10	6.74090425470641e-17	NaN
0	0	0	0	5.40930018981939e-16	-1.91136201157965e-17	NaN
0	0	0	0	1.80315679908276e-14	-8.72606026840156e-18	NaN
0	0	0	0	1.5454574893163e-15	-8.05179154184283e-17	NaN
0	0	0	0	2.92207902120649e-15	-2.24382993872741e-17	NaN
0	0	0	0	3.93453210991255e-16	-8.20794695771587e-18	NaN
0	0	0	0	1.40285640019518e-15	6.90595364759397e-18	NaN
0	0	0	0	4.56797794268098e-16	3.68129946717311e-17	NaN
0	0	0	0	5.81216341382018e-16	-4.40790520240202e-17	NaN
0	0	0	0	7.51665221316269e-15	-9.19560979168574e-18	NaN
0	0	0	0	1.75267354105544e-14	-1.2523466470544e-16	NaN
0	0	0	0	4.90341280949075e-16	7.76278499406827e-18	NaN
0	0	0	0	2.28098182481212e-11	1.63096663243623e-19	NaN
0.109848484848485	0.0915810334842965	0.140004037301968	0.140004037301968	0.0913406414174229	0.132539936304149	NaN
0	0	0	0	5.28028017830075e-16	3.09107470550932e-16	NaN
0	0	0	0	6.36896587687966e-16	-4.19879339730432e-17	NaN
0	0	0	0	7.19243430789584e-16	-9.53256113681751e-17	NaN
0	0	0	0	1.44109806455902e-15	6.03482879238736e-17	NaN
0	0	0	0	4.1041367365225e-16	2.91185440402392e-17	NaN
0	0	0	0	7.97430784655405e-16	-1.19018690555518e-16	NaN
0	0	0	0	5.96214905783576e-16	-1.74858821837694e-17	NaN
0	0	0	0	1.79707570877436e-15	-7.50948394130708e-17	NaN
0	0	0	0	7.21811184484445e-16	-3.76029282203904e-17	NaN
0.0833333333333333	0.101546650854836	0.0722230300672633	0.0722230300672629	0.0842829289964108	0.139554949954034	NaN
0	0	0	0	6.17642097804485e-16	-7.52365953629852e-17	NaN
0	0	0	0	5.04434468276036e-16	-3.61699990514756e-18	NaN
0	0	0	0	9.66112405519309e-16	5.59829806215334e-17	NaN
0	0	0	0	4.16428223402319e-16	8.62276768852058e-17	NaN
0	0	0	0	6.63254463247018e-16	9.70539035689994e-17	NaN
0	0	0	0	4.58078934237579e-16	-7.34426101073833e-17	NaN
0	0	0	0	4.07626102528849e-16	4.47599795438359e-17	NaN
0	0	0	0	2.80824135375487e-15	6.42369302367192e-17	NaN
0	0	0	0	6.17988044611667e-15	6.83864080721068e-17	NaN
0	0	0	0	9.93854873973508e-16	-5.72059246753191e-18	NaN
0	0	0	0	5.64716795696616e-16	1.10089859575941e-16	NaN
0	0	0	0	6.55734231650589e-16	-2.67585888896594e-17	NaN
0	0	0	0	5.79775181926837e-16	3.93493216389995e-17	NaN
0	0	0	0	1.04569151782811e-15	2.25433394672148e-17	NaN
0	0	0	0	6.53306274069737e-15	-2.98359746086079e-18	NaN
0	0	0	0	4.19814067069124e-16	-5.90298420578345e-17	NaN
0	0	0	0	4.0440704261004e-16	-3.43166291313401e-17	NaN
0	0	0	0	7.27296909357457e-15	-4.54306238094117e-17	NaN
0	0	0	0	1.44201758224289e-15	2.78914077379837e-17	NaN
0.511363636363636	0.542158308023879	0.538312844398667	0.538312844398667	0.53721345323433	0.562710491864913	NaN
0	0	0	0	6.88925439026221e-16	3.2496851973526e-17	NaN
0	0	0	0	8.4540627921821e-16	5.32477064595643e-17	NaN
0	0	0	0	4.1000744083497e-16	1.51501688189231e-17	NaN
0	0	0	0	2.7078740206495e-15	-1.04385983301394e-16	NaN
0	0	0	0	8.30713282906418e-16	-5.85612107958929e-17	NaN
0	0	0	0	6.89867877053555e-16	-6.41566701461739e-17	NaN
0	0	0	0	5.10486218499289e-15	1.10755483786876e-17	NaN
0	0	0	0	2.57414909502808e-12	0.0352008626405576	NaN
0	0	0	0	4.02944536074217e-15	1.64325265234861e-16	NaN
0	0	0	0	4.72562523193898e-16	-3.8142223842283e-17	NaN
0	0	0	0	4.46682212513134e-16	2.50425708742078e-17	NaN
0	0	0	0	4.10295141819965e-16	-7.81188646163442e-17	NaN
0	0	0	0	6.33388535021362e-16	-1.07979902222298e-17	NaN
0	0	0	0	7.36594312930255e-16	2.55906701587016e-17	NaN
0	0	0	0	5.43172706296925e-16	8.00764617974115e-18	NaN
0	0	0	0	8.70763290073401e-15	1.64305782720966e-16	NaN
0	0	0	0	5.7570009300948e-16	-7.342409517261e-18	NaN
0	0	0	0	1.67967337493409e-15	1.00561476497258e-16	NaN
0	0	0	0	4.94911513579584e-16	1.45180557133969e-16	NaN
0	0	0	0	1.06653264976263e-14	2.64448707176667e-16	NaN
0	0	0	0	1.35571779701687e-14	2.57572490901136e-17	NaN
0	0	0	0	4.51575713517011e-16	-1.25264138995025e-16	NaN
0	0	0	0	9.45034226868124e-15	-6.2503082935518e-17	NaN
0	0	0	0	1.75846134571105e-15	2.23784094186475e-17	NaN
0	0	0	0	9.35704189371432e-16	1.57695856720698e-17	NaN
0	0	0	0	7.49703189640797e-16	-2.5101076996638e-17	NaN
0	0	0	0	1.13257742344759e-15	1.57913915397537e-17	NaN
0	0	0	0	4.65709471962436e-16	-7.13160483844207e-17	NaN
0	0	0	0	3.9883282888007e-16	9.87801095763504e-20	NaN
0	0	0	0	1.26938087913668e-15	-4.45625900147898e-18	NaN
0	0	0	0	4.4337845009459e-16	5.73662658729209e-17	NaN
0	0	0	0	1.85168303264361e-15	-2.87712008044827e-17	NaN
0	0	0	0	4.15841742620816e-16	-3.47159230323221e-17	NaN
0	0	0	0	5.09871652269516e-16	-2.68133665409404e-17	NaN
0	0	0	0	1.17952450095733e-15	-2.93697179409233e-17	NaN
0	0	0	0	2.25505371139922e-15	2.83416979000102e-17	NaN
0	0	0	0	1.12965897822432e-15	3.01167628830447e-18	NaN
0	0	0	0	4.58487862991958e-16	-3.59359913589648e-17	NaN
0	0	0	0	5.35619280929488e-16	1.16506023853747e-16	NaN
0	0	0	0	1.27371017273302e-15	-3.22696758561022e-19	NaN
0	0	0	0	1.38149235769014e-14	6.08482855489362e-17	NaN
0	0	0	0	9.21096159734865e-16	-6.24939951067602e-17	NaN
0	0	0	0	1.82119988944082e-15	2.74236595974322e-17	NaN
0	0	0	0	7.01529604525338e-16	2.45876932134651e-17	NaN
0	0	0	0	4.07315258351025e-16	2.26313557460872e-16	NaN
0	0	0	0	4.52302357083e-15	-1.26908435821879e-16	NaN
0	0	0	0	1.21415502744488e-15	-2.68695951317119e-17	NaN
0	0	0	0	5.03237851847074e-16	-1.27367945691842e-17	NaN
0	0	0	0	6.06218688848597e-16	1.21772806060326e-16	NaN
0	0	0	0	1.86082004161174e-15	1.2062546331953e-16	NaN
0	0	0	0	4.23742403237457e-15	-1.03680663613386e-18	NaN
0	0	0	0	3.96408309264373e-16	-1.25447655198457e-16	NaN
0	0	0	0	7.22804543339842e-16	-5.07366525958616e-17	NaN
0	0	0	0	6.30971954417801e-16	-9.07119444531351e-18	NaN
0	0	0	0	5.16577209148127e-16	1.4561575359236e-16	NaN
0	0	0	0	1.47255153367223e-15	-1.23898409421621e-17	NaN
0	0	0	0	5.16729942271897e-16	-7.4971405062504e-17	NaN
0	0	0	0	5.87088131822833e-16	-4.45089540091366e-17	NaN
0	0	0	0	1.113097164274e-15	-5.8427758847663e-17	NaN
0	0	0	0	9.9422199110041e-15	2.95716954668956e-17	NaN
0	0	0	0	1.12169924329745e-15	6.85125762754244e-18	NaN
0	0	0	0	7.2900794479546e-16	2.16568190969237e-16	NaN
0	0	0	0	3.90497429569315e-16	8.80246813836866e-17	NaN
0	0	0	0	6.43027435022492e-16	-5.76609681247162e-17	NaN
0	0	0	0	4.26933591370746e-16	-4.20415874708238e-17	NaN
0	0	0	0	5.43209485879681e-16	-1.34665979931908e-17	NaN
0	0	0	0	6.08941864522624e-16	-9.31465610250458e-17	NaN
0.128787878787879	0.131448084840633	0.131112348262657	0.131112348262657	0.107334628928153	6.72160459658361e-17	NaN
0	0	0	0	1.48402262749124e-15	-1.28356186807578e-17	NaN
0	0	0	0	1.4108751513188e-15	-4.77309174951789e-18	NaN
0	0	0	0	7.70406139759179e-16	-3.34834625701648e-17	NaN
0	0	0	0	2.28776020956397e-14	-2.78499436733062e-17	NaN
0	0	0	0	8.46080109454906e-16	-4.97670554084506e-17	NaN
0	0	0	0	5.87183078235973e-16	-4.87804354163918e-17	NaN
0.606060606060606	0.601137126257841	0.576100726101222	0.576100726101222	0.595188450687043	0.604176067319464	NaN
0	0	0	0	4.97183915150052e-16	-5.27300209229771e-17	NaN
0	0	0	0	9.71266673613617e-15	-3.45060111219494e-17	NaN
0	0	0	0	7.16232717115738e-16	-2.14018566292597e-17	NaN
0	0	0	0	8.02283193275128e-16	-2.32648504689869e-17	NaN
0	0	0	0	4.15396087520198e-16	-8.45678812300758e-17	NaN
0	0	0	0	4.2925906513287e-16	1.79752597863532e-16	NaN
0	0	0	0	4.13500099036851e-16	-8.89022149274978e-17	NaN
0	0	0	0	7.61170185950745e-16	-2.69090351081875e-17	NaN
0	0	0	0	8.10613380824457e-16	-3.45667685552853e-17	NaN
0	0	0	0	5.55188414751087e-16	-6.89945439684158e-18	NaN
0	0	0	0	2.07395247725499e-15	-3.8998349624413e-17	NaN
0	0	0	0	5.22353019885957e-16	5.49177528596721e-16	NaN
0	0	0	0	6.35067579885789e-16	2.44056886563323e-17	NaN
0	0	0	0	5.10595000901383e-16	2.53861517023989e-17	NaN
0	0	0	0	1.03981334522025e-15	6.03042238186534e-17	NaN
0	0	0	0	5.80473285674978e-16	-6.94056594000171e-17	NaN
0	0	0	0	4.24339379795782e-16	3.11745292306198e-17	NaN
0	0	0	0	3.98989035274004e-16	9.29964899199335e-17	NaN
0	0	0	0	1.50103980829912e-14	-5.5939053483696e-18	NaN
0	0	0	0	4.73975221017184e-16	-9.36779216495681e-18	NaN
0	0	0	0	7.61868883177479e-16	-1.53048032720492e-17	NaN
0	0	0	0	2.36947192091002e-15	-1.13458113792901e-16	NaN
0	0	0	0	4.9007200465809e-16	7.13183082713187e-17	NaN
0	0	0	0	7.50736010144265e-16	-1.01222065041056e-17	NaN
0	0	0	0	4.7833125158955e-16	1.12294708649141e-16	NaN
0	0	0	0	7.46928326435806e-16	1.04725641593809e-16	NaN
0	0	0	0	1.68983749708793e-15	7.59970983959357e-18	NaN
0	0	0	0	1.3170492967394e-15	-2.84493559082962e-18	NaN
0	0	0	0	2.28859199675519e-15	-3.75053380439056e-17	NaN
0	0	0	0	8.11228887908303e-16	1.80313600257052e-17	NaN
0	0	0	0	2.70335293199839e-15	6.73825619411785e-19	NaN
0	0	0	0	4.24402365308967e-16	-1.11780796385391e-17	NaN
0	0	0	0	1.45287171045592e-15	1.01127780200585e-16	NaN
0	0	0	0	5.60781630269477e-16	-7.81853211765996e-17	NaN
0	0	0	0	8.6207390793447e-16	-2.02799673777644e-16	NaN
0	0	0	0	4.68396383181631e-15	1.84485009279115e-16	NaN
0	0	0	0	3.22587523367568e-14	-1.81198097438001e-17	NaN
0	0	0	0	1.5524128390097e-15	-9.5613718024251e-18	NaN
0	0	0	0	8.86257875086532e-16	-3.02433704043336e-17	NaN
0	0	0	0	8.34594840901247e-16	-1.26116780967997e-17	NaN
0	0	0	0	2.58028440596948e-15	6.78509324933507e-17	NaN
0	0	0	0	4.9897721410569e-16	-5.12112965350747e-17	NaN
0	0	0	0	4.34670317991499e-16	-8.54233049765453e-17	NaN
0	0	0	0	4.53634375306211e-16	-6.32941057558793e-17	NaN
0	0	0	0	6.01687513234097e-16	-3.02933971145167e-17	NaN
0	0	0	0	1.01120596333442e-15	5.71145105167582e-17	NaN
0	0	0	0	2.40534422383366e-15	-3.00906900257378e-17	NaN
0.162878787878788	0.167300742875722	0.210936570920057	0.210936570920057	0.175228357248089	2.29949784689723e-17	NaN
0	0	0	0	2.55538335549379e-15	5.42604666869472e-17	NaN
0	0	0	0	2.73265582318914e-14	6.54259021766274e-17	NaN
0	0	0	0	5.2882212259612e-16	-7.4147664637572e-19	NaN
0	0	0	0	1.27872427655371e-15	-5.65015762583002e-17	NaN
0	0	0	0	4.10375099069926e-16	-4.15448215377553e-17	NaN
0	0	0	0	6.51311438407912e-16	-9.21671729022736e-17	NaN
0	0	0	0	5.4146243415889e-16	1.35023236059667e-16	NaN
0	0	0	0	7.95281719237363e-16	-8.48439338771829e-17	NaN
0	0	0	0	4.69526884442454e-16	4.98586214908605e-18	NaN
0	0	0	0	6.95534584931714e-16	-2.9136586837455e-17	NaN
0	0	0	0	4.28954016282407e-16	6.99285755433462e-17	NaN
0	0	0	0	3.94477815329332e-15	-8.34296418336173e-17	NaN
0	0	0	0	7.68310085439132e-16	-7.42170722536199e-18	NaN
0	0	0	0	2.74429476696607e-15	-1.6325473638413e-16	NaN
0	0	0	0	1.13548399756562e-15	-8.03925355693351e-17	NaN
0	0	0	0	1.32893990020189e-15	2.5426021448707e-17	NaN
0	0	0	0	8.36448956583177e-16	-6.06542118648455e-17	NaN
0	0	0	0	5.19680727056984e-16	2.74551193886218e-18	NaN
0	0	0	0	4.83611950455236e-16	-1.36288119452048e-17	NaN
0	0	0	0	9.74454943581947e-16	-3.15886390224172e-17	NaN
0	0	0	0	2.19758108646651e-15	-2.47369298264557e-17	NaN
0	0	0	0	1.69334578270186e-15	-1.07193557066677e-16	NaN
0	0	0	0	1.03377163731038e-15	-4.05779376472289e-17	NaN
0	0	0	0	5.15849752489833e-16	-6.27682559098594e-18	NaN
0	0	0	0	6.03609933339009e-16	6.61660117826351e-17	NaN
0	0	0	0	6.39960598204456e-16	3.42626367853784e-17	NaN
0	0	0	0	8.81013898706679e-16	-1.02277861350734e-16	NaN
0	0	0	0	4.51504853873392e-16	5.61437178170289e-17	NaN
0	0	0	0	5.75841903153608e-16	2.03874553912891e-17	NaN
0	0	0	0	6.34151346332355e-16	7.52799471839165e-17	NaN
0	0	0	0	4.6467019025641e-16	5.8012106006262e-18	NaN
0	0	0	0	5.00101709103823e-16	6.9039324715645e-18	NaN
0	0	0	0	6.37919227932508e-16	8.15599319792032e-18	NaN
0	0	0	0	4.06078607460095e-15	4.23902071472693e-16	NaN
0	0	0	0	3.4886838299304e-15	-1.11572778654671e-16	NaN
0	0	0	0	6.22456310899228e-16	-1.13898176007475e-17	NaN
0	0	0	0	5.11701733897823e-16	-6.80128409180439e-17	NaN
0	0	0	0	6.22859258233199e-16	1.35338662753338e-17	NaN
0	0	0	0	5.63934930280301e-16	-1.04747243526994e-16	NaN
0	0	0	0	4.29654659320403e-16	1.31712893822307e-17	NaN
0	0	0	0	9.13047633355696e-16	-1.70266699031056e-16	NaN
0	0	0	0	5.5011428288938e-16	9.93794814580343e-17	NaN
0	0	0	0	5.51730905309e-15	1.1723834344593e-16	NaN
0	0	0	0	7.4871426077149e-16	6.8915286146018e-16	NaN
0	0	0	0	3.96894277643487e-16	4.16999196233753e-17	NaN
0.00568181818181818	0	0	0	4.15400423143607e-14	-8.82131364496865e-17	NaN
0	0	0	0	6.62947495962623e-16	9.29916228627771e-17	NaN
0.816287878787879	0.860011807191945	0.859995962698032	0.859995962698032	0.868114163928985	0.880752355101699	NaN
0	0	0	0	5.02517997743641e-16	-5.30657426546206e-17	NaN
0	0	0	0	5.80380449013946e-16	-1.62080158614063e-16	NaN
0	0	0	0	1.74284546494318e-15	-9.46493750750475e-17	NaN
0	0	0	0	1.66181997841857e-15	-3.80261241961864e-17	NaN
0	0	0	0	7.57456138252236e-16	3.44719259464377e-17	NaN
0	0	0	0	5.51033507776041e-16	8.00520294779762e-17	NaN
0.128787878787879	0.146654134307832	0.142092984392585	0.142092984392586	0.132303796730775	0.210742600384488	NaN
0	0	0	0	6.49340400953727e-16	-5.93832751423997e-17	NaN
0	0	0	0	4.38045774713951e-16	1.00542184927924e-16	NaN
0	0	0	0	4.15108206544303e-16	-4.04317248788805e-17	NaN
0	0	0	0	1.24697248126239e-15	-6.22254915570418e-18	NaN
0	0	0	0	4.17234915221185e-15	-9.75005547289695e-17	NaN
0	0	0	0	3.47540264021196e-15	4.50946311041286e-17	NaN
0	0	0	0	4.98088742028866e-16	-9.13310050684002e-17	NaN
0	0	0	0	1.30691326565216e-15	-1.41284111409393e-16	NaN
0	0	0	0	7.55093912172234e-16	-5.57616606585715e-17	NaN
0.183712121212121	0.139044592938594	0.140004037301968	0.140004037301968	0.131885836071014	0.1192476448983	NaN
0	0	0	0	6.89285007398075e-16	2.61881188362459e-17	NaN
0	0	0	0	2.43841208208153e-15	-1.09654588627867e-16	NaN
0	0	0	0	5.79986957420619e-16	4.49399852201057e-17	NaN
0	0	0	0	7.9830509597776e-16	-3.1616335623221e-17	NaN
0	0	0	0	6.25193675338557e-16	-1.31771207775505e-16	NaN
0	0	0	0	4.28355887659583e-16	1.59195817700808e-16	NaN
0	0	0	0	1.03429664123593e-15	-1.24482276940234e-16	NaN
0	0	0	0	8.13808777197179e-16	-2.29678162626451e-16	NaN
0	0	0	0	2.42526337770914e-15	1.12884529411215e-16	NaN
0	0	0	0	1.77472048126584e-15	-8.01230406730043e-17	NaN
0	0	0	0	7.31542161323839e-15	-1.28372403398739e-16	NaN
0	0	0	0	5.26408486897047e-16	3.89145285221995e-17	NaN
0	0	0	0	6.88248603222322e-16	1.00973522950816e-16	NaN
0	0	0	0	4.11368335736812e-16	-8.12156610338021e-17	NaN
0	0	0	0	1.69206632849266e-15	6.54387347081246e-17	NaN
0	0	0	0	4.4590027850669e-16	-2.2454425278785e-17	NaN
0	0	0	0	9.96203722653615e-16	-1.0789716349561e-17	NaN
0	0	0	0	4.94481546418864e-16	2.45376441975315e-17	NaN
0	0	0	0	1.49516165981765e-15	2.72264390267341e-17	NaN
0	0	0	0	1.03648079990199e-15	5.86962749720035e-17	NaN
0	0	0	0	8.23330367654191e-16	-1.67735164973726e-16	NaN
0	0	0	0	2.38379668958559e-15	7.08658985877233e-17	NaN
0	0	0	0	4.78111433905324e-15	-3.9965628401597e-18	NaN
0	0	0	0	1.00388223640679e-15	7.09568342150333e-17	NaN
0	0	0	0	7.15731441319427e-16	-1.2057103612708e-16	NaN
0.808712121212121	0.82727411785796	0.796410631124126	0.796410631124126	0.834121278616129	0.867460063695848	NaN
0	0	0	0	8.34410328830642e-16	2.30747770086777e-17	NaN
0	0	0	0	8.69624828830814e-16	2.90664274730962e-17	NaN
0	0	0	0	5.16325397470948e-16	4.92619746218957e-17	NaN
0	0	0	0	4.56613111990908e-16	-4.91103032610664e-17	NaN
0	0	0	0	5.78747897445044e-16	-1.20759347760799e-17	NaN
0	0	0	0	5.17067171926107e-16	2.32870704472589e-17	NaN
0	0	0	0	4.32961348236274e-16	-1.42168388321106e-17	NaN
0	0	0	0	1.32625755041043e-15	-3.77845929784753e-17	NaN
0	0	0	0	1.23178339601222e-15	8.61348118323029e-17	NaN
0	0	0	0	7.55643890813744e-16	4.43635240924885e-17	NaN
0	0	0	0	7.89406246638069e-16	2.63044732028658e-17	NaN
0	0	0	0	2.85206211743066e-15	-1.65184970243519e-16	NaN
0	0	0	0	4.69559590883148e-16	-3.68575521811042e-16	NaN
0	0	0	0	4.70483690411131e-16	6.87532084443837e-17	NaN
0	0	0	0	3.98009453060031e-16	2.37146477633314e-16	NaN
0	0	0	0	1.47999329043467e-15	6.09320328985113e-18	NaN
0	0	0	0	7.12677435374381e-15	2.86640009566073e-17	NaN
0	0	0	0	9.12952482564571e-16	7.43278990137221e-17	NaN
0	0	0	0	1.6453271097631e-15	1.63124476884462e-17	NaN
0	0	0	0	9.14085222089399e-16	5.18837928045059e-18	NaN
0	0	0	0	3.34228730950516e-15	-9.39976989661565e-18	NaN
0	0	0	0	1.52980527633304e-15	7.72323486427456e-18	NaN
0	0	0	0	7.65853281816456e-16	-1.1797609185577e-17	NaN
0	0	0	0	7.69671556154672e-16	-2.7918483484287e-17	NaN
0	0	0	0	9.21138820912855e-16	4.62088511310246e-17	NaN
0	0	0	0	2.50925874142514e-15	-5.86923870878297e-17	NaN
0	0	0	0	2.03058163758282e-15	1.45291760538467e-16	NaN
0	0	0	0	9.16162862087967e-16	6.50125482162686e-18	NaN
0.248106060606061	0.266243122702787	0.260053181326002	0.260053181326002	0.277289463081992	0.302774975706296	NaN
0	0	0	0	5.54695122429111e-15	-4.02724251795929e-17	NaN
0	0	0	0	8.23107541699069e-16	5.71060220330009e-17	NaN
0	0	0	0	7.09184460038325e-16	-5.17135942114308e-17	NaN
0	0	0	0	1.90885640955762e-15	-5.31104429598346e-17	NaN
0	0	0	0	1.14476842832737e-15	2.57382803535631e-17	NaN
0	0	0	0	5.74421494816416e-16	-3.92977578953713e-17	NaN
0	0	0	0	6.06567477936076e-16	1.82422867310761e-16	NaN
0	0	0	0	7.16446590381435e-16	1.71609045488985e-17	NaN
0	0	0	0	6.56183587927748e-16	-4.89443635005952e-17	NaN
0	0	0	0	1.73303784724691e-15	-1.40395257304041e-18	NaN
0	0	0	0	8.05440608439257e-16	2.2786671774703e-17	NaN
0	0	0	0	8.28122578304767e-16	2.09033602763914e-18	NaN
0	0	0	0	1.41798153157399e-14	9.37332158663279e-18	NaN
0	0	0	0	9.738112924168e-16	-4.92761866580251e-17	NaN
0	0	0	0	4.25344310615531e-16	4.85757391268898e-17	NaN
0.278409090909091	0.289993674271894	0.282141594130264	0.282141594130264	0.301321309830117	0.338719360244848	NaN
0	0	0	0	2.3266835959855e-15	-1.6649629651708e-16	NaN
0	0	0	0	9.73476703303466e-16	1.58949663440035e-16	NaN
0	0	0	0	1.05481019773518e-15	-1.52526951276813e-17	NaN
0	0	0	0	4.39127727725933e-16	-9.37576703107665e-17	NaN
0	0	0	0	4.12384329059506e-16	-1.12860585289408e-17	NaN
0	0	0	0	1.93631936775427e-15	-5.27205502772696e-17	NaN
0	0	0	0	4.11451955190608e-16	5.80420939294806e-17	NaN
0	0	0	0	5.35679532032877e-15	2.71045310568761e-17	NaN
0	0	0	0	1.79031509508808e-14	3.38649419161102e-17	NaN
0	0	0	0	4.22390299771762e-16	-2.80517906716751e-17	NaN
0	0	0	0	2.67310151904909e-15	2.99644790120793e-18	NaN
0	0	0	0	2.73522543663818e-15	-1.25065060189443e-16	NaN
0	0	0	0	5.26782000010647e-16	1.43937436771437e-17	NaN
0	0	0	0	4.85073375117667e-16	6.90180515346423e-17	NaN
0	0	0	0	3.20810432192933e-15	4.22269683973486e-17	NaN
0	0	0	0	4.99384976446354e-16	3.09979113208201e-17	NaN
0	0	0	0	9.47587768463171e-16	-9.46875428426797e-17	NaN
0	0	0	0	6.36182276696014e-16	1.28200319553983e-16	NaN
0	0	0	0	4.26538836338529e-16	4.54274676601043e-17	NaN
0	0	0	0	2.18490462520502e-15	-1.39516954655861e-16	NaN
0	0	0	0	4.14683836517373e-16	2.17128376282951e-16	NaN
0	0	0	0	2.23786309178915e-15	-8.01542680110655e-17	NaN
0	0	0	0	5.01899033891715e-16	-3.36691479893434e-17	NaN
0	0	0	0	1.33435985372582e-15	-6.15737896402233e-18	NaN
0	0	0	0	7.09898848213266e-15	2.04970568367562e-16	NaN
0	0	0	0	4.76638814750442e-16	6.54916735986396e-18	NaN
0	0	0	0	5.10467034833501e-16	2.32757612574067e-17	NaN
0	0	0	0	7.74628114341166e-16	5.80989829174316e-17	NaN
0	0	0	0	5.58027836604444e-16	-1.17731927592378e-16	NaN
0	0	0	0	3.424770272165e-15	-3.51165588814888e-17	NaN
0	0	0	0	3.94431901805483e-16	2.58685122307141e-18	NaN
0	0	0	0	8.20196561468078e-16	1.16134246447865e-16	NaN
0	0	0	0	6.31934203409293e-16	-1.24574561842096e-16	NaN
0	0	0	0	5.07590372537046e-16	-1.09476034618977e-16	NaN
0.100378787878788	0.0973035752549982	0.121220504220006	0.121220504220006	0.107816866235521	-1.04127394860506e-16	NaN
0	0	0	0	4.46736804789904e-16	2.38499205765757e-17	NaN
0	0	0	0	1.57736691742968e-15	8.64642591326026e-17	NaN
0	0	0	0	3.98684841153091e-16	3.41269377139682e-17	NaN
0	0	0	0	8.80370656546218e-16	-9.5316556219453e-17	NaN
0	0	0	0	8.72618166415582e-16	2.62819316049743e-17	NaN
0	0	0	0	2.44119898261683e-15	1.45665165777257e-17	NaN
0	0	0	0	2.34927795375715e-15	-4.4081455950548e-17	NaN
0	0	0	0	7.72997984401361e-16	2.00204914604397e-18	NaN
0.0625	0.0667407862115717	0.0667588312082776	0.0667588312082772	0.054682596381982	0.0909649190500029	NaN
0	0	0	0	4.57128439382005e-16	-1.25856920864747e-17	NaN
0	0	0	0	6.89016863678882e-16	-5.37731421665833e-18	NaN
0	0	0	0	7.29831176390041e-16	-1.20026934341798e-17	NaN
0	0	0	0	4.09558742659134e-15	7.68486843696593e-17	NaN
0	0	0	0	3.919607393517e-16	1.99607567256792e-17	NaN
0	0	0	0	4.1182644607668e-16	6.99501514295073e-17	NaN
0	0	0	0	1.0701822041904e-15	2.17045552121501e-17	NaN
0	0	0	0	5.5307701607433e-16	-5.99214802410521e-17	NaN
0	0	0	0	6.03137984453451e-16	1.88474223875261e-17	NaN
0	0	0	0	1.8310020992864e-15	-7.76820374560485e-18	NaN
0	0	0	0	1.13150624739679e-13	8.85950408357002e-18	NaN
0	0	0	0	2.80327135455709e-15	9.2639110467843e-17	NaN
0	0	0	0	8.14807325480602e-15	4.93682709360415e-17	NaN
0	0	0	0	7.20873393689142e-14	1.18882697039922e-16	NaN
0	0	0	0	1.82596924026833e-13	8.62418562867473e-18	NaN
0	0	0	0	6.1681176515442e-16	1.05402796663263e-17	NaN
0	0	0	0	3.24185461918724e-15	-9.10012110400145e-17	NaN
0	0	0	0	9.49719437132394e-16	-1.00109061402154e-16	NaN
0	0	0	0	8.4101801097714e-16	-1.04510841186869e-16	NaN
0	0	0	0	8.39013694680247e-16	-1.11449135055107e-16	NaN
0	0	0	0	3.46811669811308e-15	2.82990859086425e-17	NaN
0	0	0	0	1.52006071946291e-15	-6.43536725466134e-17	NaN
0	0	0	0	7.17464567558819e-16	1.00636078711214e-17	NaN
0	0	0	0	5.20479403328476e-16	-2.34746001932005e-18	NaN
0	0	0	0	4.05644870444828e-16	-6.39654304245184e-17	NaN
0	0	0	0	3.88383069439269e-16	1.24976858183628e-16	NaN
0	0	0	0	5.4170311385792e-16	-4.60180034336868e-18	NaN
0	0	0	0	1.21801890900029e-15	-9.4300759796712e-17	NaN
0	0	0	0	1.81429483162145e-15	-3.30922234787078e-17	NaN
0	0	0	0	5.96219896979744e-16	-2.06181767765415e-16	NaN
0	0	0	0	8.30720900003069e-16	-3.7203721401772e-17	NaN
0	0	0	0	5.01388605677179e-16	-3.6449553808184e-17	NaN
0	0	0	0	1.06620301512611e-15	1.50498868630814e-16	NaN
0	0	0	0	3.84962078103148e-16	-1.91683548421101e-16	NaN
0	0	0	0	6.88491648630401e-16	9.55106487989761e-18	NaN
0	0	0	0	6.37363686959114e-16	1.37373092898234e-16	NaN
0	0	0	0	4.27549240313692e-16	-7.65679500640894e-18	NaN
0	0	0	0	9.36355732959649e-16	5.94012637414451e-17	NaN
0	0	0	0	6.45794978890319e-16	-1.63038772204456e-16	NaN
0	0	0	0	1.58639762440131e-15	-1.72029316428318e-17	NaN
0	0	0	0	1.26690046996829e-15	2.30428214607795e-17	NaN
0	0	0	0	9.12609438064395e-16	-2.71280185060374e-17	NaN
0	0	0	0	5.11471898114468e-16	-4.50076821185539e-17	NaN
0	0	0	0	4.55722076035796e-16	5.14985152561551e-17	NaN
0	0	0	0	8.94974077272496e-15	8.21719240159596e-18	NaN
0	0	0	0	6.47987010152504e-16	-3.9558606710962e-18	NaN
0	0	0	0	6.81213893267797e-15	-6.55670993919468e-17	NaN
0	0	0	0	5.13008365569224e-15	1.07379730241789e-16	NaN
0	0	0	0	4.14902806256588e-16	-9.82134948499485e-17	NaN
0	0	0	0	4.34165210935442e-15	-3.17807054350182e-17	NaN
0	0	0	0	7.39151466227343e-15	1.10136799547543e-17	NaN
0	0	0	0	5.57584603532358e-16	1.41167579137424e-16	NaN
0	0	0	0	3.73487202206924e-15	-3.94180869182525e-17	NaN
0	0	0	0	1.558279742708e-15	2.03494310496566e-17	NaN
0	0	0	0	6.73570300491922e-16	9.02695750430313e-18	NaN
0	0	0	0	4.31553333143748e-16	-7.44199049621545e-17	NaN
0	0	0	0	1.5482886254356e-15	1.38218186718277e-16	NaN
0	0	0	0	5.29465051336474e-16	4.5913974615098e-18	NaN
0	0	0	0	9.56608687938008e-16	2.91519229632933e-17	NaN
0	0	0	0	7.9583856044083e-16	1.04371220565898e-17	NaN
0	0	0	0	4.53397693732711e-16	2.23735005216148e-17	NaN
0	0	0	0	1.13921306642615e-15	-2.42564881877046e-17	NaN
0	0	0	0	5.22043155872829e-16	6.15469875238373e-17	NaN
0	0	0	0	2.67044718681134e-15	3.23804513233779e-17	NaN
0	0	0	0	5.54268249728692e-16	2.22222822696009e-17	NaN
0	0	0	0	4.53029032198993e-16	-1.87564867548379e-16	NaN
0	0	0	0	1.64546527149001e-15	-3.81781793438391e-17	NaN
0	0	0	0	3.78480774178065e-16	-3.88171908149511e-17	NaN
0	0	0	0	8.47565059628783e-16	-6.27352928339944e-17	NaN
0	0	0	0	7.1649931468639e-16	-1.66932555685961e-16	NaN
0	0	0	0	6.62910393085394e-16	-1.76155061435289e-16	NaN
0	0	0	0	3.86587946909029e-15	-7.01011452649669e-17	NaN
0	0	0	0	1.22148645712785e-15	6.08442731459185e-17	NaN
0	0	0	0	7.04187074308137e-16	2.68124347886354e-17	NaN
0	0	0	0	6.85292994143471e-16	-2.01008038112529e-17	NaN
0	0	0	0	5.19685381705722e-16	-2.08093413873339e-16	NaN
0	0	0	0	1.09808756522898e-15	1.93073698553935e-17	NaN
0	0	0	0	2.09680765246155e-11	0	NaN
1	0.99905640013054	1	1	0.999999999999996	1	NaN
0	0	0	0	7.16801630947193e-16	-4.58525127104514e-17	NaN
0	0	0	0	5.3565424458895e-16	-2.70025955085619e-16	NaN
0	0	0	0	5.59756185798215e-15	-9.01763156765038e-18	NaN
0	0	0	0	1.38664769143006e-15	6.76745513520276e-17	NaN
0	0	0	0	4.93419624874533e-16	1.71424097496443e-16	NaN
0	0	0	0	3.12214202740581e-15	1.47671398562262e-16	NaN
0	0	0	0	6.51501059722185e-15	-1.65073541871134e-16	NaN
0	0	0	0	4.31247275931739e-15	-2.21390049995657e-16	NaN
0	0	0	0	1.37719815538405e-15	7.78478649419176e-17	NaN
0	0	0	0	8.12523246704289e-16	-1.68562552117785e-17	NaN
0	0	0	0	9.87399651543795e-16	8.17015990997535e-17	NaN
0	0	0	0	6.51951499382087e-16	1.10524915810418e-16	NaN
0	0	0	0	3.94404535143079e-16	-3.53852008795188e-17	NaN
0	0	0	0	1.33227578742973e-15	-1.18385448426107e-16	NaN
0.0833333333333333	0.0939480848406327	0.131112348262657	0.131112348262657	0.0904613604531348	0.188283292491985	NaN
0	0	0	0	3.35580689170634e-15	-1.0860148946491e-16	NaN
0	0	0	0	2.15920345707621e-15	1.23012430186207e-16	NaN
0	0	0	0	1.57448315418728e-15	1.02560581671628e-16	NaN
0	0	0	0	7.67706339058471e-15	-5.24468146283517e-17	NaN
0	0	0	0	1.03622948046497e-15	-1.0752606616634e-17	NaN
0	0	0	0	1.41959085826575e-15	-1.49632307985236e-16	NaN
0	0	0	0	1.20507901097999e-15	1.67587906032441e-17	NaN
0	0	0	0	6.14450677161862e-16	-1.89939209764467e-16	NaN
0	0	0	0	4.5785920733118e-16	2.07884488920817e-16	NaN
0	0	0	0	1.61750962157562e-15	6.49208525546275e-17	NaN
0	0	0	0	5.31117992266215e-16	-7.46033477658587e-17	NaN
0	0	0	0	6.69882235902938e-16	8.51381418577692e-17	NaN
0	0	0	0	7.22440338056498e-15	1.18792315375287e-16	NaN
0	0	0	0	1.05674752167474e-15	6.07401810634952e-17	NaN
0	0	0	0	6.20808673810243e-16	-6.95524781565814e-17	NaN
0	0	0	0	5.11864862344099e-16	5.29160909694757e-17	NaN
0	0	0	0	6.35207691883295e-16	-7.03544227419705e-17	NaN
0	0	0	0	3.0022443607061e-15	-4.5094600505896e-17	NaN
0	0	0	0	5.67909581299409e-16	-2.75080437961161e-16	NaN
0	0	0	0	2.09992228015338e-15	2.27871571591326e-16	NaN
0	0	0	0	4.45941805261306e-16	1.85316392822589e-16	NaN
0	0	0	0	1.12585876619409e-15	9.89481883324164e-17	NaN
0	0	0	0	7.50724392457761e-16	1.36432474757986e-16	NaN
0	0	0	0	4.91441906089316e-16	-3.71678707734983e-17	NaN
0	0	0	0	1.29662443291542e-15	2.81917622242146e-17	NaN
0	0	0	0	2.16234113569545e-15	-1.4947886898741e-18	NaN
0	0	0	0	1.4678777096975e-15	-8.48419013293648e-17	NaN
0	0	0	0	6.42454251334171e-16	1.24628474376997e-17	NaN
0	0	0	0	4.22213074834257e-16	1.00606505584153e-16	NaN
0	0	0	0	1.52121291317695e-15	-1.21834618019315e-16	NaN
0	0	0	0	1.43630653718038e-15	1.71519893307369e-17	NaN
0	0	0	0	9.31993609016016e-16	2.20565881412781e-16	NaN
0	0	0	0	7.09117531438153e-16	-5.08264459861101e-17	NaN
0	0	0	0	8.72112735977938e-16	1.10822381859281e-16	NaN
0	0	0	0	5.13972959715928e-16	1.78051525853994e-16	NaN
0	0	0	0	7.9283156783892e-16	3.11019288623593e-18	NaN
0	0	0	0	1.17896131059624e-15	2.06110336874157e-16	NaN
0	0	0	0	3.80592081035015e-15	-1.07415433237742e-16	NaN
0	0	0	0	3.91997674313923e-16	-2.81714916789376e-16	NaN
0	0	0	0	6.09887476022429e-16	-1.00192332375417e-16	NaN
0	0	0	0	6.08972356921622e-12	6.2205406554107e-18	NaN
0	0	0	0	4.38117333050117e-16	1.92942337027786e-17	NaN
0	0	0	0	4.01745286218382e-16	-1.79874271099872e-16	NaN
0	0	0	0	6.16665543058171e-16	-7.11846498696591e-17	NaN
0	0	0	0	1.86916026456195e-15	1.41674952953918e-16	NaN
0	0	0	0	1.03089611218199e-15	-4.71033687444146e-18	NaN
0.340909090909091	0.354805275675737	0.326692876281077	0.326692876281077	0.347490017423249	0.442916277587184	NaN
0	0	0	0	6.98022581212434e-16	-3.75119373629192e-17	NaN
0	0	0	0	6.26038371291087e-12	-1.51320870416006e-18	NaN
0	0	0	0	6.03204100927735e-16	2.49996791225097e-16	NaN
