FW_Default	FW_LBM	FW_QBM	FW_NM	Direct	interior-point-convex	active-set
0	0.00179581527784467	0	0	2.70820991358453e-10	1	8.39357978025915e-21
0	0	0	0	2.70836783509827e-10	0	-1.90254475056546e-21
0.0100806451612903	0.00179581527784467	0.19238664819465	0.19238664819465	0.0114029886969341	1	-9.6228704720901e-09
0	0	0	0	2.71396519470222e-10	0	-1.70948000464792e-22
0	0	0	0	2.70999046135502e-10	0	-5.70512875393309e-22
0	0	0	0	2.7650865069949e-10	0	3.83291176451223e-08
0	0	0	0	2.70971163450138e-10	0	1.28774486913032e-22
0	0	0	0	2.7526766938205e-10	0	-3.69776803350057e-23
0	0.00179581527784467	0	0	2.14143023519502e-07	1	0
0	0	0	0	2.71073776226813e-10	0	-1.24488550238942e-17
0	0	0	0	2.71552130471529e-10	0	4.17755833622476e-18
0	0	0	0	2.70911623371255e-10	0	-3.59673530200594e-07
0	0	0	0	2.71582053234502e-10	0	-3.22290158470307e-10
0	0	0	0	2.24245027503004e-07	0	1.18173058284933e-10
0	0	0	0	2.71229571109231e-10	0	1.38875679946296e-06
0	0	0	0	2.71918296228939e-10	0	-7.7793016059376e-10
0	0	0	0	2.25591454249054e-07	0	4.18008703096519e-10
0	0	0	0	2.2425527663756e-07	0	-5.117102508435e-06
0	0	0	0	2.72062477068594e-10	0	-1.23905857772453e-10
0	0	0	0	2.23621589777487e-07	0	1.08975630666898e-10
0	0	0	0	2.71648052971698e-10	0	1.85092179446613e-05
0	0	0	0	2.2520696147532e-07	0	-6.31182399051971e-13
0	0	0	0	2.72044675922748e-10	0	6.78486851781857e-13
0	0	0	0	2.70896626530872e-10	0	-7.92857961174851e-05
0	0	0	0	2.72231665897799e-10	0	0.00382388679216936
0	0	0	0	2.70812090996024e-10	0	-0.0092729254696659
0	0	0	0	2.70812361479823e-10	0	0.00022969839764755
0	0	0	0	2.23913855405114e-07	0	-0.0576036973874835
0	0	0	0	2.69804859707272e-10	0	-0.102597264302755
0	0	0	0	2.70813398100661e-10	0	-0.000839507794028233
0	0	0	0	2.70961044438419e-10	0	-0.511374788830426
0	0	0	0	2.70669700292119e-10	0	-0.424056808819115
0	0	0	0	2.70813870189279e-10	0	0.00453300017376434
0	0	0	0	2.70657162381652e-10	0	-3.0240871816494
0	0	0	0	2.71110010480026e-10	0	-1.66092517329011
0	0	0	0	2.70917017890983e-10	0	-0.0152749540058131
0	0	0	0	2.70791698171346e-10	0	-1.44559859016377
0	0	0	0	2.70860245522576e-10	0	-0.530052816488312
0	0	0	0	2.71222846300973e-10	0	0.0583602827561695
0	0	0	0	2.70863757114473e-10	0	-1.77306147205089e-09
0	0	0	0	2.70670539398367e-10	0	-5.76634612728564e-10
0	0	0	0	2.70919320432571e-10	0	-0.221294075754978
0	0	0	0	2.7135028962881e-10	0	-4.05974827544718e-13
0	0	0	0	2.70674893574283e-10	0	1.34484354533438e-12
0	0	0	0	2.70816117143469e-10	0	0.0236098860817772
0	0	0	0	7.37765343676702e-07	0	-9.13920286488764e-14
0	0	0	0	2.7403127045531e-10	0	-2.80176977324288e-14
0	0	0	0	2.70815204234209e-10	0	0
0	0	0	0	2.7084358962687e-10	0	1.9796594372193e-11
0	0	0	0	2.70702187185196e-10	0	4.4872280585822e-12
0	0	0	0	2.70814435127346e-10	0	-0.00592747471333082
0	0	0	0	2.70922064554338e-10	0	-1.3560505077529e-20
0	0	0	0	2.71220532703938e-10	0	3.07371448534312e-21
0	0	0	0	2.75932905330705e-10	0	3.84914818822328e-08
0.0181451612903226	0	0	0	2.46927222642373e-07	0	2.88626485374829e-22
0	0	0	0	2.73003368417102e-10	0	9.18432059907186e-22
0	0	0	0	2.43041539539397e-07	0	-1.53316470555951e-07
0	0	0	0	2.72405965773425e-10	0	2.22388566194402e-22
0	0	0	0	2.91728420921072e-10	0	-6.00518960581979e-23
0	0	0	0	2.70926713567063e-10	0	0
0	0	0	0	2.71477858845622e-10	0	4.93683445977747e-17
0	0	0	0	2.25458317064495e-07	0	-1.65709839991219e-17
0	0	0	0	2.71213856858187e-10	0	1.43869412014905e-06
0	0	0	0	2.71127399260878e-10	0	1.2891606325886e-09
0	0	0	0	2.71601490467803e-10	0	-4.72692232643184e-10
0	0	0	0	2.70916792343136e-10	0	-5.55502719528144e-06
0	0	0	0	2.71203973838972e-10	0	3.11172063418926e-09
0	0	0	0	2.71508298489963e-10	0	-1.67203480845088e-09
0	0	0	0	2.71687451322905e-10	0	2.04684100242088e-05
0	0	0	0	2.18762527903325e-07	0	4.95432586851579e-10
0	0	0	0	2.72083056512649e-10	0	-4.35784197216799e-10
0	0	0	0	2.2326070585558e-07	0	-7.40368717439224e-05
0	0	0	0	2.25507280437592e-07	0	2.01475893968201e-12
0	0	0	0	2.72050301572403e-10	0	-2.16594223738745e-12
0	0	0	0	2.71314070419385e-10	0	0.000317143184320858
0	0	0	0	2.72258061695399e-10	0	-0.0152955471593915
0	0	0	0	2.70895850195887e-10	0	0.0370917018572305
0	0	0	0	2.71479227453738e-10	0	-0.000918793590155976
0	0	0	0	2.45888805745794e-07	0	0.23041478940444
0	0	0	0	2.69404802699955e-10	0	0.410389056945073
0	0	0	0	2.70979294149548e-10	0	0.00335803117451238
0	0	0	0	2.72338707628615e-10	0	2.04549915363507
0	0	0	0	2.68806716855522e-10	0	1.69622723389882
0	0	0	0	2.70813307777454e-10	0	-0.0181320006864454
0	0	0	0	2.70589302307026e-10	0	12.0963487181681
0	0	0	0	1.85521367918882e-07	0	6.64370068854622
0	0	0	0	2.71229158957458e-10	0	0.0610998159940058
0	0	0	0	2.70367643912782e-10	0	5.78239435490814
0	0	0	0	2.71960023516233e-10	0	2.12021126373993
0	0	0	0	2.21889296345124e-07	0	-0.233441130912262
0	0	0	0	2.01526669168306e-07	0	5.19623547315907e-09
0	0	0	0	2.73834073955697e-10	0	1.69153453794896e-09
0	0	0	0	2.7078750696396e-10	0	0.885176302591856
0	0	0	0	2.24829256065545e-07	0	1.84446337685482e-12
0	0	0	0	2.66708891793455e-10	0	-5.66684097545118e-12
0	0	0	0	2.70727098315351e-10	0	-0.094439544309206
0	0	0	0	2.35254471195842e-10	0	4.38209313583527e-13
0	0	0	0	2.71416865869236e-10	0	1.52349004993299e-13
0	0	0	0	2.70815181739244e-10	0	0
0	0	0	0	2.1341032086134e-07	0	-8.38984046850326e-11
0	0	0	0	2.70364817630321e-10	0	-1.90169717310558e-11
0	0	0	0	2.70816080542434e-10	0	0.023709898848849
0	0	0	0	2.71416118682666e-10	0	9.32000235422075e-20
0	0	0	0	2.73098173952969e-10	0	-2.11253386727126e-20
0	0	0	0	2.70910541570414e-10	0	-1.44343057032331e-07
0.0282258064516129	0.0956833740234375	0.12579162411243	0.12579162411243	0.00715473298924345	0	-2.04266358337307e-21
0	0	0	0	2.85909647715494e-10	0	-6.29676696767204e-21
0	0	0	0	2.71773853926215e-10	0	5.74936764480528e-07
0	0	0	0	2.29601343496879e-10	0	1.12441131388291e-21
0.0161290322580645	0.00931640625	0.0086936085776941	0.0086936085776941	4.63701656134818e-07	0	-3.45224233131292e-22
0	0	0	0	2.14145600602662e-07	0	0
0	0	0	0	2.71703971297053e-10	0	-1.83399703453523e-16
0	0	0	0	2.73652884397987e-10	0	6.15799910306973e-17
0	0	0	0	2.7091336017014e-10	0	-5.39510294778229e-06
0	0	0	0	2.70863611956895e-10	0	-4.83435236671361e-09
0	0	0	0	2.70937618983857e-10	0	1.77259587030162e-09
0	0	0	0	2.70813351851934e-10	0	2.08313519713813e-05
0	0	0	0	2.70940506748906e-10	0	-1.16689523530786e-08
0	0	0	0	2.71036801149121e-10	0	6.27013051940907e-09
0	0	0	0	2.70923857710501e-10	0	-7.67565375502756e-05
0	0	0	0	2.71014182956629e-10	0	-1.85706110374771e-09
0	0	0	0	2.71084463475236e-10	0	1.63368785394922e-09
0	0	0	0	2.71202570453265e-10	0	0.000277638268892137
0	0	0	0	2.71491666513031e-10	0	-5.38789752277233e-12
0	0	0	0	2.71172761494053e-10	0	5.79318544877971e-12
0	0	0	0	2.71730999718733e-10	0	-0.00118928694056962
0	0	0	0	2.71204225729696e-10	0	0.0573583018082536
0	0	0	0	2.15450708715457e-07	0	-0.139093881873524
0	0	0	0	2.33608603082186e-07	0	0.00344547596123946
0	0	0	0	2.72476315530153e-10	0	-0.86405545964831
0	0	0	0	2.69107230990985e-10	0	-1.53895896241377
0	0	0	0	2.71647748473101e-10	0	-0.0125926168976191
0	0	0	0	2.76859879616949e-10	0	-7.67062181896349
0.282258064516129	0.517128945160657	0.392632581408082	0.392632581408083	0.313041790910467	1	-6.36085212126572
0	0	0	0	2.7081296520157e-10	0	0.0679950025375694
0	0	0	0	2.72226168325792e-10	0	-45.361307657305
0	0	0	0	2.68626538338633e-10	0	-24.9138775624379
0	0	0	0	2.70922425705059e-10	0	-0.229124309853223
0	0	0	0	2.69368105520525e-10	0	-21.6839788064813
0	0	0	0	2.74754256609401e-10	0	-7.95079222961826
0	0	0	0	2.70791273022779e-10	0	0.875404240443216
0.0786290322580645	0.0091417236328125	0.274535641152247	0.274535641152247	0.106823255678691	0	-1.13586263892701e-08
0	0	0	0	2.85187462028569e-10	0	-3.70411249329296e-09
0	0	0	0	2.10514289306375e-10	0	-3.31941113290022
0	0	0	0	2.70324036264166e-10	0	-5.14320991498888e-12
0	0	0	0	2.73981285099065e-10	0	1.54919506446904e-11
0	0	0	0	2.71377661276326e-10	0	0.354148291083435
0	0	0	0	2.71014398015859e-10	0	-4.61143957923071e-13
0	0	0	0	2.66326185784139e-10	0	-1.58453106635307e-13
0	0	0	0	2.70815181659113e-10	0	0
0	0	0	0	2.70865177069871e-10	0	2.29722672017268e-10
0	0	0	0	2.70614491503453e-10	0	5.20704723285449e-11
0	0	0	0	2.70917503590481e-10	0	-0.0889121206641676
0	0	0	0	2.7195391352005e-10	0	-2.31539333503979e-19
0	0	0	0	2.75146173773945e-10	0	5.24822489343996e-20
0	0	0	0	2.70813889103902e-10	0	3.86809084665298e-08
0	0	0	0	2.87460952382778e-10	0	4.52757763428814e-21
0.0181451612903226	0	0	0	0.0047589807502154	0	1.57872889794132e-20
0	0	0	0	2.70811076022139e-10	0	-1.54070980746615e-07
0	0	0	0	2.36935249312693e-10	0	9.03997290166532e-22
0.0141129032258064	0.0091417236328125	0.0119388992304935	0.0119388992304935	1.55769516263591e-10	0	-3.16683075945309e-22
0	0	0	0	2.70870946211116e-10	0	0
0	0	0	0	2.71936317112748e-10	0	6.77937031832009e-16
0	0	0	0	2.74546853865117e-10	0	-2.27701564356278e-16
0	0	0	0	2.70813526324237e-10	0	1.46970341290551e-06
0	0	0	0	2.69800060465345e-10	0	1.80482488148762e-08
0	0	0	0	2.6836861456018e-10	0	-6.61769124111497e-09
0	0	0	0	2.70813597144503e-10	0	-5.67726558720796e-06
0	0	0	0	2.12714522659895e-07	0	4.35640887541376e-08
0	0	0	0	2.71012876819284e-10	0	-2.34084872556052e-08
0	0	0	0	2.70813353862651e-10	0	2.09194456210415e-05
0	0	0	0	2.71098191179989e-10	0	6.92994936260445e-09
0	0	0	0	2.71237526418148e-10	0	-6.09719249121787e-09
0	0	0	0	2.70896907849532e-10	0	-7.56684849977686e-05
0	0	0	0	2.71192465240937e-10	0	1.18865481460276e-11
0	0	0	0	2.7099628348831e-10	0	-1.27860588728428e-11
0	0	0	0	2.7214780153511e-10	0	0.000324132395721998
0	0	0	0	2.71211278462459e-10	0	-0.214137659934336
0	0	0	0	2.15287798484409e-07	0	0.519283825315376
0	0	0	0	2.34641711969083e-07	0	-0.000939041998917792
0	0	0	0	2.37364913178706e-07	0	3.22580704700645
0	0	0	0	1.90446584869098e-07	0	5.74544678872095
0	0	0	0	2.71732002244298e-10	0	0.00343203559812013
0	0	0	0	2.72262088204798e-10	0	28.6369880969205
0	0	0	0	2.68846791409178e-10	0	23.7471812305003
0	0	0	0	2.71203767669432e-10	0	-0.0185315944347614
0	0	0	0	2.70930756663194e-10	0	169.348881784611
0	0	0	0	3.11423306704285e-10	0	93.0118094919929
0	0	0	0	2.70926654621961e-10	0	0.0624463361495434
0	0	0	0	2.70367429078068e-10	0	80.9535207848113
0	0	0	0	2.72004524956814e-10	0	29.6829576215327
0	0	0	0	2.70715459099939e-10	0	-0.238585715763667
0	0	0	0	2.69474579341432e-10	0	1.13807254143155e-08
0	0	0	0	2.74771889031346e-10	0	3.74689821514113e-09
0	0	0	0	2.70787407653053e-10	0	0.890921712810991
0	0	0	0	2.70561481134062e-10	0	6.12989827229341e-12
0	0	0	0	2.71639050452258e-10	0	-1.84535129536343e-11
0	0	0	0	2.35704968471511e-07	0	-0.0949043058465393
0	0	0	0	2.70805402559188e-10	0	-1.06396021253459e-13
0	0	0	0	2.70805775336522e-10	0	-3.66142055879412e-14
0	0	0	0	2.70815181658987e-10	0	0
0	0	0	0	2.13255705604476e-07	0	-2.73650720848621e-10
0	0	0	0	2.70460634204229e-10	0	-6.20274967311251e-11
0	0	0	0	2.71210751747839e-10	0	0.0238265814220189
0	0	0	0	2.7000384579205e-10	0	1.06969341961e-18
0	0	0	0	2.67465871186599e-10	0	-2.42463841789076e-19
0	0	0	0	2.70813984096338e-10	0	-1.03805768087094e-08
0	0	0	0	2.77329518214035e-10	0	-2.43139727158503e-20
0	0	0	0	2.78208826390494e-10	0	-7.20415045445568e-20
0	0	0	0	2.70811909666936e-10	0	4.13471584055122e-08
0	0	0	0	1.34816703819557e-06	0	9.01550339746351e-21
0	0	0	0	2.29985219644727e-10	0	-3.18375606503e-21
0	0	0	0	2.70815177704899e-10	0	0
0	0	0	0	2.70245277777954e-10	0	-2.50532108793909e-15
0	0	0	0	2.69413776383454e-10	0	8.41754334865609e-16
0	0	0	0	2.70813571173149e-10	0	-4.83710701149771e-07
0.0846774193548387	0.00931640625	0	0	0.0731302447311181	0	-6.73586428204023e-08
0	0	0	0	2.60536137273431e-10	0	2.46981690663507e-08
0	0	0	0	2.70813438299441e-10	0	1.87771036686697e-06
0	0	0	0	2.03617445138202e-07	0	-1.62587402542811e-07
0	0	0	0	2.6898708691818e-10	0	8.73638184380027e-08
0	0	0	0	2.70813260865335e-10	0	-6.9212448948774e-06
0	0	0	0	2.17127816804526e-07	0	-2.58520482652304e-08
0	0	0	0	2.71779154831055e-10	0	2.27484554952129e-08
0	0	0	0	2.71149836149799e-10	0	2.50356709569282e-05
0	0	0	0	2.7124310851542e-10	0	-1.35967837162485e-11
0	0	0	0	2.71096096338332e-10	0	1.46591290917633e-11
0	0	0	0	2.26338044807052e-07	0	-0.000107242641708703
0	0	0	0	2.70998005352384e-10	0	0.799192337426915
0	0	0	0	2.15056930075621e-07	0	-1.93804141823098
0	0	0	0	2.72141850642736e-10	0	0.000310692032655958
0	0	0	0	2.71059937599151e-10	0	-12.0391727210525
0	0	0	0	2.41795165029686e-10	0	-21.4428281793989
0	0	0	0	2.7139884449845e-10	0	-0.00113552548831603
0	0	0	0	2.70873288362982e-10	0	-27.0879125279694
0	0	0	0	2.70757851203527e-10	0	-18.4131849288897
0	0	0	0	2.25704565619469e-07	0	0.00613137516625792
0	0	0	0	2.70745730279386e-10	0	-45.7460168501195
0	0	0	0	2.70945145851803e-10	0	-25.1251721264141
0	0	0	0	2.718015824232e-10	0	-0.020661034625347
0	0	0	0	2.70671721134649e-10	0	-21.8678806037359
0	0	0	0	2.71199003254185e-10	0	-8.01822288867441
0	0	0	0	2.70919586622925e-10	0	0.0789386221517339
0	0	0	0	2.70341794780101e-10	0	-1.25405226237929e-08
0	0	0	0	2.21529371305319e-07	0	-4.08912650287959e-09
0	0	0	0	2.70918693176748e-10	0	-0.244275716620362
0	0	0	0	2.71228799836314e-10	0	-5.55004672702969e-12
0	0	0	0	2.71058546225079e-10	0	1.66830151130787e-11
0	0	0	0	2.71871950086052e-10	0	0.0254689322307589
0	0	0	0	2.70625114218408e-10	0	4.56218139101706e-14
0	0	0	0	2.75305219982816e-10	0	1.48517162010192e-14
0	0	0	0	2.70815181767063e-10	0	0
0	0	0	0	2.70843660209589e-10	0	2.47425374219593e-10
0	0	0	0	2.70701909301625e-10	0	5.60830848273874e-11
0	0	0	0	2.71300132620021e-10	0	-0.00639420500592273
0.0826612903225806	0.496875	0	0	0.217635259986751	0	-2.59568506173325e-18
0	0	0	0	2.55231166957952e-10	0	5.88355280642567e-19
0	0	0	0	2.70814300006394e-10	0	2.84139876190712e-09
0	0	0	0	2.69905636301938e-10	0	5.79832105882243e-20
0	0	0	0	2.62759572149983e-10	0	1.75081325712179e-19
0	0	0	0	2.70812631363393e-10	0	-1.13176528497977e-08
0	0	0	0	2.38293942866833e-10	0	3.38645187167572e-21
0	0	0	0	2.702430935717e-10	0	-1.33465972226732e-21
0	0	0	0	2.7081521202756e-10	0	0
0	0	0	0	2.70694269147146e-10	0	9.255871893884e-15
0	0	0	0	2.70507654576012e-10	0	-3.11086662436283e-15
0	0	0	0	2.70896282189373e-10	0	4.65139390808385e-07
0	0	0	0	2.69756281204394e-10	0	2.51386322196571e-07
0	0	0	0	2.68288769799172e-10	0	-9.21749849205081e-08
0	0	0	0	2.71149923589129e-10	0	-1.83357587676978e-06
0	0	0	0	2.70606046171418e-10	0	6.06785520966762e-07
0	0	0	0	2.70310501592902e-10	0	-3.26046786253771e-07
0	0	0	0	2.70898792224479e-10	0	6.76553394552493e-06
0	0	0	0	2.70977201275806e-10	0	9.64662700345926e-08
0	0	0	0	2.71042197531071e-10	0	-8.4889205798656e-08
0	0	0	0	2.70897575836979e-10	0	-2.4474198782792e-05
0	0	0	0	2.70905937054579e-10	0	1.07097577394341e-11
0	0	0	0	2.7087841593356e-10	0	-1.16482653200279e-11
0	0	0	0	2.71312307545914e-10	0	0.000104838170910368
0	0	0	0	2.70785811467275e-10	0	-0.238209498978704
0	0	0	0	2.70920001075286e-10	0	0.577658035000482
0	0	0	0	2.70976587830034e-10	0	-0.000303726131116401
0	0	0	0	2.70675422298647e-10	0	3.58842942775575
0	0	0	0	2.70896409589415e-10	0	6.39130922340843
0	0	0	0	2.71204020350623e-10	0	0.00111006635297064
0	0	0	0	2.70798527721635e-10	0	8.07389882499744
0	0	0	0	2.70834457592069e-10	0	5.48828530128902
0	0	0	0	2.26697024881146e-07	0	-0.00599390621857614
0	0	0	0	2.70816406531535e-10	0	13.6351854865957
0	0	0	0	2.70813173295139e-10	0	7.48887894319155
0	0	0	0	2.2587904721696e-07	0	0.0201978023121321
0	0	0	0	2.7078373232804e-10	0	6.51800154393108
0	0	0	0	2.70901746001936e-10	0	2.38993389995301
0	0	0	0	2.71194122134447e-10	0	-0.0771687726906278
0	0	0	0	2.70726888112419e-10	0	9.69435017821631e-09
0	0	0	0	2.71068388400623e-10	0	3.15749623564181e-09
0	0	0	0	2.70813354557165e-10	0	0.0861811531977912
0	0	0	0	2.26798871440571e-07	0	3.74491075262689e-12
0	0	0	0	2.70496122745762e-10	0	-1.14186246074725e-11
0	0	0	0	2.71166526440906e-10	0	-0.00697142305718645
0	0	0	0	2.7077565019337e-10	0	-6.11990146609181e-13
0	0	0	0	2.68998418326915e-10	0	-2.16182398366707e-13
0	0	0	0	2.70815212020652e-10	0	0
0	0	0	0	2.70838668771857e-10	0	-1.69156151523125e-10
0	0	0	0	2.70726603407665e-10	0	-3.83420610119417e-11
0	0	0	0	2.21654306837996e-07	0	0.00175023859684602
0	0	0	0	2.71111055679077e-10	0	-3.71456540972666e-14
0	0	0	0	2.18287479482368e-07	0	1.24967145220745e-14
0	0	0	0	2.71083959543896e-10	0	-1.4704821037798e-06
0	0	0	0	2.70894327425313e-10	0	-1.02948312814292e-06
0	0	0	0	2.71031093069468e-10	0	3.77477147399982e-07
0	0	0	0	2.19661079967046e-07	0	5.83179858837165e-06
0	0	0	0	2.70814418743823e-10	0	-2.48492221619577e-06
0	0	0	0	2.70813621453508e-10	0	1.33523440273004e-06
0	0	0	0	2.71092735645222e-10	0	-2.15268215009873e-05
0	0	0	0	2.70814481159312e-10	0	-3.95034166328041e-07
0	0	0	0	2.70814155654602e-10	0	3.47629868785968e-07
0	0	0	0	2.70814210742284e-10	0	7.78750829271888e-05
0	0	0	0	2.70813942963121e-10	0	-2.14458764726914e-12
0	0	0	0	2.70814471005108e-10	0	2.28249681369655e-12
0	0	0	0	2.70813734417408e-10	0	-0.000333588075605553
0	0	0	0	2.7067855451031e-10	0	0.0859673771306452
0	0	0	0	2.70870910696554e-10	0	-0.208470889536622
0	0	0	0	2.70813271248669e-10	0	0.000966436410264447
0	0	0	0	2.7035090941492e-10	0	-1.29502755869446
0	0	0	0	2.14794204155432e-07	0	-2.30655827208508
0	0	0	0	2.70883340212082e-10	0	-0.00353215756357942
0	0	0	0	2.70701380623351e-10	0	-2.91378768680427
0	0	0	0	2.70952990118564e-10	0	-1.98066615382366
0	0	0	0	2.71268271989316e-10	0	0.0190722123486199
0	0	0	0	2.70753900766368e-10	0	-4.92079928757328
0	0	0	0	2.70929593514037e-10	0	-2.70265998253521
0	0	0	0	2.71410926764041e-10	0	-0.0642680682890653
0	0	0	0	2.70801936274369e-10	0	-2.35228023919171
0	0	0	0	2.70844332605578e-10	0	-0.862502754633807
0	0	0	0	2.70934277873925e-10	0	0.245545920089819
0	0	0	0	2.70822700245478e-10	0	-3.87308241460081e-09
0	0	0	0	2.70791547141745e-10	0	-1.24509533679059e-09
0	0	0	0	2.70813569093154e-10	0	-0.0853702777130492
0	0	0	0	2.13834081176542e-07	0	2.29794297225306e-13
0	0	0	0	2.71316321354312e-10	0	-7.73023817839006e-14
0	0	0	0	2.7108388535234e-10	0	8.85898107279849e-06
0	0	0	0	2.7086326817193e-10	0	6.36934917396931e-06
0	0	0	0	2.70946276299877e-10	0	-2.33542803304168e-06
0	0	0	0	2.19659037454884e-07	0	-3.51339150486084e-05
0	0	0	0	2.70814589106839e-10	0	1.53740618301962e-05
0	0	0	0	2.70813967643682e-10	0	-8.26101361698455e-06
0	0	0	0	2.71092616763367e-10	0	0.000129689238477798
0	0	0	0	2.70814427938134e-10	0	2.44404784210207e-06
0	0	0	0	2.70814092437066e-10	0	-2.15076202125053e-06
0	0	0	0	2.70883764111302e-10	0	-0.000469161701401983
0	0	0	0	2.70813864074462e-10	0	8.17987653871314e-13
0	0	0	0	2.70814407330484e-10	0	-8.79370026295335e-13
0	0	0	0	2.71365556901429e-10	0	0.00200971534457344
0	0	0	0	2.70793610872717e-10	0	-0.013894978132396
0	0	0	0	2.708234831937e-10	0	0.0336953219691046
0	0	0	0	2.7150182888174e-10	0	-0.00582233666396595
0	0	0	0	2.7086741114028e-10	0	0.209316373356149
0	0	0	0	2.70726291694445e-10	0	0.372810917573904
0	0	0	0	2.7095135014115e-10	0	0.021279631299918
0	0	0	0	2.71159108745105e-10	0	0.470957908992829
0	0	0	0	2.70369694658586e-10	0	0.320136705363636
0	0	0	0	2.71072569668574e-10	0	-0.114901342748053
0	0	0	0	2.70579949395123e-10	0	0.795352850806365
0	0	0	0	2.18120930698795e-07	0	0.436833163939462
0	0	0	0	2.20035887748076e-07	0	0.387185671282468
0	0	0	0	2.70737898878003e-10	0	0.38020099670739
0	0	0	0	2.70983559974369e-10	0	0.139407032158426
0	0	0	0	2.71492606662038e-10	0	-1.47930168791933
0	0	0	0	2.7082272349194e-10	0	5.52632831353016e-11
0	0	0	0	2.7079146348891e-10	0	1.08280007985548e-11
0	0	0	0	2.7131461433604e-10	0	0.376795653893664
0	0	0	0	2.70814997003793e-10	0	6.09973736676719e-16
0	0	0	0	2.70814036081006e-10	0	-1.3826071365578e-16
0	0	0	0	2.70814123210283e-10	0	-6.17878681342609e-07
0	0	0	0	2.72876789033192e-10	0	-1.29662739365811e-17
0	0	0	0	2.70976448068414e-10	0	-4.13169551643638e-17
0	0	0	0	2.70812446555925e-10	0	2.46108941569753e-06
0	0	0	0	2.72414525875988e-10	0	7.11853686640484e-18
0	0	0	0	6.42252810664857e-07	0	-2.0547241755831e-18
0	0	0	0	2.70815212020652e-10	0	0
0	0	0	0	2.13930600119547e-07	0	-6.3343249124911e-13
0	0	0	0	2.71348029046918e-10	0	2.13241613764962e-13
0	0	0	0	2.70996387753917e-10	0	-2.52281132888306e-05
0	0	0	0	2.70867056805884e-10	0	-1.7649014386731e-05
0	0	0	0	2.70956731119343e-10	0	6.47130528170482e-06
0	0	0	0	2.71558433158814e-10	0	9.76332688063776e-05
0	0	0	0	2.70894762722956e-10	0	-4.26004339237369e-05
0	0	0	0	2.70943113432926e-10	0	2.28906822813203e-05
0	0	0	0	2.71002146865279e-10	0	-0.000359801825484662
0	0	0	0	2.71173704355642e-10	0	-6.77228227511907e-06
0	0	0	0	2.71299299213206e-10	0	5.95960838751033e-06
0	0	0	0	2.71121425213469e-10	0	0.00130146370220204
0	0	0	0	2.71089071227472e-10	0	-1.35031434317258e-13
0	0	0	0	2.71044292831145e-10	0	1.46644526311874e-13
0	0	0	0	2.28001160823958e-07	0	-0.00557493474177241
0	0	0	0	2.70868750761215e-10	0	0.00339297330016006
0	0	0	0	2.70839276009902e-10	0	-0.00822796025254406
0	0	0	0	2.31786480929914e-07	0	0.0161511101463558
0	0	0	0	2.71350970214343e-10	0	-0.0511123414044206
0	0	0	0	2.70203179056786e-10	0	-0.0910355869105467
0	0	0	0	2.71421930745592e-10	0	-0.0590295058119045
0.0282258064516129	0	0	0	0.0357005747010106	0	-0.115001808267309
0	0	0	0	2.6799918069011e-10	0	-0.0781732280273367
0	0	0	0	2.70899255932435e-10	0	0.318735290017421
0	0	0	0	2.10296286171378e-07	0	-0.194214842430607
0	0	0	0	2.69719742017804e-10	0	-0.106668988508714
0	0	0	0	2.71552817567616e-10	0	-1.07404956509851
0	0	0	0	2.70847466697033e-10	0	-0.0928401481882963
0	0	0	0	2.70745350933848e-10	0	-0.0340413876577246
0	0	0	0	4.24540165699594e-10	0	4.10356955948066
0	0	0	0	2.70856323348961e-10	0	1.41581698297927e-09
0	0	0	0	2.70683082368486e-10	0	4.75785732153824e-10
0	0	0	0	2.31185118204977e-07	0	-1.06127019114487
0	0	0	0	2.31333732410886e-07	0	-2.14133106386595e-14
0	0	0	0	2.72451066823904e-10	0	6.46587829207413e-14
0	0	0	0	2.38182795182874e-07	0	0.103423082154327
0	0	0	0	4.08115402473412e-07	0	-1.25086815552194e-15
0	0	0	0	2.76217888886064e-10	0	-4.92958187149045e-16
0	0	0	0	2.70815207963132e-10	0	0
0	0	0	0	2.70845300844209e-10	0	9.58603928165174e-13
0	0	0	0	2.70701413661461e-10	0	2.17283557044506e-13
0	0	0	0	2.71565653769431e-10	0	-0.025965296999903
0	0	0	0	2.70814888304558e-10	0	-6.78419668106004e-16
0	0	0	0	2.70813598443448e-10	0	1.53775124819478e-16
0	0	0	0	2.71202102801478e-10	0	1.65560188666272e-07
0	0	0	0	2.75836690113075e-10	0	1.4499908816203e-17
0	0	0	0	2.70650637715658e-10	0	4.5932466132115e-17
0	0	0	0	2.70908284468187e-10	0	-6.59447299755466e-07
0	0	0	0	2.7016573158123e-10	0	1.14642102861996e-17
0	0	0	0	2.32783149198838e-10	0	-3.17661778386706e-18
0	0	0	0	2.70815181767063e-10	0	0
0	0	0	0	2.70855085661838e-10	0	2.07008524685177e-12
0	0	0	0	2.70932085868224e-10	0	-6.97489904337078e-13
0	0	0	0	2.71214917957542e-10	0	6.7598730012945e-06
0	0	0	0	2.70825895159662e-10	0	5.92124038006566e-05
0	0	0	0	2.70844560621991e-10	0	-2.17112147459763e-05
0	0	0	0	2.23053796806115e-07	0	-2.61608361390958e-05
0	0	0	0	2.71217933025144e-10	0	0.000142924360676623
0	0	0	0	2.71464239509305e-10	0	-7.67981879325312e-05
0	0	0	0	2.71228344872161e-10	0	9.64089060301216e-05
0	0	0	0	2.23760856039293e-07	0	2.27209917556209e-05
0	0	0	0	2.27708449240864e-07	0	-1.99944727354091e-05
0	0	0	0	2.7089734669261e-10	0	-0.000348727224034623
0	0	0	0	2.72139750699757e-10	0	7.36616306492304e-14
0	0	0	0	2.19503664381942e-07	0	-8.12896082981189e-14
0	0	0	0	2.71479447311164e-10	0	0.00149380387131305
0	0	0	0	2.71552669517844e-10	0	-0.000909147195038823
0	0	0	0	2.70933991962427e-10	0	0.00220468194780166
0	0	0	0	2.71643703697859e-10	0	-0.00432769027446121
0	0	0	0	2.70904577257393e-10	0	0.0136955518681825
0	0	0	0	2.7073169785721e-10	0	0.0243929854930757
0	0	0	0	2.70978874549477e-10	0	0.0158169572180946
0	0	0	0	2.71346469771223e-10	0	0.0308147345107367
0	0	0	0	2.70078297794159e-10	0	0.0209465164409161
0	0	0	0	2.70810545311932e-10	0	-0.085405127092833
0	0	0	0	2.71034148756476e-10	0	0.0520398669988858
0	0	0	0	2.70442578804563e-10	0	0.0285819554538641
0	0	0	0	2.70907749083774e-10	0	0.287791581304463
0	0	0	0	2.70833062488545e-10	0	0.0248765168132076
0	0	0	0	2.70776661287222e-10	0	0.00912138941294213
0	0	0	0	2.71735055655817e-10	0	-1.09955145829885
0	0	0	0	2.70859229402133e-10	0	-5.44223348054225e-09
0	0	0	0	2.70673707208568e-10	0	-1.81881165751346e-09
0	0	0	0	2.27067319201987e-07	0	0.284367329654423
0	0	0	0	2.31425841373291e-07	0	8.97906365909828e-15
0	0	0	0	2.70388895249139e-10	0	-2.66047220564739e-14
0	0	0	0	2.72662588830005e-10	0	-0.0277121472406316
0	0	0	0	3.25110347685783e-07	0	-3.33003462158021e-15
0	0	0	0	2.66248624338526e-10	0	-1.17591669096173e-15
0	0	0	0	2.70870972412016e-10	0	0
0	0	0	0	2.70757867490561e-10	0	-3.95034666122258e-13
0	0	0	0	2.71059022232608e-10	0	-8.95411909917035e-14
0	0	0	0	2.23126992036151e-07	0	0.00695738435384872
0	0	0	0	2.70814880095856e-10	0	4.21807175897393e-15
0	0	0	0	2.70813563393555e-10	0	-9.56096265509622e-16
0	0	0	0	2.22523390722417e-07	0	-4.43620732079887e-08
0	0	0	0	2.70821757171581e-10	0	-9.23902705077733e-17
0	0	0	0	2.70841672974706e-10	0	-2.84995823740047e-16
0	0	0	0	2.71298673343678e-10	0	1.76699782866043e-07
0	0	0	0	2.70805953418099e-10	0	5.13626313743766e-17
0	0	0	0	2.7089077331172e-10	0	-1.57755945403633e-17
0	0	0	0	2.70815181658987e-10	0	0
0	0	0	0	2.70887586004567e-10	0	-7.57223522146517e-12
0	0	0	0	2.71020724750979e-10	0	2.55252476598459e-12
0	0	0	0	2.71312871245553e-10	0	-1.81137870364411e-06
0	0	0	0	2.70969898869653e-10	0	-0.000219200600578406
0	0	0	0	2.71193648068734e-10	0	8.03735536109712e-05
0	0	0	0	2.71322273730052e-10	0	7.01007570001065e-06
0	0	0	0	2.71257009583703e-10	0	-0.0005290970083869
0	0	0	0	2.71549405430523e-10	0	0.000284302069235527
0	0	0	0	2.70916806218508e-10	0	-2.58337984515276e-05
0	0	0	0	2.22979567484973e-07	0	-8.41116846270295e-05
0	0	0	0	2.26817063331592e-07	0	7.4018282462406e-05
0	0	0	0	2.70813511042671e-10	0	9.34451932657014e-05
0	0	0	0	2.72111624800979e-10	0	-3.6848435959167e-14
0	0	0	0	2.71692586123432e-10	0	4.5225581793978e-14
0	0	0	0	2.70812708249506e-10	0	-0.000400280740600275
0	0	0	0	2.29087388175717e-07	0	0.000243615478063688
0	0	0	0	2.70956873463924e-10	0	-0.00059076753423691
0	0	0	0	2.70811637024746e-10	0	0.00115965094310317
0	0	0	0	2.70574377843729e-10	0	-0.00366986603920037
0	0	0	0	2.15059347256178e-07	0	-0.00653635500914253
0	0	0	0	2.70896315488217e-10	0	-0.00423832302957017
0	0	0	0	2.70742448969139e-10	0	-0.00825712967358952
0	0	0	0	2.7086915284563e-10	0	-0.00561283766405212
0	0	0	0	2.71202419844481e-10	0	0.0228852181876151
0	0	0	0	2.7084570818729e-10	0	-0.0139446254131543
0	0	0	0	2.70766269768752e-10	0	-0.00765883322459687
0	0	0	0	2.70921157531149e-10	0	-0.077116759554701
0	0	0	0	2.70827280261713e-10	0	-0.0066659189675079
0	0	0	0	2.70782725629203e-10	0	-0.00244416995664106
0	0	0	0	2.70908176295138e-10	0	0.294636271556822
0	0	0	0	2.70873415910798e-10	0	2.03861576794383e-08
0	0	0	0	2.7063967854698e-10	0	6.81019535407758e-09
0	0	0	0	2.7121231139255e-10	0	-0.0761991269237548
0	0	0	0	2.71592368872154e-10	0	-1.67309395090276e-15
0	0	0	0	2.66674168489604e-10	0	5.83329318856483e-15
0	0	0	0	2.71006180951296e-10	0	0.00742550678737655
0	0	0	0	5.18981308683384e-07	0	-3.35376213316731e-16
0	0	0	0	2.70133946034523e-10	0	-1.17399910809572e-16
0	0	0	0	2.1449458885643e-07	0	0
0	0	0	0	2.70469418038032e-10	0	8.55528355655083e-14
0	0	0	0	2.21642933642472e-07	0	1.93919760640377e-14
0	0	0	0	2.71202060073007e-10	0	-0.00186424041028813
0	0	0	0	2.70842793491457e-10	0	-1.04925834688324e-14
0	0	0	0	2.7092528610876e-10	0	2.37831891991138e-15
0	0	0	0	2.71201846014361e-10	0	1.18881041350058e-08
0	0	0	0	2.66341650654112e-10	0	2.05190106944596e-16
0	0	0	0	2.71223322728875e-10	0	7.15422724685695e-16
0	0	0	0	2.71402204121056e-10	0	-4.73518315859098e-08
0	0	0	0	2.70377192585996e-10	0	4.11437570220218e-17
0	0	0	0	2.37066725252769e-10	0	-1.4403452329181e-17
0	0	0	0	2.70815181658987e-10	0	0
0	0	0	0	2.14869842012832e-07	0	2.79335867568888e-11
0	0	0	0	2.71761586585064e-10	0	-9.41980578786567e-12
0	0	0	0	2.25293598601911e-07	0	4.85641809877978e-07
0	0	0	0	2.71582727810833e-10	0	0.000817589997633872
0	0	0	0	2.2456911668341e-07	0	-0.000299782999360215
0	0	0	0	2.71317008212767e-10	0	-1.87946664755013e-06
0	0	0	0	2.7109175703648e-10	0	0.0019734636714055
0	0	0	0	2.7137168896777e-10	0	-0.00106041008822002
0	0	0	0	2.7081312339527e-10	0	6.92628772660452e-06
0	0	0	0	2.7113148000542e-10	0	0.000313725746462807
0	0	0	0	2.71251124036183e-10	0	-0.000276078656871255
0	0	0	0	2.70813678317053e-10	0	-2.50535488484487e-05
0	0	0	0	2.71657368822693e-10	0	3.56537819855681e-14
0	0	0	0	2.71218229376647e-10	0	-5.36338737859524e-14
0	0	0	0	2.70813016386527e-10	0	0.000107319090316455
0	0	0	0	2.28730270234744e-07	0	-6.53147167020213e-05
0	0	0	0	2.71028139879496e-10	0	0.000158388187970143
0	0	0	0	2.70811674603481e-10	0	-0.00031091349570442
0	0	0	0	2.70626106590682e-10	0	0.000983912280875502
0	0	0	0	2.14432401245176e-07	0	0.00175243452949522
0	0	0	0	2.71147486476095e-10	0	0.00113633489190505
0	0	0	0	2.14762085171968e-07	0	0.00221378415632796
0	0	0	0	2.70326251881195e-10	0	0.00150483419595126
0	0	0	0	2.22572488133192e-07	0	-0.00613574561306686
0	0	0	0	2.70937421873964e-10	0	0.00373863461304141
0	0	0	0	2.70618366816492e-10	0	0.00205337742250319
0	0	0	0	2.71256885110326e-10	0	0.0206754567630391
0	0	0	0	2.70862561416917e-10	0	0.00178715903082882
0	0	0	0	2.70686504853106e-10	0	0.000655290403601339
0	0	0	0	2.70813367469203e-10	0	-0.078993627350211
0	0	0	0	2.13809651497044e-07	0	-7.61110965640978e-08
0	0	0	0	2.70288168504202e-10	0	-2.54247897182007e-08
0	0	0	0	2.70813295122855e-10	0	0.0204291778934677
0	0	0	0	2.30097504199318e-07	0	7.53283407859892e-16
0	0	0	0	2.66727686415437e-10	0	-2.323722867381e-15
0	0	0	0	2.70907603982259e-10	0	-0.00198987990329528
0	0	0	0	2.31168366542984e-10	0	-4.18748424481773e-16
0	0	0	0	2.76140271108241e-10	0	-1.28614515833167e-16
0	0	0	0	2.1449458885643e-07	0	0
0	0	0	0	2.70755218564518e-10	0	-3.43921023231419e-14
0	0	0	0	2.71063336327686e-10	0	-7.7955431944049e-15
0	0	0	0	2.71202131230683e-10	0	0.000499577285909436
0	0	0	0	2.13473204616435e-07	0	4.84501897345503e-14
0	0	0	0	2.71261269011004e-10	0	-1.09820430069876e-14
0	0	0	0	2.70813483460042e-10	0	-3.19034332381382e-09
0	0	0	0	2.00517091641232e-07	0	-1.10126800214603e-15
0	0	0	0	2.75973366880525e-10	0	-3.2630133364205e-15
0	0	0	0	2.71404789363066e-10	0	1.27075434446902e-08
0	0	0	0	2.35682135256095e-10	0	4.08445442363389e-16
0	0	0	0	5.2632985120443e-07	0	-1.44234502762116e-16
0	0	0	0	2.70815181767063e-10	0	0
0	0	0	0	2.71183958743998e-10	0	-1.03119002445202e-10
0	0	0	0	2.71873877881331e-10	0	3.4788228000863e-11
0	0	0	0	2.27796146045875e-07	0	-1.31188534955173e-07
0	0	0	0	2.71639808757538e-10	0	-0.00305115938667791
0	0	0	0	2.25409988840538e-07	0	0.00111875844257023
0	0	0	0	2.71418727834762e-10	0	5.07790886598104e-07
0	0	0	0	2.71029222533094e-10	0	-0.00736475767176918
0	0	0	0	2.7128098985229e-10	0	0.00395733828069963
0	0	0	0	2.70813136883376e-10	0	-1.87135244165005e-06
0	0	0	0	2.70813526365523e-10	0	-0.00117079130018585
0	0	0	0	2.70812829399305e-10	0	0.00103029634414255
0	0	0	0	2.70813529559631e-10	0	6.7690020799049e-06
0	0	0	0	2.71184207038313e-10	0	-7.62233219911956e-14
0	0	0	0	2.70966723576392e-10	0	1.18691313798886e-13
0	0	0	0	2.70978199980736e-10	0	-2.89956204586733e-05
0	0	0	0	2.71322740581386e-10	0	1.76433886046804e-05
0	0	0	0	2.15294274852388e-07	0	-4.27852173280128e-05
0	0	0	0	2.71475586448944e-10	0	8.40030391120459e-05
0	0	0	0	2.7052435848584e-10	0	-0.000265783082209783
0	0	0	0	2.70998445653391e-10	0	-0.000473383105057008
0	0	0	0	2.71061770034343e-10	0	-0.000307016535829795
0	0	0	0	2.70726171552562e-10	0	-0.000598006944377922
0	0	0	0	2.70934652062826e-10	0	-0.000406499114550842
0	0	0	0	2.7120262551267e-10	0	0.00165776425270513
0	0	0	0	2.70796724216019e-10	0	-0.00100991302810247
0	0	0	0	2.70845176896428e-10	0	-0.000554676459512369
0	0	0	0	2.70923979674318e-10	0	-0.00558506745689043
0	0	0	0	2.70806946774757e-10	0	-0.000482717148837713
0	0	0	0	2.70838245076335e-10	0	-0.000176991655077581
0	0	0	0	2.70813444829232e-10	0	0.0213382376889949
0	0	0	0	2.70715961260311e-10	0	2.84060607012152e-07
0	0	0	0	2.71127213448313e-10	0	9.48897364621118e-08
0	0	0	0	2.70913147018739e-10	0	-0.00551758461067052
0	0	0	0	2.31873711949454e-07	0	-1.18339299943513e-16
0	0	0	0	2.33607010378786e-07	0	3.74873480489047e-16
0	0	0	0	2.72163254612201e-10	0	0.000534012824309433
0	0	0	0	2.70827898563273e-10	0	-9.35002802592921e-17
0	0	0	0	2.70787293337738e-10	0	-2.59128752526703e-17
0	0	0	0	2.70870972412016e-10	0	0
0	0	0	0	2.12344143452082e-07	0	5.53685678862032e-15
0	0	0	0	2.71049717754016e-10	0	1.25502087248507e-15
0	0	0	0	2.2312898708573e-07	0	-0.000134068732975958
0	0	0	0	2.70842854162978e-10	0	-1.17577021232333e-13
0	0	0	0	2.70925543768837e-10	0	2.66507914785602e-14
0	0	0	0	2.70814079737997e-10	0	8.73269158134192e-10
0	0	0	0	2.74473898523182e-10	0	2.62646958072356e-15
0	0	0	0	2.73203943131569e-10	0	7.93067789957151e-15
0	0	0	0	2.7127186733996e-10	0	-3.47834218438184e-09
0	0	0	0	6.08989058897925e-07	0	1.53415504946343e-16
0	0	0	0	4.05100633788216e-07	0	-6.04608648228763e-17
0	0	0	0	2.70815212020652e-10	0	0
0	0	0	0	2.71340051405224e-10	0	3.80580300146967e-10
0	0	0	0	2.224607204111e-07	0	-1.28444528942573e-10
0	0	0	0	2.24414152503223e-07	0	3.91123296994938e-08
0	0	0	0	2.15960082386012e-07	0	0.0113870475368406
0	0	0	0	2.72063984174187e-10	0	-0.00417525076621994
0	0	0	0	2.71282149472179e-10	0	-1.51696897884749e-07
0	0	0	0	2.71039365710504e-10	0	0.0274855669952725
0	0	0	0	2.71265237660919e-10	0	-0.0147689430235882
0	0	0	0	2.70813351811786e-10	0	5.59122036445253e-07
0	0	0	0	2.70847066098868e-10	0	0.00436943945041663
0	0	0	0	2.70866937562406e-10	0	-0.00384510671642147
0	0	0	0	2.70882439813776e-10	0	-2.02245945823806e-06
0	0	0	0	2.70870283484697e-10	0	1.89129019384507e-13
0	0	0	0	2.70837414430822e-10	0	-2.6460556878531e-13
0	0	0	0	2.71829998089805e-10	0	8.66339146271307e-06
0	0	0	0	2.70812963079825e-10	0	-5.25883767565259e-06
0	0	0	0	2.70909842010171e-10	0	1.27526812646584e-05
0	0	0	0	2.28841188575059e-07	0	-2.50986605820549e-05
0	0	0	0	2.70572486908643e-10	0	7.92200473985597e-05
0	0	0	0	2.71049511294646e-10	0	0.000141097889711367
0	0	0	0	2.71419681874659e-10	0	9.17312508181655e-05
0	0	0	0	2.70001604358602e-10	0	0.000178243619199823
0	0	0	0	2.19834927408758e-07	0	0.000121162260846912
0	0	0	0	2.70813442791085e-10	0	-0.00049531139454677
0	0	0	0	2.70594268593948e-10	0	0.000301017496422048
0	0	0	0	2.71171714965954e-10	0	0.000165328413951762
0	0	0	0	2.70813603902178e-10	0	0.00166481305363564
0	0	0	0	2.70740738371755e-10	0	0.000143709562639611
0	0	0	0	2.71018909437976e-10	0	5.26762159833326e-05
0	0	0	0	2.70813614808204e-10	0	-0.00635932336392739
0	0	0	0	2.10985581747894e-07	0	-1.06013195407631e-06
0	0	0	0	2.17929133039361e-07	0	-3.54134357642589e-07
0	0	0	0	2.7117979453052e-10	0	0.00164116053856892
0	0	0	0	2.28753294419869e-07	0	1.06017093902412e-16
0	0	0	0	2.71652511960027e-10	0	-3.37697800865648e-16
0	0	0	0	2.35294003614667e-07	0	-0.000146171393542214
0	0	0	0	2.74849068011606e-10	0	-5.80507383013104e-17
0	0	0	0	2.64307142479052e-10	0	-1.67575119641281e-17
0	0	0	0	2.70815207963132e-10	0	0
0	0	0	0	2.70515540451844e-10	0	-4.98566776423986e-15
0	0	0	0	2.20433208274477e-07	0	-1.13008469330147e-15
0	0	0	0	2.71564497818651e-10	0	3.66976458943749e-05
0	0	0	0	2.70965680635298e-10	0	-1.52417043836823e-09
0	0	0	0	2.71257984313968e-10	0	5.15002476280133e-10
0	0	0	0	2.71144519969779e-10	0	-1.41554550151664e-08
0	0	0	0	2.70826366371674e-10	0	-0.0466324849259682
0	0	0	0	2.70870365448085e-10	0	0.0170985778147064
0	0	0	0	2.70897303431249e-10	0	5.61392500890444e-08
0	0	0	0	2.70495717329774e-10	0	-0.112559492331054
0	0	0	0	1.58525886872234e-07	0	0.0604820969955249
0	0	0	0	2.70852365084642e-10	0	-2.0722588367217e-07
0	0	0	0	2.70731462911096e-10	0	-0.0178938235570527
0	0	0	0	2.70674920921807e-10	0	0.0157465647314647
0	0	0	0	2.71144814252179e-10	0	7.49657020894576e-07
0	0	0	0	2.70935649090803e-10	0	-3.58340064256628e-13
0	0	0	0	2.70882415693143e-10	0	1.51706077031467e-13
0	0	0	0	2.21122807621179e-07	0	-3.21125363292927e-06
0	0	0	0	2.70862533575089e-10	0	1.8978609147243e-06
0	0	0	0	2.70835063419878e-10	0	-4.60231235897106e-06
0	0	0	0	2.71748957984592e-10	0	9.30330746348191e-06
0	0	0	0	2.70684161936793e-10	0	-2.8589706624488e-05
0	0	0	0	2.70964258488824e-10	0	-5.09207884192998e-05
0	0	0	0	2.7095081477972e-10	0	-3.40019762035758e-05
0	0	0	0	2.70239622192745e-10	0	-6.43263030827396e-05
0	0	0	0	2.17758264624526e-07	0	-4.37262234024242e-05
0	0	0	0	2.70814339937195e-10	0	0.000183596823967412
0	0	0	0	2.70658869627498e-10	0	-0.000108634142410148
0	0	0	0	2.71067567438543e-10	0	-5.96653373291821e-05
0	0	0	0	2.70814314073328e-10	0	-0.000601269632356033
0	0	0	0	2.70802695367753e-10	0	-5.11715150952877e-05
0	0	0	0	2.708498295025e-10	0	-1.86920810207426e-05
0	0	0	0	2.70814313185426e-10	0	0.00229172216438357
0	0	0	0	2.70771015394294e-10	0	4.34147810623272e-06
0	0	0	0	2.70945401412635e-10	0	1.45025958762094e-06
0	0	0	0	2.70897268854061e-10	0	-0.00057837325083637
0	0	0	0	2.70904613257153e-10	0	0.018508606465102
0	0	0	0	2.711800033002e-10	0	-0.00419528413197742
0	0	0	0	2.71922830954712e-10	0	-6.29123503961268e-07
0	0	0	0	2.709319432309e-10	0	-0.00286578242159121
0	0	0	0	2.70898827902659e-10	0	-0.000602641769514683
0	0	0	0	2.81702124088619e-10	0	2.50587897514842e-06
0	0	0	0	2.72161890702623e-10	0	0.000792744159139002
0	0	0	0	8.06654532901842e-07	0	-0.000643709192632709
0	0	0	0	2.70815177594447e-10	0	0
0	0	0	0	2.70872427255577e-10	0	-0.0131561859973798
0	0	0	0	2.70970634838336e-10	0	0.00482393483503621
0	0	0	0	2.71935823728563e-10	0	-2.56159800132596e-05
0	0	0	0	2.14906639421147e-07	0	-0.52747973013711
0	0	0	0	2.71608477923899e-10	0	0.193409234414966
0	0	0	0	2.71227906963227e-10	0	9.91274869348014e-05
0	0	0	0	2.71081452124157e-10	0	-1.27320794913175
0	0	0	0	2.71338760908243e-10	0	0.6841385394206
0	0	0	0	2.23562497326537e-07	0	-0.000365306666245445
0	0	0	0	2.71217590874239e-10	0	-0.202404594233204
0	0	0	0	2.71295552437536e-10	0	0.178116042952627
0	0	0	0	2.75423822061695e-10	0	0.00132137520313855
0	0	0	0	2.27962394962249e-07	0	3.61129482251336e-12
0	0	0	0	2.22227795420235e-07	0	-1.36791972623943e-11
0.030241935483871	0	0	0	0.0089982353216086	0	-0.00566022725619315
0	0	0	0	2.78507016724855e-10	0	6.2613017140131e-13
0	0	0	0	2.6835039799928e-10	0	9.42541215190223e-13
0	0	0	0	2.79688862257643e-10	0	0.0163982105617655
0.032258064516129	0	0	0	0.0124477913517242	0	-1.7883120367703e-12
0	0	0	0	2.6119065917927e-10	0	-3.18501292062938e-12
0	0	0	0	2.7097121619447e-10	0	-0.0599326149591515
0	0	0	0	2.72733776662657e-10	0	-1.47583567487871e-10
0	0	0	0	2.68590413909567e-10	0	-1.2906834912467e-10
0	0	0	0	2.70918528089464e-10	0	0.323611711592017
0	0	0	0	2.66923032483327e-10	0	3.04060841395049e-09
0	0	0	0	2.79295622068961e-10	0	1.96031071998479e-09
0	0	0	0	2.71237822181771e-10	0	-0.120322413895604
0	0	0	0	2.22161160974864e-07	0	7.31705849733591
0	0	0	0	1.79115799461985e-07	0	3.36584690750885
0	0	0	0	2.75870799619564e-10	0	0.151958649053131
0.205645161290323	0.386496218933314	0.401307083865076	0.401307083865076	0.231835382655245	0	40.3074053508457
0.00403225806451613	0.0956833740234375	0	0	4.66823437945561e-07	0	13.4135310477655
0.0342741935483871	0	0	0	0.0111271472574536	0	-0.0409899885154462
0	0	0	0	2.71316114924826e-10	0	-0.143235537884763
0	0	0	0	2.71217411398287e-10	0	0.132980422632168
0	0	0	0	2.75669211602104e-10	0	0.0107878080482408
0.0262096774193548	0.00675282827779651	0.00341122879903528	0.00341122879903528	0.00390768840071793	0	-0.16299212862384
0.00806451612903226	0	0	0	2.68361936786377e-10	0	0.0710707784281192
0	0	0	0	2.14145128224517e-07	0	0
0	0	0	0	2.70877914436944e-10	0	2.32771520601462
0	0	0	0	2.70571566770248e-10	0	0.527615446897195
0	0	0	0	2.70811794589728e-10	0	-0.064112018909303
0	0	0	0	2.70928905660465e-10	0	0.0472362441839912
0	0	0	0	2.71272257598459e-10	0	-0.010706882014352
0	0	0	0	2.70812495300394e-10	0	2.41977490164803e-07
0	0	0	0	2.71168087281858e-10	0	-0.0168733461874153
0	0	0	0	2.7277953195533e-10	0	0.000979323255002949
0	0	0	0	2.70899489849742e-10	0	-9.63827136080636e-07
0	0	0	0	2.65523213245919e-10	0	0.00147890768807004
0	0	0	0	2.14597358655008e-10	0	-0.00367850182968126
0	0	0	0	2.70815181666372e-10	0	0
0	0	0	0	2.72308744928369e-10	0	-0.0375124767845507
0	0	0	0	2.75233217767683e-10	0	0.0137545748311178
0	0	0	0	2.71210438865548e-10	0	9.60388625699416e-06
0	0	0	0	2.71596070593236e-10	0	0.141334281920294
0	0	0	0	2.72773163042145e-10	0	-0.0518225700485161
0	0	0	0	2.71120637625513e-10	0	-3.71407430691003e-05
0	0	0	0	2.7176516663368e-10	0	0.341146627791114
0	0	0	0	2.24003022849837e-07	0	-0.183309848029866
0	0	0	0	2.71671766304336e-10	0	0.000136865855275592
0	0	0	0	2.71176958613014e-10	0	0.0542328099897291
0	0	0	0	2.71344534283647e-10	0	-0.0477248727966666
0	0	0	0	2.72134599385336e-10	0	-0.00049506513158178
0	0	0	0	2.71721167784658e-10	0	7.18698918071569e-14
0	0	0	0	2.71354239980167e-10	0	1.60655824844413e-12
0	0	0	0	2.78217205174869e-10	0	0.00212065461044528
0	0	0	0	2.72831532877051e-10	0	-2.15404149728542e-13
0	0	0	0	2.70260255288847e-10	0	-3.68067168352003e-13
0	0	0	0	2.4727700741842e-07	0	-0.00614373573423958
0	0	0	0	2.75167525264266e-10	0	4.78793550247006e-13
0	0	0	0	2.68316807052265e-10	0	8.52499945051267e-13
0	0	0	0	2.71646976676816e-10	0	0.0224542883146979
0	0	0	0	2.17786978455162e-07	0	4.36688191147228e-10
0	0	0	0	2.69652232061971e-10	0	3.84071011093014e-10
0	0	0	0	2.71258393387279e-10	0	-0.121244011767173
0	0	0	0	2.15597745603114e-07	0	-8.43427814943963e-09
0	0	0	0	2.69992441772878e-10	0	-5.45590172367339e-09
0	0	0	0	2.24267614504304e-07	0	0.148611707820712
0	0	0	0	2.70793529482697e-10	0	-27.2916854339282
0	0	0	0	2.70911398155517e-10	0	-12.5541752960313
0	0	0	0	2.72841291977105e-10	0	-0.485333901222866
0	0	0	0	2.70705302312218e-10	0	-140.052656492678
0	0	0	0	2.71092469580626e-10	0	-46.2581927818792
0	0	0	0	2.75726944993691e-10	0	0.131844880985548
0	0	0	0	2.24615355241334e-07	0	-0.366866524221041
0	0	0	0	1.854922385721e-10	0	-1.94140684824536
0	0	0	0	2.72090430981037e-10	0	-0.0382021018038904
0.00403225806451613	0	0	0	1.93227841551182e-10	0	0.0441002089013305
0	0	0	0	2.74443710341171e-10	0	0.030568138451506
0	0	0	0	2.69752471535918e-10	0	0
0	0	0	0	2.7095006523237e-10	0	-25.1563454467778
0	0	0	0	2.70305271089781e-10	0	-5.70210496838112
0	0	0	0	2.71203210614774e-10	0	0.238727003197594
0	0	0	0	2.71272584525675e-10	0	0.0976736589046116
0	0	0	0	2.2418483135146e-07	0	-0.0221393626849672
0	0	0	0	2.70912616254382e-10	0	-3.38786456532644e-07
0	0	0	0	2.67821227544005e-10	0	-0.0767332953641114
0	0	0	0	2.85371867478828e-07	0	0.0130436994627422
0	0	0	0	2.72171547507362e-10	0	1.34942956851241e-06
0	0	0	0	2.35683859453148e-10	0	0.00118994323685544
0	0	0	0	5.89198168555517e-07	0	-0.018410226125041
0	0	0	0	2.70815181659113e-10	0	0
0	0	0	0	2.76774857441854e-10	0	-0.0947966657715367
0.0362903225806452	0	0	0	0.0123705824874686	0	0.0347587774447776
0	0	0	0	2.2340626606933e-07	0	-1.27995649967695e-05
0	0	0	0	2.73237066319012e-10	0	-0.0378573969867008
0	0	0	0	2.46509558575636e-07	0	0.0138810455659441
0	0	0	0	2.71630316467926e-10	0	4.94354852709787e-05
0	0	0	0	2.72165357092461e-10	0	-0.0913785610870767
0	0	0	0	2.28793214550838e-07	0	0.0491008521893263
0	0	0	0	2.23578547669598e-07	0	-0.000182156754595088
0	0	0	0	2.71290064371211e-10	0	-0.0145266455467712
0	0	0	0	2.71512130621163e-10	0	0.0127834480822487
0	0	0	0	2.71594510994126e-10	0	0.000658885322234857
0	0	0	0	2.21755496344097e-07	0	-2.97160724376623e-13
0	0	0	0	2.71609781450675e-10	0	1.20059379617797e-13
0	0	0	0	2.30452919353141e-07	0	-0.00282239118149346
0	0	0	0	2.71513067103854e-10	0	7.04340292644957e-14
0	0	0	0	2.70989525381651e-10	0	1.29475398831113e-13
0	0	0	0	2.37754090235511e-07	0	0.00817673236326868
0	0	0	0	2.71037258479282e-10	0	-1.27945323810741e-13
0	0	0	0	2.7076467691139e-10	0	-2.27613534324526e-13
0	0	0	0	2.71733372956768e-10	0	-0.0298845382556973
0	0	0	0	2.70320920945477e-10	0	-1.2501693257308e-09
0	0	0	0	2.17084204355594e-07	0	-1.10009246143466e-09
0	0	0	0	2.71317023959572e-10	0	0.161364335240214
0	0	0	0	2.70842259818594e-10	0	1.79686187052029e-08
0	0	0	0	2.70731497516157e-10	0	1.17905181383478e-08
0	0	0	0	2.71507175440146e-10	0	-0.474124417098211
0	0	0	0	2.70846422719925e-10	0	101.849683099065
0	0	0	0	2.70750508898403e-10	0	46.8508542173341
0	0	0	0	2.11423326984783e-07	0	1.78937695488905
0	0	0	0	2.70832986431187e-10	0	590.086959396475
0	0	0	0	2.70753028575358e-10	0	197.353277639749
0	0	0	0	2.70957410723185e-10	0	-0.486389535180555
0	0	0	0	2.71431065768004e-10	0	0.373331209054008
0	0	0	0	2.69983674637866e-10	0	-0.705094943517647
0	0	0	0	2.71284949259462e-10	0	0.142020599138598
0	0	0	0	2.71063568824605e-10	0	0.375590695935164
0	0	0	0	2.66182251342127e-10	0	0.0720189174408642
0.0403225806451613	0	0	0	0.077977625309986	0	0
0	0	0	0	2.7084311747352e-10	0	-10.9555294568256
0	0	0	0	2.70710257109595e-10	0	-2.48325334297513
0	0	0	0	2.27040017915383e-07	0	-0.890795993423271
0	0	0	0	2.70927135153758e-10	0	0.405464524453288
0	0	0	0	2.71265542616643e-10	0	-0.0919052922039416
0	0	0	0	2.71210831513309e-10	0	1.11316833573878e-06
0	0	0	0	2.79083844052723e-10	0	-0.23035719315681
0	0	0	0	2.76797556301218e-10	0	0.0309266623989238
0	0	0	0	2.38056235880637e-07	0	-4.43389113706024e-06
0	0	0	0	5.36459031568381e-07	0	-0.0024797662620753
0	0	0	0	6.43232310415723e-07	0	-0.071103908846586
0	0	0	0	2.70815181739257e-10	0	0
0	0	0	0	2.72341649125953e-10	0	-0.357212360336639
0	0	0	0	2.75321655117437e-10	0	0.130977865455306
0	0	0	0	2.72114944053829e-10	0	4.1594373706393e-05
0	0	0	0	2.1894117019609e-07	0	0.0100953058480322
0	0	0	0	2.73449792038995e-10	0	-0.00370161214370072
0	0	0	0	2.71632841115396e-10	0	-0.000160601197921629
0	0	0	0	2.22616100826591e-07	0	0.0243676163071568
0	0	0	0	2.31311754892801e-07	0	-0.0130935605929743
0	0	0	0	2.71778388651869e-10	0	0.00059176116275926
0	0	0	0	2.71310053616281e-10	0	0.00387377214942709
0	0	0	0	2.71579261701542e-10	0	-0.00340891949167163
0	0	0	0	2.71119419980208e-10	0	-0.00214047615609912
0	0	0	0	2.7152031119026e-10	0	1.52132511869317e-13
0	0	0	0	2.71210782148904e-10	0	-1.76373124558042e-13
0	0	0	0	2.71481972426693e-10	0	0.00916891011012528
0	0	0	0	2.71654819106092e-10	0	-2.21226281909053e-14
0	0	0	0	2.70698634909414e-10	0	-4.26267966876946e-14
0	0	0	0	2.71647351589143e-10	0	-0.0265631937030989
0	0	0	0	2.21572767331099e-07	0	3.20959483271658e-14
0	0	0	0	2.70025609894579e-10	0	5.57916195716086e-14
0	0	0	0	2.72320197489669e-10	0	0.0970838646500958
0	0	0	0	2.70985806348355e-10	0	3.26163501477708e-09
0	0	0	0	2.70605073505591e-10	0	2.87022998482155e-09
0	0	0	0	2.47690643363936e-07	0	-0.524213328881614
0	0	0	0	2.71094897102163e-10	0	9.40126927859104e-09
0	0	0	0	2.17966023134967e-07	0	-3.17685373457148e-09
0	0	0	0	2.70814179783355e-10	0	4.9017100850311e-09
0	0	0	0	2.69897873629635e-10	0	0.2885123229264
0	0	0	0	2.68868971394349e-10	0	-0.105787851791395
0	0	0	0	2.70814175555608e-10	0	-1.94397374039124e-08
0	0	0	0	2.66447107226924e-10	0	0.696398672644325
0.425403225806452	0.0963748359060287	0.203628924528205	0.203628924528205	0.409779599789537	0	-0.374199023055379
0	0	0	0	2.7107330133613e-10	0	7.17575805786702e-08
0	0	0	0	2.69755201000614e-10	0	0.110707988546018
0	0	0	0	2.69046002316161e-10	0	-0.0974230299088412
0	0	0	0	2.18675803591172e-07	0	-2.59589068364091e-07
0	0	0	0	2.18474642066553e-07	0	8.72099087119048e-12
0	0	0	0	2.71328496898321e-10	0	-1.65766811862704e-11
0	0	0	0	2.71181566867116e-10	0	1.11198363467152e-06
0	0	0	0	2.71142572026663e-10	0	-3.06753285705579e-07
0	0	0	0	2.71029371669715e-10	0	7.43874431857832e-07
0	0	0	0	2.70870313394039e-10	0	-3.2215224427232e-06
0	0	0	0	2.70719054009503e-10	0	4.62097788249972e-06
0	0	0	0	2.7088999652127e-10	0	8.23036906716683e-06
0	0	0	0	2.70814024800327e-10	0	1.17741061302496e-05
0	0	0	0	2.70602751171028e-10	0	1.03971134653609e-05
0	0	0	0	2.7111210981301e-10	0	7.06750558208675e-06
0	0	0	0	2.70814406943126e-10	0	-6.35753780199677e-05
0	0	0	0	2.70757703809954e-10	0	1.7558626110812e-05
0	0	0	0	2.70908143058035e-10	0	9.64375772380284e-06
0	0	0	0	2.70814312842775e-10	0	0.000106573902968342
0	0	0	0	2.70816408349982e-10	0	3.69976011356211e-06
0	0	0	0	2.7081241631796e-10	0	9.18494794306053e-07
0	0	0	0	2.70814356812156e-10	0	-0.000373030959486166
0	0	0	0	2.12698087460008e-07	0	-2.68604602806631e-05
0	0	0	0	2.70829432943644e-10	0	-8.97266760607664e-06
0	0	0	0	2.70814391216682e-10	0	9.41430756171185e-05
0	0	0	0	2.71333345917006e-10	0	-3952.63734015317
0	0	0	0	5.88756807876567e-10	0	971.573118634531
0	0	0	0	2.70913111820715e-10	0	1.25570181061666e-20
0	0	0	0	2.70812805768476e-10	0	1.70779967496604
0	0	0	0	2.75800958236056e-10	0	6.79933195907923
0	0	0	0	2.71878844592022e-10	0	-5.00162010553938e-20
0	0	0	0	2.35202574194079e-10	0	-0.0610159306089612
0	0	0	0	2.70235873128187e-10	0	0.0153855536838957
0	0	0	0	2.70815212020652e-10	0	0
0	0	0	0	2.71105525584744e-10	0	64.6654399331179
0	0	0	0	2.71665266813816e-10	0	-23.7106613094625
0	0	0	0	2.71313683929256e-10	0	-7.97837329279893e-09
0	0	0	0	2.70716347902079e-10	0	-0.799447159187753
0	0	0	0	2.70673574494896e-10	0	0.293130624927769
0	0	0	0	2.70914057665859e-10	0	3.16415045019467e-08
0	0	0	0	1.44964430744115e-07	0	-1.92967128203046
0	0	0	0	2.68644967447554e-10	0	1.03687892706799
0	0	0	0	2.70904558500794e-10	0	-1.16797761294753e-07
0	0	0	0	1.93955687410058e-07	0	-0.306763977061405
0	0	0	0	2.71208462346465e-10	0	0.269952299745234
0	0	0	0	2.71133901684581e-10	0	4.22525701075211e-07
0	0	0	0	2.72036559997472e-10	0	-3.56675777984357e-11
0	0	0	0	2.7159400272959e-10	0	7.409546948707e-11
0	0	0	0	2.70881916180013e-10	0	-1.80994395404862e-06
0	0	0	0	2.71127991884442e-10	0	7.49063337468096e-08
0	0	0	0	2.15741460159191e-07	0	-1.81641660099391e-07
0	0	0	0	2.70812561728417e-10	0	5.24357992890783e-06
0	0	0	0	2.70453699245938e-10	0	-1.12838281767369e-06
0	0	0	0	2.71073597582349e-10	0	-2.00974929435058e-06
0	0	0	0	2.70813311404456e-10	0	-1.91643757518283e-05
0	0	0	0	2.70152633347152e-10	0	-2.53884015248951e-06
0	0	0	0	2.18524072160489e-07	0	-1.72579312624882e-06
0	0	0	0	2.70813663266654e-10	0	0.000103479824239986
0	0	0	0	2.70635383114414e-10	0	-4.28758858212745e-06
0	0	0	0	2.71105370757392e-10	0	-2.35488045807653e-06
0	0	0	0	2.70813591740016e-10	0	-5.03870398707828e-05
0	0	0	0	2.70707377154415e-10	0	1.09564776188956e-05
0	0	0	0	2.71109949844444e-10	0	5.2312745590489e-06
0	0	0	0	2.70813614637758e-10	0	9.78818155391615e-05
0	0	0	0	2.70408783182531e-10	0	7.44284286697327e-05
0	0	0	0	2.20309043966783e-07	0	2.48626249842294e-05
0	0	0	0	2.70913614472764e-10	0	-2.47012383672222e-05
0	0	0	0	2.70843977785124e-10	0	-6.4770249321832e-17
0	0	0	0	2.63685759167563e-10	0	2.1455985937164e-16
0	0	0	0	2.71777275242876e-10	0	-7.70106123063421e-18
0.0423387096774194	0	0	0	0.000704671714624894	0	-3.43649488360468e-17
0	0	0	0	2.65262037698267e-10	0	-9.78785244130807e-18
0	0	0	0	2.70815207956217e-10	0	0
0	0	0	0	2.70725661163721e-10	0	3.15840034134192e-15
0	0	0	0	2.71181366377316e-10	0	7.15904077342527e-16
0	0	0	0	2.70913028009935e-10	0	1.93342083703551e-18
0	0	0	0	2.14772584194199e-07	0	1051.3109931517
0	0	0	0	2.71723244846168e-10	0	-258.565379718728
0	0	0	0	2.71600370494523e-10	0	-4.01807852107263e-20
0	0	0	0	2.66545689789766e-10	0	-0.333031501116495
0	0	0	0	2.71761916896315e-10	0	-1.28300345975336
0	0	0	0	2.39935321392408e-07	0	1.60045180685036e-19
0	0	0	0	7.38119066514154e-07	0	-0.386263395156343
0	0	0	0	2.38631716048922e-10	0	0.0959301879476126
0	0	0	0	2.70815181773979e-10	0	0
0	0	0	0	2.17662844274228e-07	0	-12.2315578570513
0	0	0	0	2.27175305715917e-07	0	4.48490454813129
0	0	0	0	2.25274200400333e-07	0	2.50955767452873e-08
0	0	0	0	2.71581839745598e-10	0	2.68214345983997
0	0	0	0	2.24773353487087e-07	0	-0.983452602219589
0	0	0	0	2.71216274980444e-10	0	-9.95267801370972e-08
0	0	0	0	2.71270946690797e-10	0	6.47404284721869
0	0	0	0	2.71653335196265e-10	0	-3.47872648809232
0	0	0	0	2.70813230247874e-10	0	3.67381554442908e-07
0	0	0	0	2.72042491878833e-10	0	1.02919245757044
0	0	0	0	2.23007243047329e-07	0	-0.905689362493419
0	0	0	0	2.70813534017407e-10	0	-1.32903359732726e-06
0	0	0	0	2.30614158043333e-07	0	9.44180541939977e-11
0	0	0	0	2.24177793145247e-07	0	-1.92186913687795e-10
0	0	0	0	2.70813117145199e-10	0	5.69308877093151e-06
0	0	0	0	2.71755026193927e-10	0	-2.00746010566375e-08
0	0	0	0	2.71299377219733e-10	0	4.86625190978436e-08
0	0	0	0	2.70812288938962e-10	0	-1.64934201115901e-05
0	0	0	0	2.70715599940097e-10	0	3.02350175752715e-07
0	0	0	0	2.70886196014819e-10	0	5.38512322991048e-07
0	0	0	0	2.70896504284026e-10	0	6.02805916444898e-05
0	0	0	0	2.7063438584631e-10	0	6.80282220172647e-07
0	0	0	0	2.7106791709109e-10	0	4.62426269416292e-07
0	0	0	0	2.71202731895303e-10	0	-0.000325490645206022
0	0	0	0	2.70745133379847e-10	0	1.14885936771536e-06
0	0	0	0	2.70940355920522e-10	0	6.30990222356039e-07
0	0	0	0	2.70923884544934e-10	0	9.59795591164297e-05
0	0	0	0	2.70667020037689e-10	0	-4.30861331825633e-05
0	0	0	0	2.71196295080973e-10	0	-1.98708787193914e-05
0	0	0	0	2.70913729063365e-10	0	-4.92226394196254e-05
0	0	0	0	2.70561548294471e-10	0	-0.000249707212239409
0	0	0	0	2.71559553658241e-10	0	-8.34140513887424e-05
0	0	0	0	2.71615015165533e-10	0	1.24169149472116e-05
0	0	0	0	2.70713128423622e-10	0	5.42225985642225e-17
0	0	0	0	2.60778308477415e-10	0	-2.50408691037338e-16
0	0	0	0	2.37436526443842e-07	0	1.56100220854798e-17
0	0	0	0	2.01621492125261e-10	0	-5.27831232392564e-17
0	0	0	0	2.78191504011016e-10	0	-1.7357829881512e-17
0	0	0	0	2.70870946319279e-10	0	0
0	0	0	0	2.70461941058587e-10	0	-3.60937239147994e-15
0	0	0	0	2.21833035609755e-07	0	-8.18124408712883e-16
0	0	0	0	2.71210577500933e-10	0	-3.91903674866565e-18
0	0	0	0	2.70867109018722e-10	0	-275.41754746174
0	0	0	0	2.71017146924586e-10	0	67.8588743250172
0	0	0	0	2.23128595477489e-07	0	1.17891692622845e-19
0	0	0	0	2.32813291188641e-07	0	-0.0102276989115093
0	0	0	0	2.67181354822803e-10	0	-0.0907518519138664
0	0	0	0	2.72267178053221e-10	0	-4.69577613979628e-19
0	0	0	0	2.36601256336621e-10	0	-0.112959488120188
0	0	0	0	8.09171314203111e-07	0	0.0274767923797608
0	0	0	0	2.70815177603705e-10	0	0
0	0	0	0	2.71064493920532e-10	0	-0.828727422560844
0	0	0	0	2.71553221145503e-10	0	0.303866720724564
0	0	0	0	2.71313192669628e-10	0	-9.24039336401247e-08
0	0	0	0	2.71078897013392e-10	0	-9.92912667134149
0	0	0	0	2.71461571042132e-10	0	3.64067978045876
0	0	0	0	2.70913919413069e-10	0	3.6646561585481e-07
0	0	0	0	2.71045942312011e-10	0	-23.9665000896804
0	0	0	0	2.7123874985279e-10	0	12.8780270161162
0	0	0	0	2.7081343029899e-10	0	-1.35272845577001e-06
0	0	0	0	2.71383929397891e-10	0	-3.81000584982442
0	0	0	0	2.71551593333957e-10	0	3.35280514734776
0	0	0	0	2.70813695359568e-10	0	4.89360868566118e-06
0	0	0	0	2.25716101881689e-07	0	-2.7365136379823e-10
0	0	0	0	2.72046817675565e-10	0	5.59279158920561e-10
0	0	0	0	2.70813184159627e-10	0	-2.09624111186332e-05
0	0	0	0	2.7157761243874e-10	0	5.38893806915561e-09
0	0	0	0	2.71131058030262e-10	0	-1.30160121620661e-08
0	0	0	0	2.70812142748559e-10	0	6.07301004852904e-05
0	0	0	0	2.70814272714377e-10	0	-8.10178846864372e-08
0	0	0	0	2.70815676646725e-10	0	-1.44299996444662e-07
0	0	0	0	2.71147659498814e-10	0	-0.000221957990707611
0	0	0	0	2.70815745294444e-10	0	-1.82288725386105e-07
0	0	0	0	2.70814680669148e-10	0	-1.23911949326675e-07
0	0	0	0	2.22572536386281e-07	0	0.00119848275594632
0	0	0	0	2.70730052204648e-10	0	-3.07848905898185e-07
0	0	0	0	2.71000874225295e-10	0	-1.69080442543855e-07
0	0	0	0	2.71256557448011e-10	0	-0.000333531196407877
0	0	0	0	2.0983236752807e-07	0	0.000161388054885262
0	0	0	0	2.20099454182534e-07	0	7.42522402220831e-05
0	0	0	0	2.71316983699507e-10	0	9.90087420430074e-05
0	0	0	0	2.70283819468301e-10	0	0.000924400419910801
0	0	0	0	2.22439852462767e-07	0	0.000308793580446993
0	0	0	0	2.25908548308241e-07	0	-2.49664213973594e-05
0	0	0	0	2.27311275721781e-07	0	-4.66929574663619e-16
0	0	0	0	2.70819904003074e-10	0	1.43410297454724e-15
0	0	0	0	2.72270406089437e-10	0	-3.81478321064317e-17
0	0	0	0	7.86023383091811e-07	0	-2.46502440155368e-16
0	0	0	0	2.69492465982668e-10	0	-8.37282974850821e-17
0	0	0	0	2.14145600679342e-07	0	0
0	0	0	0	2.70750625422714e-10	0	2.12326513216813e-14
0	0	0	0	2.71086524624967e-10	0	4.81273429965525e-15
0	0	0	0	2.70912424599056e-10	0	9.57735710355582e-18
0	0	0	0	2.70936872195771e-10	0	75.2797794341364
0	0	0	0	2.71302484363264e-10	0	-18.5187830061198
0	0	0	0	2.71202302295042e-10	0	-3.2003037786765e-19
0	0	0	0	2.55703634206249e-07	0	-0.0179633624652242
0	0	0	0	2.70426809074885e-10	0	-0.0782966944369668
0	0	0	0	2.70907687133829e-10	0	1.27472172039096e-18
0	0	0	0	2.70038129100944e-10	0	-0.0479709881193524
0	0	0	0	2.2847037579576e-10	0	0.0124732119426276
0	0	0	0	2.70870972309373e-10	0	0
0	0	0	0	2.69687657597812e-10	0	-0.739988211356666
0	0	0	0	2.67512407787644e-10	0	0.271329013077657
0	0	0	0	2.70813253075154e-10	0	3.44520157637637e-07
0	0	0	0	2.09829249125019e-07	0	37.0343631853942
0	0	0	0	2.70512080546421e-10	0	-13.5792665041363
0	0	0	0	2.70813509860702e-10	0	-1.36633568257652e-06
0	0	0	0	2.09779711101136e-07	0	89.3919574452462
0	0	0	0	2.71618629471974e-10	0	-48.033381540685
0	0	0	0	2.70813411908495e-10	0	5.04353226603433e-06
0	0	0	0	2.15004339184553e-07	0	14.2108309291558
0	0	0	0	2.71701200541798e-10	0	-12.5055312162337
0	0	0	0	2.70813502854052e-10	0	-1.82454011358445e-05
0	0	0	0	2.71312240533776e-10	0	7.47134437082208e-10
0	0	0	0	2.71176941351369e-10	0	-1.54374573459849e-09
0	0	0	0	2.70813108246337e-10	0	7.81565556629345e-05
0	0	0	0	2.70953348938331e-10	0	-1.46955641882576e-09
0	0	0	0	2.7087306016688e-10	0	3.42964688569816e-09
0	0	0	0	2.70812291111502e-10	0	-0.000226426981711144
0	0	0	0	2.70773408346676e-10	0	2.17213628196083e-08
0	0	0	0	2.70862433436505e-10	0	3.86876624751996e-08
0	0	0	0	2.70896506232883e-10	0	0.00082755137074954
0	0	0	0	2.70634148058261e-10	0	4.88726787009543e-08
0	0	0	0	2.71068239844617e-10	0	3.32215256439172e-08
0	0	0	0	2.71202733990532e-10	0	-0.00446844037623084
0	0	0	0	2.70745125475667e-10	0	8.25363309293382e-08
0	0	0	0	2.70940349223701e-10	0	4.53315954967757e-08
0	0	0	0	2.70923683405407e-10	0	0.00123814522586537
0	0	0	0	2.70666995911345e-10	0	-0.00060246608551393
0	0	0	0	2.7119638709e-10	0	-0.000277138081809019
0	0	0	0	2.71316928529188e-10	0	-0.000346812328559268
0	0	0	0	2.70562171249285e-10	0	-0.00344789446604649
0	0	0	0	2.71557421356062e-10	0	-0.00115176026995546
0	0	0	0	2.25294244188705e-07	0	8.74487705936006e-05
0	0	0	0	2.66057704261533e-10	0	6.95137590349311e-16
0	0	0	0	2.66252911548288e-10	0	-3.78705595185681e-15
0	0	0	0	2.71304478567289e-10	0	8.614366486669e-17
0	0	0	0	2.34937192492193e-10	0	-1.60183074443575e-16
0	0	0	0	2.28975058079332e-10	0	-1.24181297012302e-16
0	0	0	0	2.70926739839067e-10	0	0
0	0	0	0	2.70821585393015e-10	0	-5.41378480613553e-14
0	0	0	0	2.70791431430699e-10	0	-1.22712455619752e-14
0	0	0	0	2.70813611684333e-10	0	-2.16271435382154e-17
0	0	0	0	2.71202327650656e-10	0	-19.5259581794632
0	0	0	0	2.22693632624224e-07	0	4.81645229235965
0	0	0	0	2.70813807139588e-10	0	7.47129978815238e-19
0	0	0	0	2.70424215671745e-10	0	-0.00639283113175075
0	0	0	0	2.67982215411834e-10	0	-0.0256414467099913
0	0	0	0	2.70811810672839e-10	0	-2.97591378136013e-18
0	0	0	0	2.70619103686392e-10	0	-0.0183403247173462
0	0	0	0	2.66240902342228e-10	0	0.00493652528832391
0	0	0	0	2.14494585879963e-07	0	0
0.0443548387096774	0	0	0	0.106823285328442	0	-0.243734482930486
0	0	0	0	2.56727757585086e-10	0	0.089369304259176
0	0	0	0	2.70813643062933e-10	0	-1.28567669624835e-06
0	0	0	0	2.69406765307216e-10	0	-138.208325921864
0	0	0	0	2.6699467861193e-10	0	50.6763861791051
0	0	0	0	2.70813448321588e-10	0	5.0988771118204e-06
0.0463709677419355	0	0	0	0.0448788920471749	0	-333.601329443706
0	0	0	0	2.70428675033755e-10	0	179.255499013224
0	0	0	0	2.70923834154971e-10	0	-1.88214005986629e-05
0	0	0	0	2.70984125742065e-10	0	-53.0333178201395
0	0	0	0	2.71020804561785e-10	0	46.669319677955
0	0	0	0	2.71202730206875e-10	0	6.80879958223975e-05
0	0	0	0	2.70882978829168e-10	0	-1.9025258348021e-09
0	0	0	0	2.70893721304748e-10	0	3.98068609601775e-09
0	0	0	0	2.70896294387012e-10	0	-0.000291663811381482
0	0	0	0	2.70812854166483e-10	0	4.54755989727672e-10
0	0	0	0	2.70814763567568e-10	0	-7.86314536094093e-10
0	0	0	0	2.7081208058861e-10	0	0.000844977825917735
0	0	0	0	2.70644384550796e-10	0	-5.86756654584935e-09
0	0	0	0	2.71009398617003e-10	0	-1.04506533727305e-08
0	0	0	0	2.70812944138547e-10	0	-0.00308824749066342
0	0	0	0	2.70039845720633e-10	0	-1.3201981550562e-08
0	0	0	0	2.19526186635759e-07	0	-8.97414635368906e-09
0	0	0	0	2.70813472990099e-10	0	0.0166752787402211
0	0	0	0	2.7055994318573e-10	0	-2.22967008326952e-08
0	0	0	0	2.71249066042113e-10	0	-1.22461189373782e-08
0	0	0	0	2.70813325763286e-10	0	-0.00461904970464185
0	0	0	0	2.70542887219687e-10	0	0.00224847628401906
0	0	0	0	2.7151536634323e-10	0	0.00103430008567106
0	0	0	0	2.70913913401451e-10	0	0.00128824057151785
0	0	0	0	2.7030021661581e-10	0	0.0128671774391156
0	0	0	0	2.2225646176411e-07	0	0.00429824749768402
0	0	0	0	2.7121294953442e-10	0	-0.000324828660806807
0	0	0	0	2.65687421735005e-10	0	-5.07825931201515e-15
0	0	0	0	2.70966138070624e-10	0	1.64358282176203e-14
0	0	0	0	2.70910081610222e-10	0	-1.19680604643686e-16
0	0	0	0	2.70126875734628e-10	0	-1.95049288831805e-15
0	0	0	0	5.29473736241676e-07	0	-7.91581027627574e-16
0	0	0	0	2.14494540228906e-07	0	0
0	0	0	0	2.70815452970695e-10	0	2.42360498010973e-13
0	0	0	0	2.7081472990677e-10	0	5.49350462182519e-14
0	0	0	0	2.70813905682163e-10	0	3.00468945612424e-17
0	0	0	0	2.13817086157922e-07	0	5.61454118556553
0	0	0	0	2.71504033545381e-10	0	-1.3795367546734
0	0	0	0	2.70814303331998e-10	0	-1.11931685094575e-18
0	0	0	0	2.70611265864771e-10	0	-0.00312405337758456
0	0	0	0	2.70159481160874e-10	0	-0.011486495478637
0	0	0	0	2.70812554977783e-10	0	4.45838145554554e-18
0	0	0	0	2.70809791632365e-10	0	-0.00721211700830984
0	0	0	0	2.70807825245027e-10	0	0.00196939238871759
0	0	0	0	2.14370139076149e-07	0	0
0	0	0	0	2.69596201529095e-10	0	-0.109896267740117
0	0	0	0	2.67241764141012e-10	0	0.0402953130626289
0	0	0	0	2.70813156174637e-10	0	4.79818662488503e-06
0	0	0	0	2.7055831759075e-10	0	515.798939947677
0	0	0	0	2.7005993640439e-10	0	-189.126277999317
0	0	0	0	2.70898490796695e-10	0	-1.90291727548873e-05
0	0	0	0	5.40015874426355e-10	0	1245.01335940557
0	0	0	0	2.72000569184684e-10	0	-668.988614014379
0	0	0	0	2.7157232070599e-10	0	7.02420700924027e-05
0	0	0	0	2.16607781600133e-07	0	197.922440176485
0	0	0	0	2.71914785402714e-10	0	-174.171747347194
0	0	0	0	2.22717132010112e-07	0	-0.000254106582021941
0	0	0	0	2.71136315831772e-10	0	3.37657043187094e-09
0	0	0	0	2.71112608335898e-10	0	-7.46739132914997e-09
0	0	0	0	2.71528059327166e-10	0	0.00108849868929717
0	0	0	0	2.70813160310785e-10	0	-1.90405154155127e-10
0	0	0	0	2.70854005187649e-10	0	1.01339106064567e-10
0	0	0	0	2.71056946840402e-10	0	-0.00315348432031203
0	0	0	0	2.7055697173327e-10	0	1.7489038579681e-09
0	0	0	0	2.71039954614356e-10	0	3.11495143905909e-09
0	0	0	0	2.71149341436123e-10	0	0.011525438585832
0	0	0	0	2.09120628649482e-07	0	3.93521869971662e-09
0	0	0	0	2.17933591912038e-07	0	2.67503443303324e-09
0	0	0	0	2.7086979615785e-10	0	-0.0622326745519784
0	0	0	0	2.7036562352313e-10	0	6.65152933816718e-09
0	0	0	0	2.7165791289505e-10	0	3.65355051276262e-09
0	0	0	0	2.70813467393316e-10	0	0.0172380535837047
0	0	0	0	2.70226346681448e-10	0	-0.00839143903880164
0	0	0	0	2.21696757271654e-07	0	-0.00386006225586357
0	0	0	0	2.70813642879504e-10	0	-0.00480614995500043
0	0	0	0	2.70576611468406e-10	0	-0.0480208152715043
0	0	0	0	2.71494318575433e-10	0	-0.0160412297145966
0	0	0	0	2.70813631422953e-10	0	0.00121186587200131
0	0	0	0	2.73789237149706e-10	0	1.37976349551149e-14
0	0	0	0	2.71127673253901e-10	0	-3.8279441113044e-14
0	0	0	0	2.70812567868559e-10	0	-3.03505666361615e-16
0	0	0	0	2.6981985813072e-10	0	-7.69940541314939e-16
0	0	0	0	4.2012036092263e-07	0	-2.93452209988171e-16
0	0	0	0	2.14370139084857e-07	0	0
0	0	0	0	2.70815449601813e-10	0	-5.71538431688763e-13
0	0	0	0	2.70814758637307e-10	0	-1.29548711179069e-13
0	0	0	0	2.70814293388089e-10	0	7.61978332503671e-17
0	0	0	0	2.70818467038851e-10	0	-1.72058121859266e-07
0	0	0	0	2.70823793285262e-10	0	5.50085915247488e-08
0	0	0	0	2.72269429726337e-10	0	-1.96496351994077e-05
0	0	0	0	2.70947095939533e-10	0	-186.146573511347
0	0	0	0	2.71105804125494e-10	0	68.2537436337782
0	0	0	0	2.71423007587095e-10	0	7.79286701440843e-05
0	0	0	0	2.71450001541111e-10	0	-449.312615260507
0	0	0	0	2.21055945261156e-07	0	241.431163349648
0	0	0	0	2.19656449953619e-07	0	-0.000287656808887684
0	0	0	0	2.17242310859936e-07	0	-71.4281886768981
0	0	0	0	2.71758829668897e-10	0	62.8568060412431
0	0	0	0	2.71591926851968e-10	0	0.00104062264118639
0	0	0	0	2.71460670309685e-10	0	1.45967815064917e-09
0	0	0	0	2.15993895793653e-07	0	-3.86254003788102e-09
0	0	0	0	2.20486996307824e-07	0	-0.00445764282048306
0	0	0	0	2.70814020589587e-10	0	7.51789966713978e-11
0	0	0	0	2.70942904437307e-10	0	-2.08981405431681e-11
0	0	0	0	2.71084487869375e-10	0	0.0129142155870927
0	0	0	0	2.7019447036135e-10	0	-6.31161685790183e-10
0	0	0	0	2.15716108309875e-07	0	-1.12415429888308e-09
0	0	0	0	1.60016497317915e-07	0	-0.0471992195026779
0	0	0	0	2.70168069244046e-10	0	-1.42091155270285e-09
0	0	0	0	2.18389225987951e-07	0	-9.66036160780055e-10
0	0	0	0	2.70757579803418e-10	0	0.254856563117588
0	0	0	0	2.70245258879061e-10	0	-2.4324744852749e-09
0	0	0	0	2.19251011631069e-07	0	-1.33799218436147e-09
0	0	0	0	2.70847958328977e-10	0	-0.0705935153506346
0	0	0	0	2.70604975399132e-10	0	0.0343648156557572
0	0	0	0	2.71302210010318e-10	0	0.0158078153179862
0	0	0	0	2.70955242106499e-10	0	0.0196817265186696
0	0	0	0	2.70789436714456e-10	0	0.196655888257058
0	0	0	0	2.7088568753161e-10	0	0.0656923931937684
0	0	0	0	2.70849110218453e-10	0	-0.00496272740651351
0	0	0	0	2.70969426356677e-10	0	2.62253186806963e-08
0	0	0	0	2.71258623883347e-10	0	-8.45749903617341e-09
0.0483870967741936	0	0	0	0.0188117195368405	0	0.00012157108548796
0	0	0	0	2.14839592267348e-07	0	30.0870236374559
0	0	0	0	2.71610942164057e-10	0	-11.031908668742
0	0	0	0	2.73333031915317e-10	0	-0.000482139893381423
0	0	0	0	2.71108654388e-10	0	72.6227672277134
0	0	0	0	2.7138211970646e-10	0	-39.0227173289873
0	0	0	0	2.70961660768417e-10	0	0.00177971499976337
0	0	0	0	2.71029557046442e-10	0	11.5449968191085
0	0	0	0	2.71096317854831e-10	0	-10.1595972037434
0	0	0	0	2.7095097522879e-10	0	-0.00643826833359488
0	0	0	0	2.71358219759043e-10	0	-9.14391197947872e-10
0	0	0	0	2.15274543779025e-07	0	2.25527115787132e-09
0	0	0	0	2.71386662136984e-10	0	0.0275791622032265
0	0	0	0	2.70766414260866e-10	0	-1.0676506006642e-11
0	0	0	0	2.7096250597444e-10	0	6.95394310187466e-12
0	0	0	0	2.68288693933944e-10	0	-0.0798994582443493
0	0	0	0	2.7015608024516e-10	0	1.02015143943349e-10
0	0	0	0	2.15557077667054e-07	0	1.81697929869049e-10
0.266129032258065	0.379743390655518	0.400327265264677	0.400327265264677	0.273270920900359	0	0.292018670617043
0	0	0	0	2.12123988433274e-07	0	2.3393971808917e-10
0	0	0	0	2.70941063058798e-10	0	1.59904680341247e-10
0	0	0	0	2.69873626826752e-10	0	-1.57678189478333
0	0	0	0	2.70640632596393e-10	0	6.07091564228274e-10
0	0	0	0	2.71142729555706e-10	0	3.46672614924615e-10
0	0	0	0	2.7150568829204e-10	0	0.436757668209689
0	0	0	0	2.70788724025554e-10	0	-0.212613012859971
0	0	0	0	2.70868006382096e-10	0	-0.0978019859941639
0	0	0	0	2.19299042932201e-07	0	-0.121769329553589
0	0	0	0	2.71279033637858e-10	0	-1.21669791492523
0	0	0	0	2.69328194797731e-10	0	-0.406434806169
0	0	0	0	2.71049018547688e-10	0	0.0307040130407734
0	0	0	0	2.71233533891816e-10	0	0.00319802086051317
0	0	0	0	2.23458866197299e-07	0	-0.000724884728377416
0	0	0	0	2.72287353511404e-10	0	-8.46894259541941e-06
0	0	0	0	2.73020246583505e-10	0	-5.66579631699207e-05
0	0	0	0	2.69422818304928e-10	0	-0.000219601599380323
0	0	0	0	3.29791925920412e-07	0	3.3732876069533e-05
0	0	0	0	6.15360057663433e-07	0	0.000139838816246462
0	0	0	0	6.56519364050588e-07	0	-3.3135401642023e-05
0	0	0	0	2.14021245601607e-07	0	0
0	0	0	0	2.71397514803273e-10	0	-0.0020926431570215
0	0	0	0	2.23395916844632e-07	0	0.000767302294308839
0	0	0	0	2.75775344146859e-10	0	-0.000345824154802868
0	0	0	0	2.71714374569125e-10	0	-7.34685880800476
0	0	0	0	2.26431329725965e-07	0	2.69384822974054
0	0	0	0	2.71684398516994e-10	0	0.00133834933029722
0	0	0	0	2.71643332431539e-10	0	-17.7335326985446
0	0	0	0	2.22835799030848e-07	0	9.52883868449868
0	0	0	0	2.70812467591491e-10	0	-0.00493213656722397
0	0	0	0	2.71070387127209e-10	0	-2.81913766837504
0	0	0	0	2.71191301337656e-10	0	2.48084114872218
0	0	0	0	2.71204779723211e-10	0	0.0178403675012529
0	0	0	0	2.7117324491887e-10	0	1.58400361525203e-10
0	0	0	0	2.71071333620651e-10	0	-4.0462355501533e-10
0	0	0	0	2.27171702555368e-07	0	-0.0764207903174087
0	0	0	0	2.70740536421584e-10	0	3.76731357388391e-12
0	0	0	0	2.70931058984427e-10	0	1.11554893826857e-12
0	0	0	0	2.7092896273326e-10	0	0.221398215245755
0	0	0	0	2.69960554200537e-10	0	-2.49107404440449e-11
0	0	0	0	2.17184659497181e-07	0	-4.43682010823768e-11
0	0	0	0	1.12382373695683e-07	0	-0.809172070230178
0	0	0	0	2.69916175877135e-10	0	-6.75505082211276e-11
0	0	0	0	2.20445753315838e-07	0	-4.82211395677621e-11
0	0	0	0	4.30446345289806e-10	0	4.36919962197762
0	0	0	0	2.66077633783144e-10	0	-1.11056936506659e-09
0	0	0	0	2.10015770093645e-07	0	-6.7587328719159e-10
0	0	0	0	2.28172241458264e-07	0	-1.21038937556675
0	0	0	0	2.57563138315912e-10	0	0.589135562615348
0	0	0	0	3.01696774306487e-10	0	0.271002359108814
0	0	0	0	2.71630128940648e-10	0	0.338044129479581
0	0	0	0	2.7031159944996e-10	0	-46.1060869699323
0	0	0	0	2.70827838585955e-10	0	-17.0155371950378
0	0	0	0	2.71292588862874e-10	0	-0.0874703034214625
0	0	0	0	2.88033246422745e-10	0	1.05180614858824
0.981854838709677	0.998204184722155	1	1	0.99999967539726	0	5.93350656186666
0	0	0	0	2.70909396916579e-10	0	0.00900871347199019
0	0	0	0	3.3431295771307e-10	0	-0.067117488012279
0.00403225806451613	0.000691461882591245	0.00597900267559718	0.00597900267559717	0.00101536812443422	0	0.0440120709497493
0	0	0	0	2.70815207956131e-10	0	0
0	0	0	0	2.72568942212392e-10	0	77.1345128629624
0	0	0	0	2.64193601130998e-10	0	17.4838229150345
0	0	0	0	2.70814159142426e-10	0	-0.00677227032471973
0	0	0	0	2.71264930338189e-10	0	0.00739791215456566
0	0	0	0	2.24288909653359e-07	0	-0.00167686008827097
0	0	0	0	2.75378675608416e-10	0	2.27451652524607e-06
0	0	0	0	2.71125685106605e-10	0	-0.00039850119924106
0	0	0	0	2.67034971241034e-10	0	-0.000437574908964703
0.0504032258064516	0	0	0	0.00502849256578734	0	-9.05968876277496e-06
0	0	0	0	2.33746184007742e-10	0	0.000347504181641801
0	0	0	0	2.13931474414964e-10	0	-0.000121173225598188
0	0	0	0	2.70870936919264e-10	0	0
0	0	0	0	2.7102676836523e-10	0	-0.00495097078724431
0	0	0	0	2.71419745897783e-10	0	0.00181535603854363
0	0	0	0	2.75433027601895e-10	0	9.28600337479443e-05
0	0	0	0	2.16001965024185e-07	0	1.96858463650916
0	0	0	0	2.72049026206435e-10	0	-0.721814366797021
0	0	0	0	2.70914157936448e-10	0	-0.000359369204480806
0	0	0	0	2.71120930944486e-10	0	4.75168516520947
0	0	0	0	2.71424679595894e-10	0	-2.55324430775261
0	0	0	0	2.71241894850052e-10	0	0.00132436080900435
0	0	0	0	2.71106404555492e-10	0	0.755385566275182
0	0	0	0	2.71169198321211e-10	0	-0.664739298447278
0	0	0	0	2.72362615840208e-10	0	-0.00479043567841613
0	0	0	0	2.72160196832076e-10	0	-2.79607325864313e-11
0	0	0	0	2.18500727342968e-07	0	7.97360166876027e-11
0	0	0	0	2.6716188931487e-07	0	0.0205202544033525
0	0	0	0	2.73193951069554e-10	0	-1.67311872672134e-12
0	0	0	0	2.7018543044847e-10	0	-1.90830568857191e-12
0	0	0	0	2.73738374263541e-10	0	-0.059449106480862
0	0	0	0	2.35789286103313e-07	0	6.67474496589498e-12
0	0	0	0	2.01084993821429e-07	0	1.18882572289145e-11
0	0	0	0	2.71209463952232e-10	0	0.217276171404132
0	0	0	0	2.70987231277001e-10	0	6.0102432263608e-11
0	0	0	0	2.70677567500272e-10	0	4.98830765060932e-11
0	0	0	0	2.71385456444062e-10	0	-1.17320283396712
0	0	0	0	2.54455274610536e-10	0	-5.62316832874714e-10
0	0	0	0	3.05726998712528e-10	0	-3.73875745190638e-10
0	0	0	0	2.71354400183935e-10	0	0.332677947527599
0.94758064516129	0.884062680815905	0.979367492191812	0.979367492191812	0.999936430517834	0	-1.97654851721536
1	1	1	1	1	1	-0.909212317640358
0	0	0	0	2.7252680241411e-10	0	-0.122500694692903
0	0	0	0	2.6100020957776e-10	0	-1.94133894282479
0	0	0	0	2.96298141933454e-10	0	-0.342868557030695
0	0	0	0	2.48865723511123e-07	0	0.0321150729994961
0	0	0	0	2.91132749303134e-10	0	-0.125690460734528
0	0	0	0	2.78766213302626e-10	0	-1.10085717499511
0	0	0	0	2.72389506182117e-10	0	-0.00494913038097889
0	0	0	0	1.63068379645932e-10	0	-0.361368067556133
0.0060483870967742	0	0	0	2.06883092079981e-10	0	0.114670137346898
0	0	0	0	2.70870946283366e-10	0	0
0	0	0	0	2.55199013021723e-07	0	-14.5603457451536
0	0	0	0	2.68542037106648e-10	0	-3.30034503569354
0	0	0	0	2.70812996399057e-10	0	0.0177210723168376
0	0	0	0	2.13904691340484e-07	0	-1.51090743665722e-08
0	0	0	0	2.70469764350722e-10	0	-1.10636601014401e-08
0	0	0	0	2.72234902331466e-10	0	1.7478859596501
0	0	0	0	2.70830574599287e-10	0	-380.107046428454
0	0	0	0	2.70792187956878e-10	0	-174.849241345906
0	0	0	0	1.80631715466938e-10	0	-6.67217391483293
0	0	0	0	6.34038159765575e-09	0	-2228.41884895688
0	0	0	0	2.7101451920267e-10	0	-746.133596027481
0	0	0	0	2.70459145237741e-10	0	1.81371325882865
0	0	0	0	2.65803917738166e-10	0	-1.76730561576929
0	0	0	0	2.70233098154337e-10	0	5.48380641259956
0	0	0	0	2.71270334402211e-10	0	-0.529880294643703
0	0	0	0	2.70642170218882e-10	0	0.0371631349831313
0	0	0	0	2.33046934207779e-10	0	-0.0054819663280246
0	0	0	0	2.69696774594323e-10	0	0
0	0	0	0	2.70812689647498e-10	0	81.1254121259397
0	0	0	0	2.70825275988305e-10	0	18.3884267471792
0	0	0	0	4.14049958165455e-10	0	3.32445696878706
0	0	0	0	2.70815014655331e-10	0	-0.307413215441165
0	0	0	0	2.70814088540238e-10	0	0.0696803288352828
0	0	0	0	2.70912817456126e-10	0	-2.78292083981113e-07
0	0	0	0	2.75985553562653e-10	0	0.183061116819693
0	0	0	0	2.66312013926423e-10	0	-0.0256624583152379
0	0	0	0	2.721732242424e-10	0	1.1084727844509e-06
0	0	0	0	5.00627997849915e-07	0	-0.00156369066415768
0	0	0	0	1.49669779149396e-10	0	-0.128201754260717
0	0	0	0	2.70815204234209e-10	0	0
0	0	0	0	2.70825809386035e-10	0	0.274292540461493
0	0	0	0	2.70843675209418e-10	0	-0.100573931501055
0	0	0	0	2.25905399190881e-07	0	-1.03985934313992e-05
0	0	0	0	2.71089438063386e-10	0	-0.00252382644881689
0	0	0	0	2.71423917635534e-10	0	0.000925403030172572
0	0	0	0	2.28158122269664e-07	0	4.01502994992898e-05
0	0	0	0	2.71825604784388e-10	0	-0.00609190407942215
0	0	0	0	2.24567749560964e-07	0	0.00327339014953338
0	0	0	0	2.26167444494042e-07	0	-0.000147940290759826
0	0	0	0	2.71239784446844e-10	0	-0.000968443038155585
0	0	0	0	2.71430885905547e-10	0	0.00085222987359552
0	0	0	0	2.7125929798043e-10	0	0.000535119039279805
0	0	0	0	2.21726971408822e-07	0	-5.41104695788869e-14
0	0	0	0	2.71610437145927e-10	0	7.59336586081856e-14
0	0	0	0	2.70812988244909e-10	0	-0.00229222752862623
0	0	0	0	2.71515149427628e-10	0	6.26748009393955e-15
0	0	0	0	2.70989392096934e-10	0	1.24434912563727e-14
0	0	0	0	2.70809357744754e-10	0	0.00664079842896353
0	0	0	0	2.71312788608045e-10	0	-7.08109340524209e-15
0	0	0	0	2.70452752383282e-10	0	-1.16613801223442e-14
0	0	0	0	2.74934423914824e-10	0	-0.0242709661742764
0	0	0	0	2.15234455863053e-07	0	-1.11920391204738e-09
0	0	0	0	2.70320998043858e-10	0	-9.84900149123494e-10
0.0544354838709677	0	0	0	0.0113747687720974	0	0.131053332283642
0	0	0	0	2.70324971278313e-10	0	1.51061253446976e-08
0	0	0	0	2.18675357509259e-07	0	9.94778722933767e-09
0	0	0	0	2.76025126047926e-10	0	-0.436971490124968
0	0	0	0	2.70672892036996e-10	0	95.0267617317827
0	0	0	0	2.71127228515494e-10	0	43.712310389565
0	0	0	0	2.7036106313343e-10	0	1.668043479524
0	0	0	0	2.70799583120081e-10	0	554.106363143905
0	0	0	0	2.70861810812947e-10	0	185.434004330766
0	0	0	0	2.70575104478923e-10	0	-0.453428314918781
0	0	0	0	2.70801903354056e-10	0	0.379270259241669
0	0	0	0	2.70662767701543e-10	0	-1.05053108822583
0	0	0	0	2.70890913110352e-10	0	0.13247007368583
0	0	0	0	2.6920812487065e-10	0	-0.238663910708694
0	0	0	0	7.75739817133816e-07	0	-0.0858783107764112
0	0	0	0	2.70815157776854e-10	0	0
0	0	0	0	2.7081481820198e-10	0	-15.6873489542351
0	0	0	0	2.70817140467081e-10	0	-3.55579909617996
0	0	0	0	2.7119389888689e-10	0	-0.83111424259526
