FW_Default	FW_LBM	FW_QBM	FW_NM	Direct	interior-point-convex	active-set
0	0.00749195211973633	0.0219170346792105	0.0219170346792105	3.58981465646497e-13	1	9.45803084738471e-11
0	0	0	0	3.74725645158267e-13	0	-2.80923839685505e-11
0	0	0	0	3.65050360083463e-13	0	8.03340797780306e-12
0	0	0	0	3.62479108994322e-13	0	1.88727499242268e-08
0.0118802395209581	0.408786742476591	0.0103583582052619	0.0103583582052619	3.41262400849812e-13	0	1.16994730212745e-08
7.98403193612775e-06	0.00555924778157403	5.04754166125205e-05	5.04754166125579e-05	5.20708001786508e-06	0	-5.78156352058961e-12
0	0	0	0	3.59024995291548e-13	0	1.26944507779742e-09
0	0	0	0	3.59483484668209e-13	0	-1.28897720569042e-08
0	0	0	0	3.59666045324418e-13	0	1.41378404009125e-09
0	0	0	0	3.7199442095936e-13	0	2.29900336115039e-11
0	4.8315814166518e-05	0	0	3.89650316034628e-13	0	-2.50853964450389e-11
0.00162075848303393	0.00749195211973633	0.0219170346792105	0.0219170346792105	0.00118597834553162	1	1.63081045099758e-09
0	0	0	0	3.62215053188788e-13	0	4.09412420155455e-11
1.59680638722555e-05	0.00559421160409965	2.79475813507593e-06	2.79475813507484e-06	1.56742523576704e-06	0	-2.50505078703922e-11
0.00277045908183633	0.000585248888056147	0	0	4.76785442635809e-12	0	1.95425564503028e-09
0	0	0	0	3.59159625757902e-13	0	6.40234270088151e-11
2.39520958083832e-05	0.00562939532488015	2.12138248867124e-06	2.12138248867074e-06	1.65637808301054e-06	0	-2.50864277881092e-11
0.00273852295409182	0.00126739120651382	0	0	0.0011768878389665	0	2.24456829857712e-09
0	0	0	0	3.58981465646555e-13	0	-3.8287252508379e-11
0	0	0	0	3.74725645158322e-13	0	-2.80928331760461e-11
0	0	0	0	3.51133205166714e-13	0	2.06826543247724e-11
0.00203592814371257	0.000361144084367654	0	0	0.000601114240845079	0	1.11932267074979e-10
0	0	0	0	3.59134067154904e-13	0	-5.85654248400354e-09
0	0	0	0	3.70826273784226e-13	0	7.00552553898352e-12
0	0	0	0	3.60174366695453e-13	0	-4.24051899085002e-10
0	0	0	0	3.79331664383194e-13	0	-4.35382942327109e-09
0	0	0	0	3.578124051205e-13	0	1.62073657112629e-09
0	0	0.201574902322603	0.201574902322603	0.222409083946251	0	-2.80711856205349e-11
0	0	0	0	3.53390297116823e-13	0	-4.9453372226528e-09
0	0	0	0	3.45014490717701e-13	0	1.34099884922291e-09
0	0	0	0	3.48316255291878e-13	0	3.23501440559441e-11
0	0	0	0	1.07834585209687e-12	0	-4.43761574915832e-09
0	0	0	0	3.52118483251139e-13	0	1.40477919241824e-09
0	0	0	0	3.71587534916722e-13	0	-1.53206134935783e-10
0.169013972055888	0.184417132069294	0.147112428899079	0.147112428899079	0.141766950038022	1	-5.84577597697958e-09
0	0	0	0	3.49776304564164e-13	0	1.78641527776838e-11
0	0	0	0	3.59005719144239e-13	0	9.79372364243288e-10
0	0	0	0	3.55859734223215e-13	0	-1.47778085216304e-08
0	0	0	0	3.68741443102984e-13	0	2.22742815968006e-11
0.00165269461077844	0.000444155281245176	0.00682996408615136	0.00682996408615135	0.000755807551276874	0	-6.06841677116575e-09
0.0351137724550898	0.0100082946242332	0.000681990100675002	0.000681990100675003	3.48342589991836e-13	0	-1.49878221690777e-08
0	0	0	0	3.52125297648484e-13	0	1.43520035804925e-09
0	0	0	0	3.59037389618815e-13	0	-5.71389908759347e-08
0	0	0	0	3.58646291784083e-13	0	3.36499459149644e-09
0	0	0	0	3.58981466229233e-13	0	2.19237932268902e-09
0	0	0	0	3.6035743807362e-13	0	8.44883325897077e-10
0.124766467065868	0.0759875440892908	0.000706268554133648	0.000706268554133651	3.45499778197439e-13	0	-1.5059362100519e-08
0	0	0	0	3.7858028904968e-13	0	3.79017917904908e-09
0	0	0	0	3.58981466247327e-13	0	5.23707494074618e-08
0	0	0	0	3.58981466018444e-13	0	4.94028119519109e-10
0	0	0	0	3.58981466229808e-13	0	-2.44591057012289e-10
0	0	0	0	3.58903110711581e-13	0	2.94180601834469e-09
0.0353612774451098	0.0105172758047665	0.000772099746237733	0.00077209974623774	3.47990020792313e-13	0	-1.49976616309246e-08
0	0	0	0	3.57117017975167e-13	0	3.25311025858154e-09
0	0	0	0	3.60218610365274e-13	0	-5.72943394027369e-10
0.0661077844311378	0.0115979894527806	0.00137902211792375	0.00137902211792375	0.000470875388570323	0	-1.48843597633615e-08
0	0	0	0	2.0709559265435e-07	0	1.18574799509629e-10
0	0	0	0	3.64465438613617e-13	0	4.84223927859608e-11
0	0	0	0	3.53227957941575e-13	0	-3.72544480076916e-09
0	0	0	0	3.65052376968598e-13	0	3.9886282729681e-11
0	0	0	0	3.58988178252921e-13	0	-3.12312524589345e-10
0	0	0	0	3.53312781463477e-13	0	-1.12943534407875e-11
0.00158882235528942	0.00114249023984245	0.0166937463042563	0.0166937463042562	0.00167883605993241	0	4.49991863020391e-10
0.00173253493013972	0.00034133025121712	1.02623202857285e-05	1.02623202857295e-05	0.000979218446893725	0	-2.15249325368905e-10
0	0	0	0	3.53218607540185e-13	0	-4.44630026971385e-09
0	0	0	0	3.58524477696733e-13	0	3.80586761010592e-09
0	0	0	0	3.58995591252049e-13	0	3.30173791036035e-09
0	0	0	0	3.5914030323101e-13	0	-2.45659034412345e-11
0	0	0	0	3.5891076053553e-13	0	-1.19715038486814e-08
0.0020439121756487	0.000365701062450534	0	0	0.000677886049216613	0	-6.35458812523449e-11
0	0	0	0	3.59145332173423e-13	0	-4.09845709375009e-09
0	0	0	0	3.54892859845271e-13	0	2.33882914896665e-10
0.0100518962075848	0.00536660906443243	0.014238698111588	0.014238698111588	0.00671487787472731	0	8.60903938348542e-11
0	0	0	0	3.57276351504702e-13	0	-3.94484997232966e-09
0.000159680638722555	0.000122734839192299	2.05675546043775e-05	2.05675546043773e-05	4.0276046552327e-13	0	4.50180401500688e-11
0	0	0	0	3.59052696760494e-13	0	-3.62805826958329e-10
0	0	0	0	3.57291576789438e-13	0	3.07072332724387e-10
0	0	0	0	3.57731252253857e-13	0	7.30072810553867e-10
0	0	0	0	3.58987475312781e-13	0	1.93619916361078e-09
0	0	0	0	3.33164439790324e-13	0	-4.86173999062874e-09
0.000351297405189621	0.000154860039032071	0.000425862722982525	0.000425862722982527	3.56277447692816e-13	0	3.83235530767397e-09
0	0	0	0	3.58721349612065e-13	0	-2.8424648024332e-08
0	0	0	0	3.57325874918695e-13	0	1.69171122975625e-09
0	0	0	0	3.58925307327165e-13	0	1.06237963218389e-07
0.00176447105788424	0.00037264456982694	0	0	0.000450387489452488	0	-4.07060778114158e-11
0.00175648702594811	0.00125947001147311	0	0	0.00160887254016319	0	-3.70201431759395e-09
0	0	0	0	3.54900335062027e-13	0	3.03078993407678e-10
0	0	0	0	3.58981465639809e-13	0	4.84862534595829e-09
0	0	0.00119434442425498	0.00119434442425498	3.6662092575069e-13	0	-1.13067241888546e-08
0	0	8.18233774724952e-06	8.18233774725068e-06	3.70299207746688e-13	0	3.19990394186095e-11
0	0	0	0	3.58981466233391e-13	0	2.18473375184996e-08
0.00755289421157685	0.00239496294312724	0.000673586052606936	0.00067358605260694	3.62301779432022e-13	0	-1.17488097026848e-08
0	0	0	0	3.59015437138315e-13	0	-2.15335624274425e-09
0	0	0	0	3.62953123007448e-13	0	5.42308550036773e-08
0	0	0	0	3.63393345783342e-13	0	2.2229537231062e-08
0	0	0	0	3.26580050959588e-13	0	3.70434994925029e-10
0	0	0	0	3.59319673781006e-13	0	2.57917400539957e-08
0	0.0188610202304702	0.000671005726310965	0.000671005726310964	3.62670270220179e-13	0	-1.23135438491553e-08
0	0	0	0	3.58774078451909e-13	0	3.53146421802998e-09
0	0	0	0	3.59427688242011e-13	0	-2.77116202859914e-09
0	0	0	0	0.000166247930947435	0	7.32998313840939e-09
0	0	0	0	3.58947769584691e-13	0	-2.80101897559066e-07
0	0	0	0	3.5986980752953e-13	0	1.03081377360776e-07
0	0	0	0	3.57334604027758e-13	0	9.23183132208801e-09
0	0	0	0	3.58977755899131e-13	0	-8.33236638852032e-07
0	0	0	0	3.58981465869771e-13	0	4.74399285930275e-10
0	0	0.000935217154208985	0.000935217154208986	3.62410314419178e-13	0	-1.23500429895149e-08
7.18562874251497e-05	0	0	0	3.4773515048045e-13	0	1.42870738125096e-10
0	0	0	0	3.58616110646068e-13	0	4.15797928391018e-10
0	0	0	0	3.57339283973716e-13	0	-4.64194034128874e-09
0	0	0	0	3.74205883556524e-13	0	1.22218166395815e-11
0	0	0	0	5.99540454656579e-13	0	-3.30446495877526e-08
0.00773652694610779	0.00244835942381286	0.000116892142365706	0.000116892142365707	0.00110288101516301	0	-6.24972699348604e-09
0	0	0	0	3.7779079271978e-13	0	3.24333753176309e-09
0	0	0	0	3.59347566635322e-13	0	-1.06742276400569e-07
0	0	0	0	3.57728142303244e-13	0	3.5658125350831e-09
0.0425788423153693	0.0239814640749469	0.0338157884747665	0.0338157884747665	0.037231363002713	1	3.26933984565701e-09
0	0	0	0	3.5898146624304e-13	0	-5.19344981585526e-09
0	0	0	0	3.58996677905746e-13	0	-4.60378710862788e-08
0	0	0	0	3.71341746572921e-13	0	3.25228313234033e-09
0	0	0	0	3.59077977055367e-13	0	9.87084330908653e-09
0	0	0	0	3.58099513203387e-13	0	5.72706723604904e-09
0	0	0	0	3.57627687977902e-13	0	3.07830263479331e-08
0	0	0	0	3.58981466015316e-13	0	4.02169174684189e-11
0	0	0	0	3.51421805448853e-13	0	-6.21948124529391e-09
0	0	0	0	3.5120148865642e-13	0	1.1929424659288e-10
0	0	0	0	3.58981465858255e-13	0	6.23328196108225e-10
0	0	0	0	3.53093551456954e-13	0	-1.5875830772159e-09
0	0	0	0	3.74200681817497e-13	0	1.33189243678273e-11
0	0	0	0	3.58576767733725e-13	0	-1.00033450677259e-08
0	0	0	0	3.55185378989094e-13	0	-1.46250102593575e-08
0	0	0	0	3.58993951705713e-13	0	1.66774301238013e-09
0	0	0	0	3.56106536864471e-13	0	5.48748595204173e-08
0.00647504990019959	0.00726995829968547	2.21240925167913e-05	2.21240925167928e-05	0.00122177597310618	0	8.83755699058831e-08
0	0	0	0	3.31585786658956e-13	0	-2.36616802156314e-10
0	0	0	0	3.59178348681663e-13	0	5.11034252647098e-10
0	0	0	0	3.58223297286186e-13	0	-1.02240349364572e-06
0	0	0	0	3.15235861183768e-13	0	1.11136672553411e-09
0	0	0	0	0.015724322540075	0	-4.19248187841681e-08
0.0052375249500998	0.00490545795174374	1.56195655178084e-05	1.56195655178088e-05	0.0014380724567288	0	1.03756475276359e-07
0	0	0	0	3.5897778953413e-13	0	-9.58736139468539e-10
0	0	0	0	3.59201631681842e-13	0	4.30131046256125e-10
0	0	0	0	3.56518647405581e-13	0	-1.95997955947743e-08
0	0	0	0	3.47538552842163e-13	0	1.23932657653497e-10
0	0	0	0	3.60592390677689e-13	0	1.97950373770929e-09
0	0	0	0	3.58709712891649e-13	0	-6.45630341412709e-09
0	0	0	0	3.59132153280334e-13	0	2.12425955942173e-09
0	0	0	0	3.65373325958691e-13	0	-2.81093018764303e-10
0	0	0	0	3.291632510199e-13	0	-4.90995791006246e-09
0	0	0	0	3.580034110371e-13	0	2.41526905983668e-09
0	0	0	0	3.58981466316045e-13	0	-3.52375228415146e-09
0	0	0	0	3.57423004973919e-13	0	6.02576996844008e-10
0	0	0	0	3.59511057313391e-13	0	2.71204862157827e-09
0	0	0	0	3.58862633812602e-13	0	4.32856696314602e-10
0	0	0	0	3.58709712878751e-13	0	-4.17140067520152e-08
0.00419161676646707	0.00278505029878969	1.48354337813532e-05	1.48354337813528e-05	0.00138366047817083	0	2.4988010524642e-09
0	0	0	0	3.65697598582134e-13	0	-1.93330108575009e-09
0	0	0	0	3.59267239575422e-13	0	8.10699205738041e-09
0	0	0	0	3.58397493988344e-13	0	1.96740437793932e-09
0.00207584830339321	0.00847051441344448	0.0149796733770842	0.0149796733770842	0.00111848200022868	0	3.18475861260783e-10
0	0	0	0	3.54563993253436e-13	0	-3.89574844248245e-08
0.000143712574850299	0.000211915897949154	3.00406969385728e-05	3.00406969385723e-05	3.59659663236891e-07	0	7.76111100803275e-11
0	0	0	0	3.58981466299472e-13	0	9.93759818880682e-10
0	0	0	0	3.57591067348953e-13	0	-9.30155573692876e-09
0	0	0	0	3.59228277922827e-13	0	-3.09105896286019e-09
0	0	0	0	3.5898187582372e-13	0	4.87149979602319e-09
0	0	0	0	3.58657820789773e-13	0	6.74003355521966e-08
0	0	0	0	3.57285671124097e-13	0	3.5357203092255e-09
0	0	0	0	3.58981466310649e-13	0	-4.87690516573553e-09
0	0	0	0	3.56281557171113e-13	0	-7.32203533966822e-07
0	0	0	0	3.47633585410571e-13	0	1.3545520387989e-10
0	0	0	0	3.65609001644292e-13	0	1.44497825865751e-09
0.0278802395209581	0.0274644267078974	0.00812405757340617	0.00812405757340617	0.00120261168665565	0	-5.89220225209648e-09
0	0	0	0	3.49039749892703e-13	0	7.84286790907804e-11
0.00502195608782435	0.00353288445314606	0	0	0.00146395224115159	0	3.27517577770219e-07
0.0211177644710579	0.0391380987466875	0.000836828226134544	0.000836828226134547	6.19674535819059e-13	0	-1.17070394710713e-08
0	0	0	0	3.58965737797087e-13	0	-4.2584159140647e-09
0	0	0	0	3.62942731871167e-13	0	-3.19979785353302e-09
0.0240878243512974	0.0316535453209335	0.00063327014054584	0.000633270140545843	1.91123705101995e-06	0	-1.18835114814159e-08
0	0	0	0	3.58996808588521e-13	0	-1.54054675193704e-07
0	0	0	0	3.60757125908593e-13	0	8.97820455348167e-08
0	0	0	0	3.1435895817566e-13	0	3.08983341340918e-07
7.98403193612775e-06	4.71191957216121e-05	1.70882876799179e-06	1.70882876799202e-06	3.49879880983224e-13	0	-5.75589048039683e-10
0.00487824351297405	0.00344947277158557	0	0	0.00737345382438663	0	5.70619043577278e-11
0	0	0	0	3.57319148407943e-13	0	-7.09174882009945e-09
0.00279441117764471	0	0	0	0.00247483522205986	0	1.51789692923334e-09
0	0	0	0	3.59993441928879e-13	0	8.50611993223253e-10
0	0	0	0	3.5889253434894e-13	0	-1.13484026352234e-08
0	0	0	0	3.58925745368549e-13	0	8.81324442605663e-10
0	0	0	0	3.5693186061053e-13	0	1.97820621590651e-09
0.00174051896207585	0.00210999515585127	0	0	0.00315835997954075	0	1.85156554589824e-09
0	0	0	0	3.71826385148336e-13	0	3.20267671688735e-10
0.00241117764471058	0.00113183032530848	0.0247305374298286	0.0247305374298286	0.00203766557935001	0	-8.12385401879293e-09
0	0	0	0	2.64465835326568e-13	0	2.14500391984649e-09
0	0	0	0	3.5678271269919e-13	0	1.7403266146369e-09
0	0	0	0	3.59519250862521e-13	0	6.35708072661967e-10
0	0	0	0	3.57317512187274e-13	0	-7.10156759783895e-09
0.00229940119760479	0.00737373588795557	0.0115435587746265	0.0115435587746266	0.0024360171316007	0	2.71321139808666e-09
0	0	0	0	3.59403121466184e-13	0	-5.13886717260899e-10
0	0	0	0	3.58873484216953e-13	0	-1.288465261909e-08
0.00230738522954092	0.00226002820691551	0.0274715372773598	0.0274715372773598	0.00289370091057005	0	3.64929801666673e-09
0	0	0	0	3.59274838300541e-13	0	9.25629861801366e-10
0	0	0	0	3.59274838297303e-13	0	2.27090189510058e-10
0	0	0	0	3.59081398341457e-13	0	1.98288908246825e-09
0	0	0	0	3.65367242958658e-13	0	-8.7452213480279e-10
0	0	0	0	4.59658810234199e-13	0	-5.60173941807975e-09
0.0020998003992016	0.00710638800262751	0	0	1.82502461837712e-11	0	1.49425846635562e-09
0.00478243512974052	0.00195478251686842	7.7078287281614e-05	7.70782872816139e-05	0.00322899158793941	0	5.02053970111299e-10
0	0	0	0	3.58997619077488e-13	0	2.13663939823096e-09
0.759385229540917	0.802367483184938	0.851370469815963	0.851370469815962	0.857627392211891	0	-5.31359273677245e-11
0	0	0	0	3.59765968378565e-13	0	-7.4649208554409e-09
0	0	0	0	3.10467230626945e-13	0	9.82299072496854e-10
0	0	0	0	3.59274838185071e-13	0	2.66038458582286e-10
0.00236327345309381	0.000937799461382922	0	0	0.00313700269238819	0	2.13070453996357e-09
0	0	0	0	3.63942943805977e-13	0	1.25781502447835e-10
0	0	0	0	2.09891050886696e-12	0	-5.74596798069198e-09
0	0	0	0	3.56467665832522e-13	0	1.13520408684023e-09
0	0	0	0	2.08855681995057e-13	0	9.20625025891724e-10
0	0	0	0	3.58560799394063e-13	0	-1.3511991297261e-09
0	0	0	0	2.52097645615069e-13	0	-1.1327125131448e-08
0	0	0	0	3.56134122858242e-13	0	2.24607291059051e-09
0	0	0	0	3.59190968756226e-13	0	5.09641477685015e-09
0	0	0	0	3.59589728231033e-13	0	5.35192035955591e-08
0	0	0	0	3.58564082315597e-13	0	2.68735304705577e-07
0	0	0	0	3.58984695523765e-13	0	2.89957171871642e-09
0	0	0	0	3.55463737466488e-13	0	-1.47948081587975e-08
0	0	0	0	3.53851950585637e-13	0	4.21788701458099e-10
0	0	0	0	3.58982805958221e-13	0	-8.64887138396537e-10
0	0	0	0	3.5919096875747e-13	0	5.19404011085308e-09
0.00534930139720559	0.00133188971190847	0.0258549462280801	0.02585494622808	0.00318887039474531	0	2.05897305982091e-09
0	0	0	0	3.78489259192049e-13	0	-7.06641378447433e-09
0.0350179640718563	0.0100065793348124	0.000717786352666533	0.000717786352666537	4.71905961151955e-13	0	-1.49966927072322e-08
0	0	0	0	3.59103573384264e-13	0	2.94454853011329e-09
0	0	0	0	3.59190968757883e-13	0	5.22729561489481e-09
0	0	0	0	3.58997619072102e-13	0	9.98132207679771e-10
0	0	0	0	3.59034854205418e-13	0	8.32029596887754e-08
0	0	0	0	3.57316908143087e-13	0	2.68743227946179e-07
0	0	0	0	3.77410595706649e-13	0	9.72939639578881e-10
0.131065868263473	0.0807500116011952	0.000708938441996058	0.000708938441996071	3.45305941128185e-13	0	-1.50659914813265e-08
0	0	0	0	3.58528541178084e-13	0	3.7994183134031e-09
0	0	0	0	3.58982805947264e-13	0	-8.47111993357877e-10
0	0	0	0	3.59190968757483e-13	0	5.19861400764926e-09
0	0	0	0	3.58889960303381e-13	0	1.27827884092922e-09
0	0	0	0	3.70293247438245e-13	0	3.47444096928096e-09
0.0352734530938124	0.0105121401771025	0.000804915290116581	0.00080491529011659	3.79755051870028e-13	0	-1.50064889446012e-08
0	0	0	0	0.00168447706078864	0	3.35117652245173e-09
0	0	0	0	0.00298874677666017	0	5.14594537016569e-09
0	0	0	0	3.58453069320519e-13	0	1.12917773829595e-07
0	0	0	0	3.60045218963244e-13	0	2.68737408990131e-07
0.00206786427145709	0.000370315541265522	0	0	0.000124705203862659	0	-1.50300194762014e-09
0.0716007984031936	0.0132153847457687	0.00151710128495803	0.0015171012849581	0.000605657750087166	0	-1.48982984704017e-08
0	0	0	0	3.58388726980589e-13	0	1.25216285367996e-09
0	0	0	0	3.58982805958024e-13	0	-8.38507797178441e-10
0.00520558882235529	0.0023459573596493	1.34021446544901e-05	1.34021446544899e-05	0.00359833346275743	0	2.33209749231871e-10
0	0	0	0	3.62353387367609e-13	0	5.17642349036324e-08
0	0	0	0	3.58651782490396e-13	0	2.35487769096014e-07
0.00167664670658683	0.000322603485531098	2.00833577762921e-06	2.00833577762935e-06	0.000547063057127301	0	5.31206789552717e-11
0	0	0	0	3.59223595161756e-13	0	-1.76272633313675e-08
0	0	0	0	3.62248364969462e-13	0	4.45587402360088e-10
0	0	0	0	3.56405695646408e-13	0	-7.01361831335367e-10
0.00527744510978044	0.00730940505582646	1.15678136799828e-05	1.15678136799828e-05	0.00359833346275739	0	-1.524588397262e-09
0	0	0	0	3.5635391240172e-13	0	2.17120242092438e-09
0.0052934131736527	0.00246721212806927	1.04523597306336e-05	1.04523597306329e-05	0.00359833346275743	0	5.74369437071764e-10
0	0	0	0	3.58993946486339e-13	0	6.12592306958292e-10
0	0	0	0	3.59329837213796e-13	0	8.40631147292297e-08
0	0	0	0	3.5959687428182e-13	0	2.37884109486532e-07
0	0	0	0	3.68917392898968e-13	0	-2.82818625857726e-10
0	0	0	0	3.59223595162031e-13	0	-1.74287311802437e-08
0	0	0	0	3.59750773792373e-13	0	3.80847505818473e-09
0	0	0	0	3.69956966074462e-13	0	-6.58447759452014e-10
0	0	0	0	3.59078558228575e-13	0	-1.51830736305977e-09
0	0	0	0	3.58910760685579e-13	0	8.10622253168578e-09
0	0	0	0	3.59078558228575e-13	0	4.0974549449037e-10
0	0	0	0	3.56356328977151e-13	0	1.36408599776566e-07
0	0	0	0	3.58931728927501e-13	0	2.36445228745506e-07
0.00205189620758483	0.000368001069132613	0	0	0.000836051920544617	0	-1.31831362607923e-10
0	0	0	0	3.59404771298915e-13	0	-1.75441702289513e-08
0	0	0	0	3.55838092753643e-13	0	1.23251299302081e-09
0	0	0	0	3.58985326770681e-13	0	-7.39225968567485e-10
0	0	0	0	3.59007165530144e-13	0	5.49339489412522e-10
0	0	0	0	3.62152245372431e-13	0	5.23299915042816e-08
0	0	0	0	3.5894572190641e-13	0	2.34497240268114e-07
0.0207425149700599	0.0148471812347741	0.0260965846071364	0.0260965846071364	0.0178345132795344	0	1.51311660257815e-10
0	0	0	0	3.5918094585113e-13	0	-1.68694048470325e-08
0.00474251497005988	0.00309849491902768	0.000227357016587139	0.000227357016587139	6.63963448761413e-06	0	4.47257748212054e-10
0	0	0	0	0.00313295144026739	0	1.13009100334003e-10
0	0	0	0	3.59007165530141e-13	0	-1.48733842426578e-09
0	0	0	0	3.59064818973868e-13	0	1.76757205420652e-09
0	0	0	0	3.59007165533292e-13	0	9.88531345604747e-10
0	0	0	0	3.58991378350572e-13	0	3.07884127430968e-10
0	0	0	0	3.59347944549028e-13	0	8.51259407973406e-08
0	0	0	0	0.132024506135716	0	2.36143986291876e-07
0	0	0	0	3.58981466305237e-13	0	2.41210041862151e-09
0	0	0	0	3.78927742786086e-13	0	-1.66104248043253e-08
0.00127744510978044	0.000295856241922554	0.000394335093920594	0.000394335093920596	1.05305693859207e-06	0	3.82585782216073e-09
0	0	1.08959802641285e-05	1.08959802641221e-05	0.00283108000588271	0	5.96844651215462e-11
0	0	0	0	3.59007165530138e-13	0	-2.15058277768508e-09
0	0	0	0	3.58925307477008e-13	0	-4.87208942418535e-08
0	0	0	0	3.5663549567715e-13	0	4.33020803611054e-10
0	0	0	0	3.56286462047404e-13	0	3.38870165370223e-07
0	0	0	0	3.58606993458387e-13	0	2.3294697079586e-07
0	0	0	0	3.63489130556889e-13	0	-3.38321451210046e-11
0	0	0	0	3.57298351592066e-13	0	-1.69353422506356e-08
0	0	0	0	3.55900033879946e-13	0	3.68711133276759e-10
0	0	0	0	3.58971840055397e-13	0	9.92552971918627e-11
0	0	0	0	3.58960591465652e-13	0	4.27363996424342e-09
0	0	0	0	3.59085471588628e-13	0	7.49803360781488e-09
0.000862275449101796	0.00153891680968723	0.00121296401849966	0.00121296401849967	2.69185288634448e-06	0	-1.1382730020482e-08
0	0	0	0	3.63010900563141e-13	0	3.95107406697594e-10
0	0	0	0	3.58960591467303e-13	0	4.48720040532376e-09
0	0	0	0	3.59052159973995e-13	0	2.94252708914463e-09
0	0	0	0	3.58982203644054e-13	0	4.35075920963085e-08
0.00753692614770459	0.0023799944247327	0.000714286630178475	0.000714286630178478	3.80864415677277e-13	0	-1.18049617001693e-08
0	0	0	0	3.61715523046345e-13	0	2.75763991419452e-08
0	0	0	0	3.58960591467154e-13	0	-1.19268881167871e-08
0.00501397205588822	0.00241193783796443	0.0335592005752955	0.0335592005752953	0.00443569790601939	0	1.73162556263177e-09
0	0	0	0	3.58960591467257e-13	0	4.76000932948066e-09
0	0	0	0	3.58989518501026e-13	0	2.21169142925822e-10
0	0	0	0	3.59017777100559e-13	0	2.67374364817006e-08
0	0.0062041192361921	0.000686084326233275	0.000686084326233274	3.74209498934848e-13	0	-1.22827047619536e-08
0	0	0	0	3.71155280270989e-13	0	3.5153880972369e-09
0	0	0	0	3.58735907894915e-13	0	-4.72928664742652e-09
0	0	0	0	3.58947769660514e-13	0	1.37253901145573e-07
0	0	0	0	3.58960591467283e-13	0	4.77764115018138e-09
0	0	0	0	3.5909544902506e-13	0	3.56393153210385e-10
0	0	0.000967759143869989	0.000967759143869993	3.67255725045384e-13	0	-1.2314650465056e-08
0.000119760479041916	0.00595370568282437	5.22375994625262e-05	5.22375994625249e-05	1.45212697896393e-06	0	1.20594327091275e-09
0	0	0	0	3.58929633747743e-13	0	1.1922278284983e-09
0	0	0	0	3.62704932875744e-13	0	2.63461624213443e-09
0	0	0	0	3.86890158328304e-13	0	-9.50246856381649e-09
0	0	0	0	3.59067810176258e-13	0	9.2671430326908e-10
0	0	0	0	3.57567503894024e-13	0	1.9737271980317e-09
0.0049500998003992	0.00209463354859404	0.000125797081842573	0.000125797081842594	0.0048695988794625	0	1.50943661361364e-10
0.0739800399201597	0.0397972412915406	0.0848945412602448	0.0848945412602449	0.0777978423327426	0	-6.56551224911322e-08
0	0	0	0	3.58334189495356e-13	0	-1.00360520919706e-08
0	0	0	0	3.65861434604403e-13	0	-3.06362981102504e-09
0	0	0	0	3.58929633747704e-13	0	-2.79732743332964e-09
0	0	0	0	3.18106645416815e-13	0	1.45822516019904e-10
0	0	0	0	3.62343672619635e-13	0	-2.2490901016765e-07
0.00189221556886228	0.00200695084325946	0	0	9.66528463430181e-12	0	-1.11566728297147e-08
0	0	0	0	3.17449913563639e-13	0	-8.99247370009123e-09
0	0	0	0	3.58929633747565e-13	0	2.13136125496894e-08
0	0	0	0	3.58988131447245e-13	0	1.69148979287374e-10
0	0	0	0	3.62024961211661e-13	0	-1.03338907226219e-08
0	0	0	0	3.58122194817918e-13	0	3.914159684146e-09
0	0	0	0	3.32197527299657e-13	0	5.54494981213656e-10
0	0	0	0	3.58929633747662e-13	0	-3.84785188189229e-09
0	0	0	0	3.5895357354865e-13	0	-1.31977267009027e-08
0	0	0	0	3.60238928020444e-13	0	9.55029373530742e-09
0.00186826347305389	0.00253165120331351	0.0256974231822963	0.0256974231822963	0.00120392178653581	0	-1.15660254810894e-08
0	0	0	0	3.41007058997043e-13	0	-2.48690561220471e-09
0.0062435129740519	0.00205557377379094	0	0	0.00482636228187024	0	1.95902559996151e-09
0	0	0	0	3.59213303537742e-13	0	2.33453425965872e-10
0.00447904191616766	0.00429240328334156	9.90855876996333e-05	9.90855876996331e-05	0.00149172671136103	0	-1.07048130420032e-08
0	0	0	0	0.00137862629800017	0	2.96621398026151e-09
0.00616367265469062	0.00190614203002291	0	0	0.00524666081784005	0	-1.85317489608611e-10
0	0	0	0	3.5841510828092e-13	0	2.53297515119463e-09
0	0	0	0	3.56477018759634e-13	0	-8.74419418664444e-09
0	0	0	0	3.59067810181864e-13	0	1.73126007677929e-09
0	0	0	0	3.58908826878791e-13	0	6.18136922510699e-09
0	0	0	0	3.59030670089665e-13	0	7.67357425335564e-10
0	0	0	0	3.59540046925641e-13	0	-5.54054269786247e-09
0.00282634730538922	0.000695328799104661	0.016042435931128	0.016042435931128	0.00171064048301073	0	-4.45732706432483e-10
0	0	0	0	3.65088940489095e-13	0	2.50728821600951e-09
0	0	0	0	3.57516889627792e-13	0	-4.41178513330948e-08
0	0	0	0	3.59016135894824e-13	0	1.7042149091206e-09
0	0	0	0	3.59549617043831e-13	0	5.42306867075838e-08
0	0	0	0	3.55067500699431e-13	0	-2.69970506787038e-08
0	0	0	0	3.71082057207632e-13	0	3.22510401784781e-09
0	0	0	0	3.58908826878484e-13	0	4.98319104064459e-07
0.00526946107784431	0.00277982900299507	0	0	0.00528005182112427	0	1.05970960046405e-09
0	0	0	0	3.60368030271946e-13	0	1.73571725369e-09
0	0	0	0	3.79487010920313e-13	0	1.26775787077588e-07
0.0392335329341318	0.0225187996576049	0.0372882392894596	0.0372882392894597	0.0363351109410018	0	2.72634803568479e-09
0	0	0	0	3.57271593001636e-13	0	-5.1628950303346e-08
0	0	0	0	3.58958010867175e-13	0	2.08438985442512e-09
0	0	0.19056255741931	0.19056255741931	0.225101392861895	0	-3.53710824341135e-08
0	0	0	0	3.5774324212515e-13	0	-3.49453612795261e-08
0	0	0	0	3.71001315300926e-13	0	3.59061121198298e-09
0	0	0	0	3.58908826878655e-13	0	8.61075189862596e-09
0	0	0	0	3.60273586585579e-13	0	-2.00454765441739e-10
0	0	0	0	3.4153254944397e-13	0	-4.93407745955374e-09
0	0	0	0	3.57582266837059e-13	0	3.17726408038381e-09
0.00211576846307385	0.000377346663010548	0	0	0.000458544170958994	0	2.79915678878132e-10
0	0	0	0	3.53393944797212e-13	0	-1.19099176914714e-09
0	0	0	0	3.60709475012656e-13	0	3.0992305369745e-12
0	0	0	0	3.50102399729704e-13	0	3.25830071591084e-09
0	0	0	0	3.21915335809913e-13	0	-4.43175610619889e-09
0	0	0	0	3.59534438305166e-13	0	1.12387578768652e-09
0.00212375249500998	0.00643153636616819	0	0	0.00179561612580174	0	-8.9296272744096e-11
0	0	0	0	3.57181088680376e-13	0	-8.63971613642884e-10
0	0	0	0	3.5915010139861e-13	0	6.84165868241557e-10
0	0	0	0	3.58981466305957e-13	0	6.45976770421392e-10
0.0225069860279441	0.0279316707612212	0.0356631962353249	0.035663196235325	0.0274566564674218	0	-3.80608750269139e-09
0.00764870259481038	0.00337429946120048	0.000137371027102478	0.000137371027102482	0.000935198825084295	0	7.93439491576257e-10
0	0	0	0	3.59277975454827e-13	0	-2.05714862704665e-09
0.00259481037924152	0	0	0	0.000859589025804559	0	-2.59459118116685e-09
0	0	0	0	3.59100525668235e-13	0	6.27163736196843e-10
0	0	0	0	3.68413712037442e-13	0	-7.60485043333689e-09
0	0	0	0	3.21843211010208e-13	0	-8.99470483778024e-09
0	0	0	0	3.58827743989263e-13	0	1.60049781777139e-09
0	0	0	0	3.59066720150773e-13	0	3.93384667960509e-10
0	0	0	0	3.52457356649762e-13	0	6.39251545061941e-09
0	0	0	0	3.56685052329425e-13	0	6.08596220309524e-10
0	0	0	0	3.5591458398904e-13	0	1.0438143160985e-09
0	0	0	0	3.59004002327676e-13	0	2.43348677436514e-09
0	0	0	0	3.30478671710874e-13	0	1.91447057532672e-09
0.00213173652694611	0.00234918483454779	0	0	0.00185548906954183	0	-2.5078430769729e-09
0	0	0	0	3.57665244722488e-13	0	-1.40562883646941e-08
0.00213972055888223	0.00060011161233621	0	0	0.00118959468240931	0	8.68993050207888e-10
0	0	0	0	3.60368972383495e-13	0	-8.34010496694641e-10
0	0	0	0	3.5611892621362e-13	0	-1.3355968969425e-08
0	0	0	0	3.71971505004835e-13	0	1.65872349630789e-09
0	0	0	0	3.76540504803806e-13	0	3.1327000139701e-10
0.00249900199600798	0	0	0	0.0012063006916645	0	1.22396734867567e-07
9.5808383233533e-05	0.000213248702338772	2.22241957420451e-05	2.22241957420454e-05	3.19137096942634e-13	0	6.21618165600668e-11
0.00550898203592814	0.00685402476887809	0.0183461284800156	0.0183461284800157	0.00342274615658349	0	1.79915660260756e-09
0	0.000197756532954855	0.0125222942286969	0.0125222942286969	0.00164446897164913	0	5.21574476285862e-10
0	0	0	0	3.57914607633023e-13	0	2.97145302312586e-09
0	0	0	0	3.58981465472544e-13	0	1.16399393133901e-10
9.5808383233533e-05	0.00231388991937203	3.92900137886688e-05	3.92900137886688e-05	7.26391538194536e-05	0	2.77956313191602e-09
0	0	0	0	3.60011612871705e-13	0	3.33084153299322e-12
0	0	0	0	3.58534566856592e-13	0	1.37280551584302e-09
0.0490139720558882	0.0608536184292689	0.0211848412373851	0.021184841237385	0.00140271907687887	0	-4.45704138090637e-09
0	0	0	0	3.59001185091159e-13	0	-6.76982659309862e-09
0	0	0	0	3.58981056782759e-13	0	4.18433571214264e-07
0	0	0	0	3.5897394087498e-13	0	-2.37385713101365e-09
0	0	0	0	3.58980847332172e-13	0	-6.4535850121417e-08
0	0	0	0	3.58786597599147e-13	0	6.47830403030218e-10
0	0	0	0	3.51942666675725e-13	0	-2.60956644873839e-08
0	0	0	0	3.58115820560347e-13	0	-7.7295516272807e-10
0	0	0	0	3.65016282913505e-13	0	-2.10100262238536e-08
0	0	0	0	3.56851219871684e-13	0	-3.58681884759105e-08
0	0	0.011869075419609	0.011869075419609	0.00141087480509701	0	7.92615670371715e-09
0	0	0	0	3.59085657494553e-13	0	-2.94006259131316e-09
0.00248303393213573	0	0	0	0.00121244682962039	0	1.59391296620736e-07
0	0	0	0	3.48106941486358e-13	0	1.20860032021055e-10
0	0	0	0	3.59001671094091e-13	0	-1.50173317228982e-09
0	0	0	0	3.59457897276078e-13	0	1.08469851263247e-07
0	0	0.00963977453996953	0.00963977453996952	0.00131433749612764	0	3.83219036854653e-09
0.00214770459081836	0.000384511283535627	0	0	0.000248082192839969	0	7.73342968919717e-10
0	0	0	0	3.56110098739289e-13	0	-3.04277225037796e-09
0	0	0	0	3.47295653763745e-13	0	6.37919087567189e-11
0	0	0	0	3.59039584174207e-13	0	3.68376255778349e-09
0	0	0	0	3.58562160372151e-13	0	-1.03129642071415e-08
0	0	0	0	3.58507058843047e-13	0	2.05831171422837e-10
0	0	0	0	3.70649389275152e-13	0	3.44384608492303e-07
0.0229780439121756	0.0313809456167913	0.00082738464455301	0.000827384644553	2.18671853990073e-05	0	-1.17364594586265e-08
0	0	0	0	3.59659705979521e-13	0	3.68799481164912e-08
0.00263473053892215	0.00561187433283725	0	0	0.000358023749906145	0	-4.27607327661138e-09
0.0241197604790419	0.031768216356453	0.000621538291535018	0.00062153829153502	3.86999766443362e-13	0	-1.18956447650377e-08
0	0	0	0	3.5896184595348e-13	0	3.01577062894645e-08
0	0	0	0	3.58981466280754e-13	0	3.09654864702802e-09
0	0	0	0	3.69336242396912e-13	0	-1.47945292290996e-08
0	0	0	0	3.66853698994294e-13	0	4.42836066483882e-10
0.121109780439122	0.0130570873979126	0.00192853193118909	0.0019285319311891	0.208579301005083	0	-5.8823742185508e-08
0	0	0	0	0.0157120354813249	0	3.26971636639024e-09
0	0	0	0	3.41914143999816e-13	0	2.69282561653137e-09
0.00140518962075848	0.000252535428576418	0.00147347761304814	0.00147347761304812	0.000102586849521247	0	9.82341956662701e-10
0.130634730538922	0.0802453240286877	0.000708590511787161	0.000708590511787173	3.69084005043358e-13	0	-1.50664608464876e-08
0	0	0	0	4.53041959202622e-13	0	3.80082488127811e-09
0	0	0	0	3.58982095762887e-13	0	5.33301442521344e-08
0	0	0	0	3.58972653023202e-13	0	3.9216293565256e-10
0	0	0	0	3.60883159871945e-13	0	-1.61385315608247e-10
0	0	0	0	3.70663468620334e-13	0	-1.6011163900189e-09
0.072558882235529	0.013199267277325	0.00150873509851596	0.00150873509851602	0.000591560874806852	0	-1.48983891216484e-08
0	0	0	0	3.53843003979316e-13	0	1.31713903710062e-09
0	0	0	0	3.58981466356567e-13	0	-7.39685057613926e-09
0.0349540918163673	0.0100169262889996	0.000710082668065048	0.000710082668065052	3.92858296585932e-13	0	-1.49974550812898e-08
0	0	0	0	3.59020262665729e-13	0	9.1846245909036e-10
0	0.000312610102216975	0	0	0.000499472350037261	0	3.66305783385112e-09
0.0352095808383233	0.0105232863819239	0.000801445428773961	0.000801445428773965	3.88880110037618e-13	0	-1.50074831649937e-08
0	0	0	0	3.56170713588705e-13	0	9.19059505314251e-09
0	0	0	0	3.66187545428718e-13	0	5.52042774095614e-11
0	0	0	0	3.58981466122582e-13	0	-1.11593627974926e-08
0	0	0	0	3.73737571683443e-13	0	5.36300753409846e-10
0	0	0	0	3.58981466316484e-13	0	-3.36542838210925e-10
0	0	0	0	3.58981466125124e-13	0	-1.11313974677937e-08
0	0	0	0	3.60584243399786e-13	0	3.80953531240273e-09
0	0	0	0	3.88354330290011e-13	0	-1.77813209874732e-10
0	0	0	0	3.59134639333363e-13	0	-1.11485864429614e-08
0	0	0	0	3.48318039445974e-13	0	1.39264648408139e-09
0	0	0.00963977453996953	0.00963977453996952	1.00108322818262e-12	0	1.98196036415312e-10
0	0	0	0	3.58981466095873e-13	0	-7.24720624516046e-09
0.00669860279441117	0.00391051571659951	0.000251225682829847	0.000251225682829846	9.97382852904761e-06	0	5.35740744559332e-10
0	0	0	0	3.58981730264616e-13	0	2.7676947161572e-09
0	0	0	0	4.12434800180883e-13	0	-7.51804906941669e-09
0.00129341317365269	0.000299771532232049	0.000388854303070135	0.000388854303070137	3.58067548926736e-13	0	3.82275521877752e-09
0	0	0	0	3.58981466336201e-13	0	-2.85391491566421e-11
0	0	0	0	3.58981466095595e-13	0	-7.48701655403881e-09
0	0	0	0	1.79706957310911e-12	0	-2.80092224936717e-10
0	0	0	0	3.58363778776007e-13	0	9.97657687694693e-08
0	0	0.0136714407787212	0.0136714407787213	3.63804333561536e-13	0	1.70897055462495e-07
0.00364071856287425	0.000770174471743456	9.88505716721612e-05	9.88505716721583e-05	1.38468081734155e-06	0	-6.10650380585328e-10
0	0	0	0	3.58979907886561e-13	0	8.55734078509073e-09
0.000614770459081836	0	0.00116636373061268	0.00116636373061269	3.6904814097509e-13	0	-1.13754808280617e-08
0	0	0	0	3.65272614015893e-13	0	4.43172744280081e-10
0	0	0	0	3.59326325706442e-13	0	2.10889239706872e-07
0	0	0	0	3.58943941192445e-13	0	2.111366822255e-08
0.00607584830339321	0.00167274647938237	0	0	0.00412326438928698	0	2.99814423741695e-08
0	0	0	0	3.58981466306642e-13	0	6.06980738625125e-08
0.00936526946107785	0.00265882826832592	0.000720311428290155	0.000720311428290155	2.70124940602412e-06	0	-1.18161852829462e-08
0	0	0	0	3.58955842164576e-13	0	-9.82969193751103e-08
0	0	0	0	3.58981466322565e-13	0	2.56015467794961e-08
0	0.00624313885402978	0.000703082202900816	0.000703082202900815	3.66911458860914e-13	0	-1.22632615353638e-08
0.00182035928143713	0.00026552485554584	1.28123968202502e-05	1.28123968202493e-05	3.61731474287305e-06	0	3.4529397995048e-09
0	0	0	0	3.59204358834364e-13	0	-3.80339641068813e-08
0	0	0	0	3.5875532457333e-13	0	-1.94967261766158e-09
0	0	0	0	3.58981077349901e-13	0	1.33436752630111e-08
0	0	0	0	3.59103606075821e-13	0	3.6292081011742e-10
0	0	0.000948541378367589	0.000948541378367593	3.61958411738335e-13	0	-1.22787731904271e-08
0.000143712574850299	0.00599115037265346	6.15315698505423e-05	6.1531569850542e-05	1.89735992108763e-12	0	1.41096657347684e-09
0	0	0	0	3.58981466286638e-13	0	2.93432211083624e-09
0	0	0	0	3.59012530852642e-13	0	-9.23993925602507e-09
0	0	0	0	3.59115850287973e-13	0	2.73070949871488e-09
0	0	0	0	7.55268834058207e-13	0	-8.91719752521852e-08
0	0	0	0	3.52787591771673e-13	0	-6.15370792919193e-09
0	0	0	0	3.58955842090876e-13	0	1.95097535331641e-08
0	0	0	0	3.58981466323121e-13	0	-3.17148531076386e-07
0	0	0	0	3.58946457524306e-13	0	-2.39841194602348e-10
0	0	0	0	3.5896264875436e-13	0	6.15907384361635e-08
0	0	0	0	3.58981202346475e-13	0	-1.3882463903458e-08
0	0	0	0	3.58946458822473e-13	0	-6.86548693410352e-10
0	0	0	0	3.56586749846912e-13	0	9.76695271071576e-09
0	0	0	0	3.62299332082386e-13	0	9.44097014676225e-09
0	0	0	0	3.57621356436684e-13	0	1.78359795360067e-09
0	0	0	0	3.1819356786286e-13	0	7.85237043571047e-09
0	0	0	0	3.58981466284434e-13	0	1.08128874546473e-09
0	0	0	0	3.5674714809281e-13	0	-2.00782354569913e-10
0	0	0	0	3.56969021340249e-13	0	9.09560435335122e-09
0	0	0	0	3.58981466281349e-13	0	2.88388633058568e-09
0	0	0	0	3.58952144409865e-13	0	-6.64709476581326e-09
0	0	0	0	3.59115850361321e-13	0	-1.44592147962313e-10
0	0	0	0	3.59159585931599e-13	0	-5.95524193850853e-09
0	0	0	0	2.93611128673614e-13	0	2.05161474997348e-09
0	0	0	0	3.57312184144471e-13	0	-5.65402581249497e-09
0	0	0	0	3.58981466322229e-13	0	6.28276435829298e-08
0	0	0	0	3.58960071784759e-13	0	8.31598768793787e-09
0	0	0	0	3.58962648747064e-13	0	-1.23602677270332e-08
0	0	0	0	3.62299332082564e-13	0	2.3353110826393e-09
0	0	0	0	4.11746649317618e-13	0	-1.95390472312894e-08
0	0	0	0	3.10597114609708e-13	0	1.6296054522381e-09
0	0	0.505000929375306	0.505000929375306	0.535766794164392	0	-3.55643093577067e-08
0	0	0	0	3.56744066649936e-13	0	9.30546107116374e-09
0	0	0	0	3.55980772347645e-13	0	5.43135013714155e-09
0	0	0	0	3.62299332087801e-13	0	8.1533755656003e-10
0	0	0	0	3.18170150840847e-13	0	1.73660329238504e-09
0	0	0	0	3.59003494608352e-13	0	8.21581499379083e-09
0	0	0	0	3.56020712266842e-13	0	5.37013199959552e-09
0	0	0	0	3.49560144511812e-13	0	-4.53856257210782e-08
1.59680638722555e-05	0.00559421160409965	5.85955704256878e-06	5.85955704256769e-06	6.63357033962207e-07	0	4.14406971313197e-11
0.00443912175648702	0.00163025803472835	6.78324572267096e-05	6.78324572267104e-05	0.00316046008432547	0	7.59046808738513e-09
0	0	0	0	3.59005933014372e-13	0	7.43845200512173e-09
0	0	0	0	3.58995572433548e-13	0	6.92608550714527e-10
0	0	0	0	3.58901140227966e-13	0	2.61542706363231e-09
0	0	0	0	3.67881685576354e-13	0	-4.60188374936441e-09
0	0	0	0	3.58885551616951e-13	0	4.63386299714717e-09
0	0	0	0	3.58803523233012e-13	0	7.75538406927042e-10
0	0	0	0	3.22325870646432e-13	0	-7.52529672235601e-09
0.0056127744510978	0.00552632779382914	0.000101553140157132	0.000101553140157131	0.00207225537137554	0	2.65951346464371e-09
0	0	0	0	3.6531359307981e-13	0	-4.20358419206939e-09
0	0	0	0	3.5908075516647e-13	0	-1.51773326296553e-09
0	0	0	0	3.5711533615236e-13	0	-2.52563024129496e-10
0	0	0	0	3.57446067108221e-13	0	8.24293454882829e-09
0	0	0	0	3.58990220321496e-13	0	6.34119822158014e-10
0	0	0	0	3.65289321241981e-13	0	-1.41867247087942e-08
0	0	0	0	3.59589144126035e-13	0	-8.17610032368364e-09
0.00515768463073852	0.00607701364715364	7.3247780149071e-05	7.32477801490712e-05	0.00100639743925699	0	3.8111059789606e-09
0	0	0	0	3.71763455896537e-13	0	-9.54951212451838e-09
0	0	0	0	3.58973685835819e-13	0	5.75552184476647e-09
0	0	0	0	3.60297263161679e-13	0	3.78874908494529e-09
0	0	0	0	3.731333019414e-13	0	-2.06573476491441e-09
0	0	0	0	3.53314919859296e-13	0	3.18917668316228e-09
0	0	0	0	3.58981874654698e-13	0	1.29389351130909e-09
0.00447105788423154	0.00164795913419499	2.63223182146327e-05	2.63223182146322e-05	0.00316046008432591	0	4.06525706304464e-09
0	0	0	0	3.58979516579654e-13	0	4.72778369977854e-10
0.0056127744510978	0.00447230675800211	0	0	0.00456775815865031	0	-8.63780414597514e-09
0	0	0	0	3.5922045962815e-13	0	-8.2583614999299e-09
0	0	0	0	3.58928808711454e-13	0	2.81369175851891e-09
0	0	0	0	3.58871970129407e-13	0	1.40263580614291e-09
0	0	0	0	3.5530999587357e-13	0	2.2915655697471e-09
0	0	0	0	3.57168299014243e-13	0	4.49656123668281e-09
0	0	0	0	3.59005933014297e-13	0	1.35709312261053e-08
0	0	0	0	3.568141169022e-13	0	1.81759690801938e-10
0	0	0	0	3.62314653768944e-13	0	-8.78137240661198e-11
0	0	0.0128613871773203	0.0128613871773203	0.00127491494203481	0	7.62832634006665e-09
0	0	0	0	0.00380784074806707	0	7.02515307231934e-09
0	0	0	0	3.56818527587764e-13	0	-6.18811962023113e-07
0	0	0	0	3.67656127239334e-13	0	3.3840675246116e-09
0	0	0	0	3.55550846708223e-13	0	2.89505268091264e-09
0	0	0	0	3.59549162070148e-13	0	8.67819685644852e-09
0	0	0	0	3.62567610098245e-13	0	7.29268791280482e-09
0	0	0	0	3.56471682908033e-13	0	2.74354282550765e-08
0.00305788423153693	0.000137452708106674	0.000108350860589882	0.000108350860589895	5.41120351710592e-06	0	-2.29674417166318e-10
0	0	0	0	3.61925652421614e-13	0	1.39169432856255e-09
0	0	0	0	3.57670136778684e-13	0	-4.8913275673768e-09
0.00876646706586827	0.0037940188785497	0.0103691030211147	0.0103691030211147	5.26413420553958e-07	0	1.38282011245026e-09
0	0	0	0	3.65331796047606e-13	0	1.17158412602144e-07
0	0	0	0	3.5896014020882e-13	0	-4.56072098820657e-09
0	0	0	0	3.5898786536978e-13	0	-2.93964270043292e-08
0	0	0	0	3.5898146630503e-13	0	1.00221339500401e-05
0	0	0	0	3.58953094288314e-13	0	-2.8604934816111e-08
0	0	0	0	3.57449285697369e-13	0	6.54150934747109e-09
0	0	0	0	3.5898298857588e-13	0	1.82985728637156e-07
0	0	0	0	3.59068827215639e-13	0	-2.53062292248632e-09
0	0	0	0	3.53285525661208e-13	0	-3.48668408187022e-09
0	0	0	0	3.58978195317299e-13	0	6.35751850642219e-07
0	0	0	0	3.56431911550916e-13	0	-1.8715088301413e-08
0	0	0	0	3.56907215895281e-13	0	-1.25723250891002e-07
0.00498203592814371	0.00150071305809431	1.37845470346205e-05	1.37845470346217e-05	0.00315773926805825	0	1.89974907007857e-08
0	0	0	0	3.58968813479685e-13	0	9.45023148447355e-10
0.002187624750499	0.00214251165585408	0	0	0.00245118008515697	0	-3.54711377637643e-08
0	0	0.0237837605311311	0.0237837605311311	0.00143405626849332	0	2.14712274218909e-08
0	0	0	0	3.54209770262583e-13	0	4.50500565928925e-09
0	0	0	0	3.56799095528798e-13	0	-6.7226555933654e-08
0	0	0	0	3.91457144914543e-13	0	9.7070648874091e-09
0	0	0	0	3.58686929502379e-13	0	-1.31266892907577e-08
0	0	0	0	3.55239476287314e-13	0	-2.25514098534939e-09
0	0	0	0	3.59293299524179e-13	0	-1.30427919604857e-09
0	0	0	0	3.49130440660318e-13	0	-1.49065279789576e-08
0	0	0	0	0.000883067765332971	0	7.55057434963931e-09
0	0	0	0	3.58984524286373e-13	0	8.11132735398938e-09
0	0	0	0	3.58988509987062e-13	0	8.96978404794115e-08
0	0	0	0	3.59016802006233e-13	0	-9.83059210262598e-08
0	0	0	0	0.000703163506019418	0	1.2746632717275e-08
0	0	0	0	3.58981466335729e-13	0	3.58248206012003e-07
0.023313373253493	0.0259088521508858	0.000792423961974511	0.000792423961974512	7.96084641025963e-13	0	-1.17060198659149e-08
0.0038003992015968	0.00425146732445831	7.15837430241568e-05	7.15837430241551e-05	0.00164613484064669	0	-1.32105714093626e-07
0	0	0	0	3.73800660504524e-13	0	-4.1628435008139e-09
0.0243912175648703	0.0319977656594595	0.00062283208824817	0.000622832088248171	3.63034541613236e-13	0	-1.18829813239194e-08
0	0	0	0	3.58988430776024e-13	0	-1.50579325169158e-10
0	0	0	0	3.58981466293843e-13	0	3.78041296026407e-09
0	0	0	0	3.68953477093722e-13	0	-1.47935589931084e-08
0	0	0	0	3.66679398029052e-13	0	5.02244310624872e-10
0	0	0	0	3.61730521117653e-13	0	1.05090536375068e-09
0.128487025948104	0.0786916593578706	0.000712472566454045	0.000712472566454045	4.03908867913381e-13	0	-1.50680665220306e-08
0	0	0	0	3.56290917867014e-13	0	3.80711368078107e-09
0	0	0	0	3.5907158179411e-13	0	-1.86113237160411e-09
0.0709780439121757	0.0123299163011194	0.00143415074218692	0.00143415074218703	0.000512776383646918	0	-1.48986005104044e-08
0	0	0	0	3.53234653684197e-13	0	1.520139131631e-09
0	0	0	0	3.33467926456852e-13	0	1.40781532729945e-07
0	0	0	0	4.23945937272481e-13	0	3.34103535049066e-07
0.00541317365269461	0.00242812877708338	6.94612805691356e-05	6.94612805691913e-05	7.49926620575292e-06	0	-9.68268010772471e-10
0	0	0	0	3.58981466318013e-13	0	-8.03752399064542e-09
0	0	0	0	3.58619752950623e-13	0	-3.90543558804808e-09
0	0	0	0	3.59358763393737e-13	0	-2.06276937771042e-09
0	0	0	0	3.59989264737061e-13	0	4.07462019467508e-09
0.00108582834331337	0.0020299593974691	0.000138688446186466	0.000138688446186464	0.00186015902387736	0	-3.95890991756612e-09
0	0	0	0	3.59616056895137e-13	0	1.71408294341623e-08
0	0	0	0	3.58981466306519e-13	0	5.57417393445614e-11
0	0	0	0	3.58693620604476e-13	0	-3.50276356650124e-09
0	0	0	0	3.58814776201048e-13	0	-2.48682357729458e-09
0	0	0	0	3.58775513147277e-13	0	-6.34965865244575e-10
0	0	0	0	3.58693620604443e-13	0	-3.3747587142487e-09
0	0	0	0	3.57061465543978e-13	0	4.15414325215211e-09
0.00777644710578842	0.402191020941399	0.0129976361173528	0.0129976361173528	0.00675541243086587	0	-3.57829895060088e-10
0	0	0	0	3.58693620604389e-13	0	-3.47718403326737e-09
0	0	0	0	3.24920252655623e-13	0	1.04968413484073e-08
0	0	0	0	3.58981466436619e-13	0	4.31355666279389e-10
0	0	0	0	3.58767518514621e-13	0	2.57373130414532e-09
0	0	0	0	3.58799915991949e-13	0	-4.37153881122698e-09
0	0	0	0	3.58981466305004e-13	0	4.6265513101699e-09
0	0	0	0	3.58767518507664e-13	0	3.64737075377906e-09
0	0	0	0	3.58962702367867e-13	0	-3.35940771207146e-09
0	0	0	0	3.6293532176553e-13	0	-1.52992439834421e-12
0	0	0	0	3.58767518514624e-13	0	3.18965239447321e-09
0.049189620758483	0.0359469392584597	0.0445070880148582	0.0445070880148581	0.049263610734341	0	1.1770248865966e-08
0	0	0.0244388178434115	0.0244388178434115	1.28584068613512e-11	0	-6.55899451079695e-08
0	0	0	0	0.00152220135125374	0	-2.05631159805405e-08
0	0	0	0	3.5820727021391e-13	0	6.67771586574523e-10
0.00201996007984032	0.00202948402944942	0	0	0.00257710983421857	0	1.70947648624791e-07
0	0	0	0	3.57479909908818e-13	0	3.00893137832929e-08
0	0	0	0	3.58774503261556e-13	0	-5.50947840159931e-08
0	0	0	0	3.58114021261698e-13	0	-9.49591308649813e-09
0	0	0	0	0.00175553239883681	0	-2.00906614860867e-09
0	0	0	0	3.58934109949572e-13	0	5.84679417545803e-09
0	0	0	0	3.5980509135342e-13	0	4.85241119288447e-07
0	0	0	0	0.000866625623151362	0	1.01062918544246e-07
0	0	0	0	3.58997752471862e-13	0	1.91523848353444e-08
0.00532534930139721	0.00426367792990921	0	0	0.00505721325929329	0	6.11906535588477e-06
0	0	0	0	3.58933739882711e-13	0	1.96428211600967e-07
0	0	0	0	3.595912988706e-13	0	7.50410222716946e-08
0	0	0	0	3.59097618086645e-13	0	1.8587139853472e-05
0	0	0	0	3.58233180841512e-13	0	-5.20643197720225e-08
0	0.000243212092664979	0.00981318767185751	0.00981318767185745	0.00118871980417125	0	8.94182792298541e-09
0	0	0	0	3.58981466310448e-13	0	2.51072508015289e-07
0	0	0	0	3.586663653441e-13	0	-1.50299288126043e-07
0.000574850299401198	0.000238680307966667	0.0201269180037178	0.0201269180037178	0.00121413537579314	0	1.30292456158599e-08
0	0	0	0	3.58666731918504e-13	0	-9.66150266012078e-07
0	0	0	0	3.57900844084771e-13	0	-1.92643695914179e-07
0	0	0	0	3.58584794712652e-13	0	6.39112183871935e-09
0	0	0	0	3.65499091233224e-13	0	-1.04453825881942e-05
0	0	0	0	0.00103898007966106	0	-1.32680198926126e-07
0	0	0	0	3.58205324479509e-13	0	5.21458487279095e-08
0	0	0	0	3.58968602327287e-13	0	1.67717327307895e-07
0	0	0	0	3.57821258681548e-13	0	6.12871925717177e-08
0	0	0	0	0.000990331747575181	0	1.3332702382847e-07
0	0	0	0	3.61920968723962e-13	0	-1.33247919289329e-06
0	0	0	0	3.58645803553752e-13	0	-3.04720537774315e-08
0	0	0	0	3.57167009002638e-13	0	9.76351502862847e-09
0	0	0	0	3.65338396439503e-13	0	-2.27597112323505e-07
0	0	0	0	3.55021796304262e-13	0	-1.25562426137199e-08
0	0	0	0	3.58987452274819e-13	0	-8.22341399776005e-08
0	0	0	0	3.58896405867265e-13	0	-1.63490592193092e-07
0	0	0	0	3.5862524405078e-13	0	-1.92317340298373e-09
0	0	0	0	3.5660322136972e-13	0	-7.62405150605754e-09
0	0	0	0	3.58854790476793e-13	0	-1.714569424212e-08
0	0	0	0	3.58625244123288e-13	0	-1.13509560734131e-08
0.000654690618762475	0.000240181441979036	0.0158430596631333	0.0158430596631333	0.00153344411827763	0	-7.35890431471313e-09
0.00605988023952096	0.00160855221760193	0	0	0.00478205335821334	0	-1.16858879743481e-08
0	0	0	0	0.00169077704765822	0	-1.93221046432152e-08
0	0	0	0	3.5854114213683e-13	0	-1.84939026670834e-08
0	0	0	0	3.58982196214489e-13	0	2.1036785241796e-07
0	0	0	0	3.58978143086986e-13	0	2.16769693641131e-08
0	0	0	0	3.60218094509261e-13	0	-5.52676978546134e-08
0	0	0	0	3.63554429049012e-13	0	1.148880947558e-07
0	0	0	0	3.95313395187666e-13	0	1.72881905352701e-07
0	0	0	0	3.5885174638632e-13	0	4.45163511255054e-07
0	0	0	0	3.59168262158552e-13	0	1.64506876358969e-08
0	0	0	0	3.59376758452706e-13	0	1.41266594211229e-08
0	0	0	0	3.57672159203297e-13	0	5.60749178971411e-08
0	0	0	0	3.61305999758292e-13	0	-3.70049440817675e-08
0	0	0	0	0.00142121607033907	0	-1.29450731156075e-09
0	0	0	0	3.58981466329742e-13	0	-2.81828078806561e-09
0	0	0	0	3.54956358049363e-13	0	6.53245254434602e-10
0	0	0	0	3.58841446804037e-13	0	8.97746369755193e-09
0.0461636726546906	0.0226292967172467	0.0420924813936085	0.0420924813936084	0.0468451086175772	0	1.12668868406032e-08
0	0	0	0	3.57586084762075e-13	0	-1.09500393766682e-07
0.00744111776447106	0.00562610961010771	0.0325125527134666	0.0325125527134666	0.00422447962095294	0	4.15482030414841e-09
0	0	0	0	3.58851746310581e-13	0	-8.93870159760776e-08
0	0	0	0	3.6098748569355e-13	0	-4.17596651191041e-07
0	0	0	0	3.52717737438284e-13	0	-4.6924803126014e-09
0	0	0	0	3.6794330151512e-13	0	-3.54751198268588e-07
0	0	0	0	3.5909788710328e-13	0	-1.67262343843537e-08
0	0	0	0	3.58915405570906e-13	0	1.4498442043506e-08
0.00171656686626747	0.00267693234110178	1.13864205552911e-05	1.13864205552915e-05	0.001619688979942	0	-2.05770893692288e-08
0	0	0	0	3.64541740327766e-13	0	9.36824365883437e-09
0	0	0	0	3.59486820037523e-13	0	5.1119725840455e-09
0	0	0	0	2.86093858836422e-13	0	5.41276876795469e-09
0	0	0	0	3.55151854156024e-13	0	1.62192751562395e-09
0	0	0	0	3.58915405641575e-13	0	1.08343835433178e-08
0	0	0	0	3.26446085541181e-13	0	9.37778123779982e-09
0	0	0	0	3.42484765524038e-13	0	-5.06501409121727e-09
0.0531896207584831	0.0306574559605263	0.0518322435914761	0.051832243591476	0.052147235719961	0	1.46257644828275e-08
0	0	0	0	3.58851746386113e-13	0	1.65608738630389e-08
0	0	0	0	3.77182335678537e-13	0	7.43028801960985e-08
0	0	0	0	2.94426445661414e-13	0	7.14696502292183e-09
0	0	0	0	3.58885458676989e-13	0	3.96909745438498e-08
0	0	0	0	3.65104171703905e-13	0	3.14322118272926e-09
0	0	0	0	4.70481712575045e-13	0	1.43832890385865e-08
0.00269860279441118	0.000880808294329895	0	0	0.0013546863545678	0	8.71196249640593e-09
1	1	1	1	1	1	-3.53655192089114e-08
0.0023313373253493	0.0029241084962159	0	0	0.00177871997042672	0	6.97305806860143e-09
0	0	0	0	3.49061009339775e-13	0	7.83822564018978e-09
0	0	0	0	3.6538244474432e-13	0	1.53887716421146e-09
0	0	0	0	2.88749716098445e-13	0	1.63257853904353e-08
0	0	0	0	3.59110750574443e-13	0	1.00295770127103e-08
0.00232335329341317	0.000487952677604035	0	0	0.000567445619517936	0	1.27133931918276e-10
0.00281836327345309	0.000150539759340686	4.17254756731255e-05	4.1725475673125e-05	7.41365773385268e-05	0	2.74092905342462e-09
0	0	0	0	3.59647139274722e-13	0	2.92217521016196e-10
0.0223473053892216	0.010753860406792	0.0221995162323618	0.0221995162323617	0.0225135301270116	0	-3.65931618093975e-10
0	0	0	0	3.34647517669389e-13	0	2.97449324721088e-09
0	0	0	0	3.59576553970824e-13	0	3.0003064913731e-10
0	0	0	0	3.66624487139074e-13	0	2.72271046733129e-11
0	0	0	0	3.34590442786288e-13	0	2.71857976024855e-09
0	0	0	0	3.59395091636583e-13	0	2.92259234306876e-10
0	0	0	0	3.58981466273028e-13	0	-1.65888984041968e-08
0	0	0	0	3.59047504843629e-13	0	-2.20755917491317e-09
0	0	0	0	3.59051041981498e-13	0	-5.47960757760162e-10
0	0	0	0	3.58981466206957e-13	0	5.29534714870889e-08
0	0	0	0	3.59317797227268e-13	0	3.47649851109368e-09
0	0	0	0	3.58993491433465e-13	0	-1.11894751651799e-08
0	0	0	0	3.5898146587014e-13	0	0
0	0	0	0	3.58921915421368e-13	0	3.54644120432546e-09
0	0	0	0	3.59395091636712e-13	0	2.94553025721382e-10
0	0	0	0	3.58811876673318e-13	0	4.76085863044701e-09
0	0	0	0	3.58406930390135e-13	0	1.03008112838769e-08
0	0	0	0	3.59359093107422e-13	0	2.69461251255227e-10
0.00219560878243513	0.00244197764563665	0	0	0.00213170688834131	0	1.57187890448498e-07
0.00138922155688623	0.0003010688740863	9.05331128167e-06	9.05331128167104e-06	0.000816178338734224	0	-2.76496410935891e-07
0	0	0	0	3.59205536905089e-13	0	3.7060866900498e-09
0	0	0	0	3.59644257101015e-13	0	1.64076743231833e-06
0.00272255489021956	0.000903176915764954	0	0	0.000841461769285587	0	6.43190384668794e-08
0	0	0	0	3.58223502678625e-13	0	1.77843565647923e-08
0	0	0	0	3.59053771347119e-13	0	1.53582260384932e-06
0	0	0	0	3.5832058923025e-13	0	-3.80327523536059e-09
0	0	0	0	3.58450249017647e-13	0	-8.02330661089037e-12
0	0	0	0	3.59266444014402e-13	0	5.9808914120207e-10
0	0	0	0	3.59789954957742e-13	0	3.01415699490701e-09
0	0	0	0	3.59359093185319e-13	0	2.75458887043597e-10
0.00220359281437126	0.000404289028244795	0	0	0.000856576841017448	0	-1.38180447196514e-09
0	0	0	0	3.58838579760652e-13	0	-8.56178037206995e-11
0	0	0	0	3.59201294943284e-13	0	2.70783304119347e-10
0	0	0	0	3.59279547003899e-13	0	-3.06301422370984e-07
0	0	0	0	3.52574771123358e-13	0	-6.7185168706801e-08
0	0	0	0	3.59828705442578e-13	0	1.02341467310801e-09
0	0	0	0	3.58984380823563e-13	0	-2.82806803623753e-06
0	0	0	0	3.59243402502104e-13	0	-3.24150410750266e-08
0.00252295409181637	0.000497217356775536	1.31927826375323e-05	1.31927826375323e-05	0.000968206379660982	0	1.03571760715698e-08
0.00221956087824351	0.000406831726535643	0	0	0.000474956593039028	0	7.53901959327554e-09
0	0	0	0	3.58973222304115e-13	0	2.69850450780398e-08
0	0	0	0	3.58262661652037e-13	0	1.37435096718417e-11
0	0	0	0	3.5898146587014e-13	0	0
0	0	0	0	3.58610980650732e-13	0	1.60797459666665e-10
0	0	0	0	3.59201294943267e-13	0	2.68696563589329e-10
0	0	0	0	3.58981465991706e-13	0	-2.08412633555477e-09
0	0	0	0	2.55701627529769e-06	0	1.54897871991772e-10
0	0	0	0	3.53361902975452e-13	0	-2.15712890451644e-09
0	0	0	0	3.64470013381283e-13	0	-1.87060474075712e-08
0	0	0	0	3.57549934728348e-13	0	1.56555158975105e-10
0	0	0	0	3.58223502754106e-13	0	-2.43452959599302e-08
0	0	0	0	3.58981465472544e-13	0	0
0	0	0	0	3.57463381604478e-13	0	1.60792165370703e-10
0	0	0	0	3.58483091839685e-13	0	3.99844492441222e-10
0	0	0	0	3.58981465957055e-13	0	-5.97322907663646e-09
0	0	0	0	3.57478392434969e-13	0	1.58741713063712e-10
0.0025309381237525	0.000979873442882372	0	0	0.00199114260262593	0	2.51086863332807e-09
0	0	0	0	3.58995228328711e-13	0	7.57238202785308e-09
0	0	0	0	3.58990220321819e-13	0	1.04306285920377e-09
0.00162874251497006	0.00196841902266678	0.0417247495135624	0.0417247495135624	0.00254865945158379	0	-9.79896858717606e-09
0	0	0	0	3.59814259639815e-13	0	-5.88844064270099e-09
0.0078562874251497	0.0017460737537946	0.0458090235514042	0.0458090235514042	0.00131495022843394	0	2.61415582226039e-09
0	0	0	0	3.59868562612168e-13	0	-1.76036806204728e-08
0	0	0	0	3.58987301060216e-13	0	1.30962816918272e-08
0	0	0	0	3.42012848076126e-13	0	1.01488300818538e-09
0.00491816367265469	0.00419178322121116	0	0	0.00509748502618218	0	-1.18336273081891e-08
0	0	0	0	3.57191938725223e-13	0	1.80550930094395e-08
0	0	0	0	3.57452832295505e-13	0	-3.71124501612167e-09
0.00505389221556886	0.00152331572116587	1.18968226991002e-05	1.18968226991011e-05	0.00315773926805761	0	5.38436395761006e-09
0	0	0	0	3.58979516579289e-13	0	1.54216325375922e-10
0	0	0	0	3.58981308355926e-13	0	2.87929495755173e-08
0	0	0	0	3.58978177398072e-13	0	-1.76381411728775e-08
0.00562874251497006	0.00450043447346125	0	0	0.00389288969183782	0	-4.34068185835564e-09
0	0	0	0	3.58961329269709e-13	0	-8.21749750477766e-09
0	0	0	0	3.58986936506772e-13	0	3.60568044160582e-09
0	0	0	0	3.58981561927299e-13	0	-1.84283137462723e-10
0	0	0	0	3.70392936991086e-13	0	-1.11834321137462e-08
0	0	0	0	3.56316094173219e-13	0	4.5296954191147e-10
0	0	0	0	3.56527580515407e-13	0	2.21639726759694e-09
0	0	0	0	3.5903913708506e-13	0	1.86815550952393e-09
0.00244311377245509	0.00346035962385172	4.31876229057726e-05	4.31876229057729e-05	0.00181006351680119	0	1.58612932332466e-08
0.00116566866267465	0.00187476141147231	0.0282555721152495	0.0282555721152495	0.00204820215729282	0	1.19704731533904e-09
0	0	0	0	3.6538523444719e-13	0	8.79673580549904e-10
0	0	0	0	3.56512295203082e-13	0	1.02406536983766e-08
0.0145229540918164	0.00704296785479049	0.0484168360516196	0.0484168360516196	0.0134177950222362	0	1.78705148177925e-09
0	0	0	0	3.58981466312248e-13	0	4.64478907810157e-09
0	0	0	0	3.60840299435866e-13	0	2.11308575533068e-08
0	0	0	0	3.63471070580303e-13	0	8.86851400789212e-09
0.152415169660678	0.0974220049143488	0.140815762225254	0.140815762225254	0.15951857143743	0	5.61551988876189e-11
0.00317764471057884	0.000247829921631989	0	0	3.18456551667591e-12	0	-6.8316865218629e-09
0	0	0	0	3.45851630937017e-13	0	-8.57335787494213e-10
0	0	0	0	3.66599155850258e-13	0	-4.09165703404171e-08
0	0	0	0	3.11157282865355e-13	0	-2.21526423124898e-09
0	0	0	0	3.58170763990476e-13	0	1.01166980003512e-09
0	0	0	0	3.58981466284017e-13	0	-5.23616336086082e-09
0	0	0	0	3.5636753836176e-13	0	-1.17140118715453e-08
0	0	0	0	3.58994912575611e-13	0	1.84656147083439e-09
0	0	0	0	3.64218255718121e-13	0	3.43892832888235e-07
0	0	0	0	3.56473943379593e-13	0	1.02686674179207e-07
0	0	0	0	3.58991388976001e-13	0	1.18873981883193e-08
0	0	0	0	3.71754265325518e-13	0	3.84884937230949e-06
0	0	0	0	3.57709133014761e-13	0	9.35588988104572e-08
0	0	0	0	3.58164693176729e-13	0	4.60134324973004e-08
0	0	0	0	3.58981466278689e-13	0	5.97036900103699e-09
0	0	0	0	3.58950769684678e-13	0	-1.00809856499949e-08
0	0	0	0	3.59042285074811e-13	0	-3.051517585233e-10
0	0	0	0	3.58981466305052e-13	0	-6.80070928127208e-07
0	0	0	0	3.58946048507611e-13	0	-1.27757736143352e-07
0	0	0	0	3.5965700478413e-13	0	5.72932896391361e-09
0	0	0	0	3.58995378314695e-13	0	-6.56458471167977e-06
0	0	0	0	3.57411399201639e-13	0	-8.58364708521724e-08
0.00411976047904191	0.00109140025480669	1.13592937129714e-05	1.13592937129729e-05	0.00103526846281819	0	2.90158645778016e-08
0	0	0	0	3.60142544349616e-13	0	8.84236568711418e-08
0	0	0	0	3.5904857214434e-13	0	3.34803715545122e-08
0	0	0	0	3.5784722095898e-13	0	7.16302494544741e-08
0.00229141716566866	0.000435879310732502	0	0	0.00119326144555414	0	-1.37365310932134e-06
0	0	0	0	3.58786611970425e-13	0	-2.51480789624105e-08
0	0	0	0	3.57861910460955e-13	0	6.4517320488749e-09
0	0	0	0	3.71721704160411e-13	0	-9.82011034576196e-09
0	0	0	0	3.61520549902651e-13	0	-1.08439571697518e-08
0	0	0	0	3.58991388976605e-13	0	-6.42618595518549e-09
0.00234730538922156	0.000458299224271597	0	0	0.00226699927668253	0	-1.24552459322908e-07
0	0	0	0	3.59559377852608e-13	0	-1.00668169490126e-09
0	0	0	0	3.5797092303775e-13	0	-3.93784614669288e-08
0	0	0	0	3.59806961783313e-13	0	-1.43943272767083e-07
0	0	0	0	3.57141161812357e-13	0	-8.69707197622799e-09
0	0	0	0	3.59013680568605e-13	0	-1.23486027273439e-09
0	0	0	0	3.58988510016611e-13	0	-8.70796794176299e-09
0	0	0	0	3.58352289063368e-13	0	6.08291927366705e-09
0	0	0	0	3.5193546651433e-13	0	-3.49614674585526e-09
0	0	0	0	3.58717753973101e-13	0	-3.31514213752799e-08
0	0.00170231645452652	0	0	0.000187459561388196	0	-5.88068215158304e-09
0	0	0	0	3.56033790815255e-13	0	-7.15973468758729e-09
0	0	0	0	3.58984524285901e-13	0	7.87325354401314e-09
0.00240319361277445	0.00108326751738486	0	0	0.00315102468229991	0	2.20650636796567e-09
0	0	0	0	3.66057572560749e-13	0	8.10434047127223e-07
0	0	0.019108906789009	0.019108906789009	0.00138276626235054	0	4.075262218723e-08
0	0	0	0	3.59592473907195e-13	0	-1.4711890082682e-07
0	0	0	0	3.63484346292886e-13	0	-4.6550189995336e-08
0	0.00180134864542448	0	0	0.000608270999964581	0	-2.90496702957242e-10
0	0	0	0	3.48924459092869e-13	0	4.60124488258326e-08
0.0126307385229541	0.0109357563923921	0.0363883293768201	0.0363883293768201	0.0123034035265371	0	1.4398536140892e-08
0	0	0	0	2.83127440197975e-13	0	-9.54547298103817e-10
0	0	0	0	0.00121853366583746	0	4.69593056668194e-09
0	0	0	0	3.59658999012469e-13	0	-1.16695436203101e-09
0.00700998003992016	0.00412712173978633	0.0246193607812016	0.0246193607812016	0.00591883971096444	0	3.23761232333916e-08
0	0	0	0	3.56204761959585e-13	0	1.52712260775018e-08
0	0	0	0	3.56936273398406e-13	0	-1.43071814923813e-09
0	0	0	0	3.58941550080098e-13	0	-2.67686123334073e-07
0	0	0	0	3.5898146630501e-13	0	3.47807952879351e-08
0	0	0	0	3.59061325108247e-13	0	-5.22814117096627e-08
0	0	0	0	3.56725926413938e-13	0	-3.23339197382481e-12
0	0	0	0	3.58982300333031e-13	0	-9.21380298874762e-11
0	0	0	0	3.66387193837811e-13	0	4.20582287081875e-07
0	0	0	0	3.20202900023122e-13	0	-1.33791699362233e-07
0	0	0	0	3.5649541746373e-13	0	6.25296571488999e-07
0.00222754491017964	0.00177597571663636	0	0	0.00404734469647176	0	-2.96535541882563e-09
0	0	0	0	3.52568052657193e-13	0	4.20656984538748e-09
0	0	0	0	3.72040102631303e-13	0	1.79182393341702e-08
0	0	0	0	3.58981466294638e-13	0	4.34938440489553e-09
0	0	0	0	3.58619753004985e-13	0	-5.51388339037977e-09
0	0	0	0	3.58814776274935e-13	0	-4.05376801569022e-09
0	0	0	0	3.59094134949857e-13	0	1.42293330724464e-09
0	0	0	0	3.57508353798924e-13	0	-5.24836579805412e-09
0.00172455089820359	0.00203948801059797	1.77373562881655e-05	1.77373562881653e-05	0.00239865869011805	0	5.5740851005347e-09
0	0	0	0	3.59319493021659e-13	0	-1.52590249639478e-09
0	0	0	0	3.55923180024627e-13	0	-5.75976080657232e-09
0	0	0	0	3.58552969307419e-13	0	1.69867197544071e-08
0.136790419161677	0.0649060672666948	0.168778258201456	0.168778258201456	0.14421525720431	0	-9.0869463958934e-08
0	0	0	0	3.44926397170266e-13	0	6.36179244367655e-08
0	0	0	0	3.46988431673816e-13	0	2.7604120688473e-09
0	0	0	0	3.661590115068e-13	0	2.08441371722605e-07
0	0	0	0	3.4599746228787e-13	0	-1.39612998661409e-07
0	0	0	0	3.58545763988776e-13	0	-3.832796834486e-08
0	0	0	0	3.71333861605664e-13	0	5.5600859154558e-07
0	0	0	0	3.5939293623626e-13	0	1.10893358329823e-07
0	0	0	0	3.54150873081106e-13	0	1.47602531077095e-08
0.00534131736526946	0.00429049351437405	0	0	0.00501714652547429	0	6.01768677470994e-06
0	0	0	0	3.58312404614767e-13	0	2.11596492158503e-07
0	0	0	0	3.58759428112477e-13	0	8.6222731844937e-08
0	0	0	0	3.59096070460567e-13	0	2.73008993620452e-05
0	0	0	0	3.59027177195335e-13	0	-2.00051668476377e-08
0	0	0	0	3.56466744062003e-13	0	1.02789732346674e-08
0	0	0	0	3.58953394104586e-13	0	3.77195277741175e-07
0	0	0	0	3.59014534334101e-13	0	-1.3928002253931e-07
0	0	0	0	3.57292683247144e-13	0	1.59310848387189e-08
0	0	0	0	3.59101149398597e-13	0	-1.11611273527188e-06
0	0	0	0	3.59488428788019e-13	0	-5.84896933756392e-07
0	0	0	0	3.59025226173622e-13	0	3.00092817000449e-08
0.00200399201596807	0.00201457072994971	0	0	0.00252554369655963	0	-1.45588157980499e-05
0	0	0	0	3.58109258030859e-13	0	-2.21182612001599e-07
0	0	0	0	3.59721712693823e-13	0	3.97461791491287e-08
0	0	0	0	3.59115609316231e-13	0	2.36082503805541e-07
0	0	0	0	3.58811254894492e-13	0	1.1369608549669e-07
0	0	0	0	0.000975194416723971	0	1.58668021240402e-07
0	0	0	0	3.58981466314345e-13	0	-1.30257192867436e-06
0	0	0	0	3.59028152529171e-13	0	4.21276390158729e-09
0	0	0	0	3.59316703980017e-13	0	1.14104846217905e-08
0	0	0	0	3.5899696498143e-13	0	-3.06327755963048e-07
0	0	0	0	3.59041771757141e-13	0	6.87113061369614e-09
0	0	0	0	3.59606532054139e-13	0	-7.66477628829413e-08
0	0	0	0	3.72353265635446e-13	0	-1.79576546295055e-07
0	0	0	0	3.59041771726119e-13	0	2.22418207989875e-08
0	0	0	0	0.00138044023817785	0	9.28650785175125e-09
0	0	0	0	6.32493752793943e-12	0	-2.14849523095006e-08
0	0	0	0	3.59041771799399e-13	0	2.22058660613686e-08
0	0	0	0	3.56869834460792e-13	0	3.80008670317521e-09
0	0	0	0	4.13596960184621e-13	0	2.5694732861809e-07
0	0	0	0	3.15519615812172e-13	0	1.09826042996686e-07
0.00545309381237525	0.00244749579739013	7.41910377104481e-05	7.41910377104487e-05	3.11661705286911e-14	0	-3.77097180642326e-09
0.0497085828343313	0.0304054095820735	0	0	0.0968057479525705	0	3.23358305972083e-06
0.00238722554890219	0.000475867748801017	0	0	0.000211990089220695	0	-3.50077418728612e-08
0	0	0	0	3.67504465548236e-13	0	3.35327233396053e-06
0	0	0	0	3.62188589197893e-13	0	1.10437951713903e-08
0	0	0	0	3.52187588813035e-13	0	7.42550671019092e-10
0.00596407185628743	0.00939018965691827	0.022870521357667	0.022870521357667	0.00768928820799766	0	8.05920254412758e-09
0	0	0	0	3.58984524285908e-13	0	7.72307660720728e-09
0	0	0	0	3.58990220321506e-13	0	1.18037918488033e-09
0	0	0	0	3.58984524285862e-13	0	5.0808291302786e-09
0	0	0	0	3.58979516579289e-13	0	5.95713937983835e-09
0	0	0	0	3.57500699949094e-13	0	2.20445278086921e-06
0	0	0	0	3.58984868370053e-13	0	-8.82110999067419e-10
0	0	0	0	3.57446966837908e-13	0	-2.33719401263729e-08
0	0	0	0	3.58979516579412e-13	0	-7.51141389926413e-09
0	0	0	0	3.58973820885714e-13	0	8.29487633564262e-09
0.00243512974051896	0.00138382910802247	0	0	0.00314957681925436	0	3.7588124788142e-08
0	0	0	0	3.58984868369956e-13	0	3.64935347003578e-10
0	0	0	0	3.5896311812772e-13	0	2.14251498356332e-08
0	0	0	0	3.57223749193422e-13	0	-4.05887171848664e-09
0	0	0	0	3.58963118127765e-13	0	-6.18711880014595e-09
0.00169261477045908	0.00123231715356003	0	0	0.00315510590670167	0	1.84341844965199e-09
0	0	0	0	3.58979516579415e-13	0	1.2072653370386e-08
0	0	0	0	3.58483091839685e-13	0	3.99844492441222e-10
0	0	0	0	3.5596068610989e-13	0	-5.83807161338821e-10
0	0	0	0	3.58630924886767e-13	0	-2.03544023571411e-08
0	0	0	0	3.57696547305449e-13	0	1.43709966793721e-08
0.00529341317365269	0.00167623051770357	9.85167932740971e-05	9.85167932740973e-05	0.00263458061067205	0	2.70976993880867e-09
0	0	0	0	3.58753391079319e-13	0	-1.39872482457986e-08
0.00245109780439122	0.000478860627724294	6.5660217871777e-05	6.56602178717764e-05	0.00181379828321576	0	6.52195314209826e-08
0.00241916167664671	0.000506657942923451	1.10022749616655e-05	1.10022749616653e-05	0.00166175724177264	0	1.61083673694285e-08
0	0	0	0	3.65275441857275e-13	0	1.21068246563493e-09
0	0	0	0	3.59127902299132e-13	0	-5.41167711289821e-08
0	0	0	0	7.55747624831762e-13	0	-5.32641001573582e-07
0	0	0	0	3.58688951991302e-13	0	-1.36838572248236e-08
0	0	0	0	3.31323496104728e-13	0	5.40951759181108e-12
0	0	0	0	3.65610670936683e-13	0	-9.21380298874762e-11
0	0	0	0	0.00180029805203497	0	8.70934133970305e-09
0	0	0	0	3.5931444811185e-13	0	2.3927977590899e-08
0	0	0	0	3.58981466305007e-13	0	-4.06183353127689e-09
0	0	0	0	3.58317350411948e-13	0	-8.86825643933281e-10
0	0	0	0	4.02894556368666e-13	0	3.1339645941666e-11
0	0	0	0	3.65610670936683e-13	0	-9.21380298874762e-11
0.00271457085828343	0.00116075060210576	0	0	0.0028283794392569	0	9.28381027224182e-07
0	0	0	0	3.13874280224206e-13	0	-1.06223407596534e-07
0	0	0	0	3.590367112084e-13	0	-4.21898873020579e-07
0.0200479041916168	0.0154869168330367	0.0457608469278357	0.0457608469278358	0.0195720658797423	0	1.45282607453123e-08
0.0653812375249501	0.0365432432583597	0.0639658017445191	0.0639658017445191	0.064809582266448	0	6.14407671100956e-09
0	0	0	0	3.57310578716705e-13	0	-1.86302860645283e-08
0	0	0	0	3.58981464571424e-13	0	-7.45952883749527e-10
0	0	0	0	3.58981466308985e-13	0	-3.79228642291121e-07
0	0	0	0	3.58981465559517e-13	0	1.83056817304921e-08
0	0	0	0	3.5898146590808e-13	0	1.92209509782382e-08
0	0	0	0	3.58980575750831e-13	0	-3.02836965255078e-12
0	0	0	0	3.589814662912e-13	0	-4.8493699940777e-11
0.269964071856287	0.526242582744305	0.31074221443805	0.31074221443805	0.284054522609836	0	-1.19655699470164e-07
0	0	0	0	3.37152663530935e-13	0	-1.460160783768e-07
0	0	0	0	3.58888724195108e-13	0	-8.86637430191724e-09
0	0	0	0	3.60539365293143e-13	0	2.27934422235636e-07
0	0	0	0	1.3386416781747e-11	0	1.01427517130047e-06
0	0	0	0	3.57643401233458e-13	0	-1.08118401305249e-07
0.00615568862275449	0.00175567781392705	0	0	0.00483369954537854	0	5.66733454629002e-07
0	0	0	0	3.55742052339072e-13	0	1.64341142632761e-07
0.00525349301397206	0.00160823888179609	0.000194488053579377	0.000194488053579377	0.00329206911711919	0	3.684290154496e-08
0	0	0	0	3.72144664250638e-13	0	5.99595968605848e-06
0.00266666666666667	0.000532718430298157	5.58890660401246e-05	5.58890660401254e-05	0.00130490067779844	0	5.32954198992557e-07
0	0	0	0	3.61087556595604e-13	0	2.17489824661109e-07
0	0	0	0	3.59133338783213e-13	0	3.6249264525214e-05
0	0	0	0	3.58246990697994e-13	0	-3.67772567104689e-08
0	0	0	0	3.59279955354959e-13	0	2.40933076639834e-08
0	0	0	0	3.59097030550935e-13	0	4.45484869482879e-07
0	0	0	0	3.79775050068279e-13	0	-5.01010259129826e-07
0	0	0	0	3.60736622398398e-13	0	2.55929719241608e-08
0	0	0	0	3.65191230957377e-13	0	-1.89486619438724e-05
0	0	0	0	3.59779861489862e-13	0	4.20840539571254e-07
0	0	0	0	3.58962702372178e-13	0	1.10784809155791e-07
0	0	0	0	3.59014654593645e-13	0	2.86336490269412e-07
0	0	0	0	3.59359799612302e-13	0	1.81545408442612e-07
0	0	0	0	3.57134757193997e-13	0	4.36805900408256e-07
0	0	0	0	3.59824688030045e-13	0	-1.28755188214359e-06
0	0	0	0	3.59359799689088e-13	0	-3.84433446651327e-08
0	0	0	0	3.47769257078201e-13	0	3.72107785485221e-08
0	0	0	0	3.59013390284475e-13	0	-3.49561746474638e-07
0	0	0	0	3.59882555000136e-13	0	7.26297717935069e-08
0	0	0	0	3.58962702448227e-13	0	-3.11424655040824e-07
0.00447904191616766	0.00344968113998126	0.0261089505404893	0.0261089505404892	0.00540786369677942	0	-1.90309702013497e-07
0	0	0	0	3.71405638987137e-13	0	3.29625185045109e-08
0	0	0	0	3.56596880652927e-13	0	-6.72305880090662e-08
0.133924151696607	0.0865430314688239	0.121265582177735	0.121265582177735	0.139856562060053	0	-2.33135676756013e-08
0	0	0	0	3.70927889270411e-13	0	3.88463214977878e-08
0	0	0	0	0.000189587360372894	0	-1.40548880696595e-08
0.00225149700598803	0.000417163446771737	0	0	0.000639427529311147	0	6.24885663372567e-10
0	0	0	0	3.58981466308962e-13	0	-8.78508022609373e-08
0.00775249500998004	0.00355814304105076	0.00619309190301445	0.00619309190301444	0.00682745334554062	0	-2.80337369249254e-07
0	0	0	0	3.58981465908132e-13	0	4.12663011745068e-09
0	0	0	0	3.58929499716473e-13	0	4.33138796827194e-12
0.00822355289421158	0.0067976485299859	0	0	0.0134014376897672	0	-4.8493699940777e-11
0	0	0	0	3.69082180959282e-13	0	4.6559636994272e-09
0	0	0	0	3.5898146548098e-13	0	6.75987707885276e-10
0	0	0	0	3.58981465584368e-13	0	-1.60211531396072e-09
0	0	0	0	3.58981273372412e-13	0	-4.95490848466459e-12
0	0	0	0	4.09399398445877e-13	0	2.65634167952395e-11
0.00824750499001997	0.00438413184627758	0	0	0.0134014376897672	0	-4.8493699940777e-11
0	0	0	0	3.58981466105524e-13	0	4.66164922374409e-08
0	0	0	0	3.58981466105527e-13	0	1.09505716277853e-08
