FW_Default	FW_LBM	FW_QBM	FW_NM	Direct	interior-point-convex	active-set
0	0.00912719681364703	0.00973358031486204	0.00973358031486199	2.83658191335822e-15	1	-1.42553386711061
0	0.00912719681364703	0.00973358031486204	0.00973358031486199	2.74345109783063e-15	1	-3.58968395562476
0	0	0	0	7.88015165071858e-15	0	0.0166539467431326
0	0	0	0	4.15175528282823e-15	0	2.57001502819445
0	0	0	0	2.10098867569454e-14	0	4.66503649896431
0	0	0	0	3.27543067216725e-15	0	-1.32542045438672
0	0	0	0	2.55489473503461e-15	0	-3.25349432392679
0	0	0	0	2.22762783654192e-15	0	-0.775248153655954
0	0	0	0	2.29509765274048e-15	0	0.797253803648839
0	0	0	0	2.54301530295721e-15	0	-1.76228793499608
0	0	0	0	1.3458359575029e-14	0	1.84732333204482
0	0	0	0	6.11198618226228e-15	0	0.0567601079465897
0	0.00912719681364703	0.00973358031486204	0.00973358031486199	3.80781898719258e-15	1	-1.17524311070323
0	0	0	0	4.74372315531137e-14	0	0.927923213389442
0	0	0	0	8.62848933814931e-15	0	1.31697848608188
0	0	0	0	1.53035476473499e-14	0	3.36773281902856
0	0	0	0	6.36792451674932e-15	0	1.5514103114722
0	0	0	0	2.73214580714761e-15	0	-3.24669768302343
0.0186138613861386	0.0221357688591775	0.0224809115448893	0.0224809115448893	0.0224722978739141	0	2.5781391742834
0	0	0	0	5.29727235453973e-14	0	1.96965464325977
0	0	0	0	1.11017215003303e-12	0	0.423525092229116
0	0	0	0	8.92989316701252e-15	0	4.65519920027922
0	0	0	0	3.84245760672114e-15	0	-0.300206573834734
0	0	0	0	5.47137800057867e-15	0	-0.357507383760506
0	0	0	0	2.68993385400078e-15	0	-3.95285513881091
0	0	0	0	2.48059875456038e-15	0	-1.47729797719222
0	0	0	0	1.13361587367461e-13	0	2.52596498533699
0.0110891089108911	0.0127897174890399	0.0106129106055864	0.0106129106055863	0.0105246135814173	0	3.08685524217311
0	0	0	0	2.13459574388223e-15	0	-2.4014296447093
0	0	0	0	2.19555475662892e-15	0	0.612876559889215
0	0	0	0	3.31739601050986e-15	0	-5.60167602647617
0	0	0	0	3.47188883153263e-15	0	-2.62989428940687
0	0	0	0	6.05713191884153e-15	0	0.156785763795414
0	0	0	0	3.72306924066402e-15	0	-2.26044569037028
0	0	0	0	5.65128005829681e-15	0	-1.5132273816793
0	0	0	0	2.96412279955479e-15	0	-1.63737248355968
0	0	0	0	6.20254982955678e-15	0	0.342884413532699
0	0	0	0	3.70886432160939e-15	0	-1.24092359915235
0	0	0	0	1.13782551232856e-14	0	0.629940174090515
0	0	0	0	2.25661088932232e-15	0	-5.57836850585753
0	0	0	0	2.87238557375393e-15	0	0.732913346802736
0	0	0	0	9.50567393954397e-15	0	-4.58328837573634
0	0	0	0	1.49774157687723e-14	0	0.00670809702647156
0	0	0	0	7.17005914041408e-15	0	-0.961767369690123
0	0	0	0	2.88508936395318e-15	0	-5.43129682718611
0	0	0	0	3.7938797968644e-15	0	-3.11346723890669
0	0	0	0	2.40423090765682e-14	0	2.74613079400865
0	0	0	0	2.60947068289866e-15	0	-0.765441062287965
0	0	0	0	4.37054961093037e-15	0	-0.304486539712704
0	0	0	0	2.14195619480152e-15	0	-3.593236551454
0	0	0	0	2.83714096636222e-15	0	0.230315697337521
0	0	0	0	2.71755748316804e-15	0	2.13862118746668
0	0	0	0	5.9311835773518e-15	0	2.27264928830748
0	0	0	0	2.35727992173178e-15	0	-2.18137547748924
0	0	0	0	5.55213442759766e-15	0	-2.32121619535789
0	0	0	0	6.51565923735857e-15	0	1.96919955868451
0	0	0	0	5.88626485489557e-15	0	-1.52419874231095
0	0	0	0	2.09273599266942e-15	0	-2.30025238711749
0	0	0	0	1.55081561207411e-14	0	-0.688556059062624
0	0	0	0	3.05993553405219e-15	0	2.32679920308685
0	0	0	0	8.21247888803788e-15	0	-0.422993237973529
0	0	0	0	1.00855532067589e-14	0	5.30882746287108
0	0	0	0	3.64119021548533e-15	0	-1.09349815824229
0	0	0	0	8.4971227829115e-15	0	1.7613743457003
0	0	0	0	3.18887830952166e-15	0	-0.690416094260761
0	0	0	0	4.51562961236594e-15	0	-1.49484105276639
0	0	0	0	2.32970038708471e-15	0	-2.74712408602996
0	0	0	0	5.89096912884218e-15	0	0.749373150235079
0.0962376237623762	0.093483798229139	0.0969145637253372	0.0969145637253372	0.0957859540748277	1	2.83840607626943
0	0	0	0	1.71141100257981e-14	0	-0.364176201214425
0	0	0	0	4.49377878389919e-15	0	-1.95234631632814
0	0	0	0	8.49872086729965e-15	0	0.735884719626657
0	0	0	0	4.06815008391818e-15	0	-4.36406022273444
0	0	0	0	3.88352161282123e-15	0	-1.77694870179793
0.29009900990099	0.286599370363817	0.28808941174462	0.28808941174462	0.288918197060845	1	5.48965241674547
0	0	0	0	1.16005669617108e-14	0	2.24527248963216
0	0	0	0	1.56623502886337e-14	0	0.829916469605741
0	0	0	0	2.61176450617331e-15	0	-0.643636756386466
0	0	0	0	2.05979526193249e-15	0	-0.455021537900094
0	0	0	0	8.56855474884184e-15	0	3.30980920284187
0	0	0	0	2.76277301036083e-15	0	0.162983025711317
0	0	0	0	2.69461478472161e-15	0	-1.09518178948451
0	0	0	0	3.00695223842688e-15	0	-1.23344519260133
0.0253465346534653	0.0153910314519464	0.0199101758726843	0.0199101758726844	0.016608093526003	0	3.05303639168846
0	0	0	0	2.56789150746081e-15	0	-1.08432209954397
0.0914851485148515	0.0963274874591517	0.0999163944274556	0.0999163944274556	0.0985040211781241	0	5.44199479993848
0	0	0	0	9.45955226245866e-15	0	0.99440649801772
0	0	0	0	2.23231016464721e-15	0	-1.29997390420422
0	0	0	0	2.1647799858297e-15	0	0.494328791462451
0	0	0	0	3.32723143032704e-15	0	-2.6581477838514
0	0	0	0	3.46983373707044e-15	0	0.314256372875534
0	0	0	0	4.38636970079566e-15	0	-2.4289330623783
0	0	0	0	1.02545854681072e-14	0	-3.88118935539449
0	0	0	0	2.40396908995097e-15	0	-3.12176109818252
0	0	0	0	5.21979728316359e-14	0	4.11751803823959
0	0	0	0	3.03481729993745e-15	0	-1.33406278010223
0	0	0	0	2.79964799205843e-15	0	0.708454795907897
0	0	0	0	2.17440314250695e-15	0	-4.55233290583948
0	0	0	0	5.99895001998904e-15	0	1.57362547751623
0	0	0	0	7.14984031671774e-15	0	7.67969173079962
0	0	0	0	2.21519848090895e-15	0	-0.678571561486245
0	0	0	0	3.18720677715599e-15	0	-0.854547245434984
0	0	0	0	5.07531197822678e-15	0	1.21780519259616
0	0	0	0	2.94451519744006e-15	0	-0.0144445399711418
0	0	0	0	2.85368816395877e-15	0	1.36695956925174
0	0	0	0	1.16890979688314e-14	0	2.9084182999329
0	0	0	0	3.06746123829918e-15	0	-0.925030698895409
0	0	0	0	4.07824978215863e-15	0	-1.07685065844679
0	0	0	0	9.70548267858989e-14	0	2.17473798153434
0	0	0	0	2.7249135588347e-15	0	2.26548516503556
0	0	0	0	2.4035838309613e-15	0	-3.26920249158177
0	0	0	0	5.21818605618168e-15	0	0.269383473119544
0	0	0	0	3.8005397634595e-15	0	3.82387300364624
0	0	0	0	2.56928733517291e-15	0	-1.46055892949582
0	0	0	0	1.32861202509821e-14	0	2.4846534415271
0	0	0	0	1.414121452056e-14	0	-1.60998192143772
0	0	0	0	2.74806524582706e-15	0	-0.874077451465916
0	0	0	0	6.84539353492957e-15	0	0.709332484704444
0	0	0	0	2.43219306235193e-15	0	-2.82375840826564
0	0	0	0	2.73377055111997e-15	0	-0.824474234416946
0	0	0	0	9.76608458935304e-15	0	4.13396269071693
0	0	0	0	2.34051948274902e-15	0	-0.689679563931379
0	0	0	0	2.01415003784286e-15	0	1.82025034058932
0	0	0	0	6.21404915147415e-15	0	0.367845023421278
0	0	0	0	1.42669289506077e-14	0	-2.89084760815708
0	0	0	0	3.58853109911316e-15	0	0.0758139260898916
0	0	0	0	6.60912408872291e-15	0	2.76761008921508
0	0	0	0	2.15434588666995e-15	0	-2.93594030472314
0	0	0	0	3.41001588381962e-15	0	-0.410018248464638
0	0	0	0	4.35105862668504e-15	0	0.230869874544684
0	0	0	0	1.69665442344929e-14	0	2.74202943159659
0	0	0	0	4.03721846519931e-15	0	-1.64089699693173
0	0	0	0	8.02702143060231e-15	0	1.51919610516893
0	0	0	0	3.62188951663241e-15	0	-0.541763454735004
0	0	0	0	1.13554184123025e-14	0	3.35890609930584
0.203564356435644	0.210605884094658	0.214604841618193	0.214604841618193	0.209559035859735	1	1.4329938638279
0	0	0	0	2.35336359826253e-15	0	-3.37191851344604
0	0	0	0	5.06873236770739e-15	0	-0.0542455068080442
0	0	0	0	3.40797085851448e-15	0	4.25109445135713
0	0	0	0	2.66510879254013e-15	0	-1.34424297000896
0	0	0	0	1.41754606556544e-14	0	1.8528547049168
0	0	0	0	7.29594538695313e-15	0	1.62049665657558
0	0	0	0	5.63877214711156e-14	0	1.94552291554846
0	0	0	0	7.31211031614089e-15	0	0.707724114882678
0	0	0	0	6.29138164672496e-15	0	-2.06741926546767
0	0	0	0	3.94767407646418e-15	0	-1.67367773966997
0	0	0	0	6.26692263361154e-15	0	1.74639885781499
0	0	0	0	3.87781082957906e-15	0	-2.10583360411157
0	0	0	0	1.45940998254249e-14	0	3.97389172842374
0	0	0	0	7.86880676445679e-15	0	-1.78826527166372
0	0	0	0	4.50441598996432e-15	0	0.602176341278824
0	0	0	0	2.20606948040677e-15	0	-3.95376666509512
0	0	0	0	1.80001594897602e-14	0	2.23673522093283
0	0	0	0	2.50223985445229e-15	0	-2.44187497440918
0	0	0	0	2.91031287885305e-15	0	-1.06474223705777
0	0	0	0	1.74883724373491e-14	0	6.00555636477528
0	0	0	0	3.92158061787049e-15	0	1.48351886071748
0	0	0	0	8.52844541425501e-15	0	-0.794607694723407
0.12990099009901	0.134689122279987	0.133614195067374	0.133614195067374	0.133961003580938	0	2.24860270634372
0	0	0	0	3.28594186402472e-15	0	-2.11805148087838
0.357821782178218	0.369680386180591	0.371161802925926	0.371161802925926	0.37001619019612	0	1.49888713527659
0	0	0	0	5.40303974876058e-15	0	-1.10413834307952
0	0	0	0	7.06997837008429e-15	0	-1.32428597338935
0	0	0	0	8.32960091820936e-15	0	4.33197239912119
0	0	0	0	6.35134439668549e-14	0	3.90062088984791
0	0	0	0	3.2588974986195e-15	0	-1.61759454960605
0	0	0	0	1.08927777459271e-14	0	2.36497997986298
0	0	0	0	2.1502402240152e-14	0	1.92770597838788
0	0	0	0	2.83843410818667e-15	0	-2.01732230961873
0	0	0	0	7.13664700377973e-15	0	-2.26183761524241
0	0	0	0	4.08985959170618e-15	0	-0.180818769758531
0	0	0	0	6.49467050202438e-15	0	-1.13833866617798
0	0	0	0	8.05957596956588e-15	0	1.01522696031783
0	0	0	0	6.91151670627233e-15	0	-6.39299804541289
0	0	0	0	2.46001927630844e-15	0	-0.0927490701452948
0	0	0	0	2.8878458653723e-15	0	-2.39306339157038
0	0	0	0	8.86989281418941e-15	0	1.36726694690884
0	0	0	0	4.33882160874776e-15	0	1.40338093711335
0	0.00912719681364703	0.00973358031486204	0.00973358031486199	2.0732173353278e-13	1	3.4484673713833
0	0	0	0	9.11366800736208e-15	0	1.048420442157
0	0	0	0	1.72392971729033e-14	0	1.4998620768818
0	0	0	0	2.41948915120152e-15	0	-2.69880584242883
0	0	0	0	3.19363245272027e-15	0	3.04087045165031
0.0324752475247525	0.0418402662895793	0.0424041166538568	0.0424041166538569	0.0429757602852927	0	4.12693924189405
0	0	0	0	2.53702720598551e-14	0	4.81953763226002
0	0	0	0	2.31339583112443e-15	0	-2.16350690075357
0	0	0	0	8.11077364503173e-15	0	-2.28803258883941
0	0	0	0	4.98357057737443e-15	0	-0.269038589156146
0	0	0	0	1.18254070318608e-14	0	0.124766521400488
0	0	0	0	2.89077017547869e-15	0	-3.23534406112226
0	0	0	0	3.63783058703287e-15	0	0.40537656828112
0	0	0	0	2.42898865919358e-15	0	-1.95814416408181
0	0	0	0	5.42489194802362e-15	0	1.97056118175813
0	0	0	0	5.24532631803979e-14	0	-0.0996652636914612
0	0	0	0	2.90946717531956e-15	0	-1.10473861534178
0	0	0	0	3.23674761775108e-14	0	-1.70685216829772
0	0	0	0	2.3426671883562e-15	0	1.32463009436121
0	0	0	0	4.14801953863595e-15	0	-1.7860824880179
0.0657425742574258	0.0537394437554395	0.0576669611274895	0.0576669611274895	0.0572565360957111	0	4.10081473884503
0	0	0	0	3.34136396170894e-14	0	1.89138911561046
0	0	0	0	6.10794511282798e-15	0	0.183861122532853
0	0	0	0	2.74903075948022e-15	0	-1.13778033787495
0	0	0	0	6.10405908475926e-15	0	4.0544996661188
0	0	0	0	5.11147137865579e-15	0	-1.64023510986041
0	0	0	0	3.28433750908524e-15	0	-1.84387649545865
0	0	0	0	3.30736325223981e-14	0	-3.76764943857708
0	0	0	0	3.93859631727348e-15	0	4.48732665003589
0	0	0	0	9.50017343462759e-15	0	3.48634133175149
0	0	0	0	2.08268453570254e-14	0	4.09540513273683
0	0	0	0	2.9232196446287e-15	0	-2.15457369701166
0	0	0	0	5.82892084516485e-15	0	3.97629923083835
0	0	0	0	2.36100818981389e-15	0	-4.03533674373856
0	0	0	0	2.83933925462067e-15	0	-1.72854223609333
0	0	0	0	3.10028138187443e-15	0	-0.872979851550018
0	0	0	0	2.1207746737945e-15	0	-4.23923799304201
0	0	0	0	7.03080547964398e-15	0	0.81482181385583
0	0	0	0	2.12281560977414e-15	0	-5.99706944429549
0	0	0	0	2.42766713167385e-15	0	-1.96395944424976
0	0	0	0	3.08791625277311e-15	0	-0.722430410369147
0	0	0	0	4.24916150822409e-15	0	-1.22014031068482
0	0	0	0	1.84467690240622e-14	0	2.63445944669155
0.0318811881188119	0.0307557133309383	0.0309475618792678	0.0309475618792678	0.0325398518324917	0	2.54554121879803
0	0	0	0	2.472947320659e-15	0	-2.89614339718682
0	0	0	0	6.51454105704573e-15	0	-1.22787915809408
0	0	0	0	1.93838152695591e-14	0	-2.60675516919931
0	0	0	0	7.69680747600776e-15	0	2.07866283327324
0	0	0	0	2.19826917315061e-15	0	2.27519181583642
0	0	0	0	4.79611716114811e-15	0	0.690658492155102
0.00376237623762377	0.00990220087377566	0.00985461744440377	0.00985461744440371	0.00350588358871783	0	3.5299318640113
0	0	0	0	6.24371081486611e-15	0	-2.32747323918884
0	0	0	0	2.13725862318181e-15	0	-2.78207664052022
0	0	0	0	2.62112164578705e-15	0	1.24649643791241
0	0	0	0	8.92742858336608e-15	0	-0.37309385050681
0	0	0	0	3.76268813145989e-15	0	-0.467645591907356
0	0	0	0	2.50625861772779e-15	0	-0.0419041532885684
0	0	0	0	2.48781047221121e-15	0	-1.22901802667664
0.0184158415841584	0.0259875001433591	0.0257823677070096	0.0257823677070097	0.0259811985969563	0	-1.4047603827909
0	0	0	0	4.24649288846474e-15	0	1.17762867295529
0	0	0	0	8.64825433400726e-15	0	4.37179141934882
0	0	0	0	3.76070476567727e-14	0	5.64833132119477
0	0	0	0	4.29086469527358e-14	0	3.00956610522241
0	0	0	0	3.53271025383985e-15	0	2.09807628773071
0	0	0	0	2.59600723725135e-15	0	-3.35111362744183
0.0910891089108911	0.0891976950737344	0.0914043841216148	0.0914043841216149	0.088344234778954	0	0.757342932283306
0	0	0	0	2.50216985612372e-15	0	-0.899903481167865
0	0	0	0	2.14159097702078e-15	0	-3.03373833729439
0	0	0	0	1.69071242770066e-14	0	-1.23239241670302
0	0	0	0	3.35785571223148e-15	0	0.686737512321857
0	0	0	0	2.52248092044452e-15	0	-1.80153793057721
0	0	0	0	2.37488245171262e-15	0	-1.12588497468978
0	0	0	0	6.07060120502697e-15	0	1.88534093439439
0	0	0	0	3.58027575080978e-15	0	-1.38619600294743
0	0	0	0	2.8084235344558e-15	0	-3.78193039253331
0	0	0	0	2.62920895790426e-15	0	0.147596154289132
0	0	0	0	1.03718602733951e-14	0	1.38063078945261
0	0	0	0	2.4987958555018e-15	0	-1.38442113541242
0	0	0	0	3.63879664870805e-15	0	-5.44766006446699
0	0	0	0	4.16765215863776e-14	0	2.6895565174259
0	0	0	0	4.50919824705738e-15	0	1.87523551471819
0	0	0	0	2.59222415261654e-14	0	-4.28701749351226
0	0	0	0	2.76633355315672e-15	0	-2.08923839528281
0	0	0	0	2.70802116325813e-15	0	-2.40905342328983
0.0215841584158416	0.024978100574035	0.0175138216077132	0.0175138216077132	0.0194151659231146	0	0.405175826974914
0	0	0	0	3.8971112177579e-15	0	0.0936797361641276
0	0	0	0	1.61272163228897e-14	0	2.89126660469451
0	0	0	0	5.53978708981314e-15	0	-0.787118435948143
0	0	0	0	3.74979759517148e-15	0	5.331019337926
0	0	0	0	1.8934939602533e-14	0	-0.225757751869544
0	0	0	0	7.25084519094023e-15	0	1.21664797833902
0	0	0	0	4.33595151009066e-15	0	0.296807697400286
0	0	0	0	2.76128949328973e-15	0	-3.26158010804807
0	0	0	0	3.6012637488084e-15	0	-3.40147165553527
0	0	0	0	1.00482227016697e-14	0	1.1998473111926
0	0	0	0	2.43946721559646e-15	0	-1.67042828722985
0	0	0	0	1.26397812395362e-14	0	5.26568604369623
0	0	0	0	3.09067097496717e-15	0	0.468371146492981
0	0	0	0	4.18104431175964e-15	0	-1.4952029989839
0	0	0	0	4.10362168280679e-15	0	1.65954779592209
0	0	0	0	6.92204996347602e-15	0	0.334641188424581
0	0	0	0	2.44302329772384e-14	0	1.77190679420644
0	0	0	0	4.92422804611945e-15	0	-0.516248704862229
0	0	0	0	2.80995960478595e-15	0	-1.54363093232585
0	0	0	0	3.06695280315521e-15	0	-0.127350536609944
0	0	0	0	4.55196382341054e-15	0	-0.0510836259617815
0	0	0	0	1.09002402750278e-14	0	1.64648222259254
0	0	0	0	5.23001339513231e-14	0	1.4529718234264
0	0	0	0	2.26081101603814e-15	0	-5.34120881389825
0	0	0	0	4.22583783032829e-13	0	-0.301624663927002
0	0	0	0	3.05883088277889e-15	0	-0.679157828578048
0.0221782178217822	0.0189177186562836	0.0203094724549302	0.0203094724549302	0.0203449045580997	0	4.10238020031785
0	0	0	0	3.09610108238713e-12	0	5.84419042987559
0	0	0	0	1.23087847811579e-14	0	3.00983920577947
0	0	0	0	9.15539546563633e-15	0	1.13634070273432
0	0	0	0	5.10570124752164e-15	0	-0.975089849769321
0	0	0	0	2.7810043945904e-14	0	0.980805710403765
0	0	0	0	3.22372406494632e-15	0	-2.00180569423208
0	0	0	0	3.80728141605617e-15	0	1.05678346331304
0	0	0	0	5.68491875551026e-15	0	-1.50829700614875
0	0	0	0	3.63153322928583e-15	0	-0.201237422365725
0	0	0	0	3.4120322226575e-14	0	3.85368412004233
0	0	0	0	1.58672881578824e-14	0	2.73449460023046
0	0	0	0	3.64750238494437e-15	0	-2.40136598500638
0	0	0	0	4.96762480277789e-15	0	-1.10480249374599
0	0	0	0	3.91273935926761e-15	0	-2.7119903995492
0	0	0	0	2.2354676887686e-15	0	-3.3593514064827
0	0	0	0	2.18838088844901e-15	0	-1.94737291108804
0	0	0	0	6.99508157609088e-14	0	2.82490362053996
0	0	0	0	3.47037059314856e-15	0	0.733423750410915
0	0	0	0	5.37757497258114e-14	0	1.52817938937737
0	0	0	0	3.85981462410244e-15	0	2.37908835693817
0	0	0	0	3.48478457040059e-15	0	-2.23213431995027
0.0411881188118812	0.0370685861742789	0.0357482664203714	0.0357482664203714	0.035160301257466	0	0.972572095674324
0	0	0	0	6.28087738145603e-15	0	1.48210176044765
0	0	0	0	5.19640085311067e-15	0	-0.515893090397398
0	0	0	0	3.24346465382071e-14	0	1.02013707930325
0	0	0	0	2.79045725310022e-14	0	4.63659254599674
0	0	0	0	1.56585457674075e-14	0	0.402090606166425
0	0	0	0	5.57261920392165e-15	0	-2.06800692420554
0	0	0	0	9.75181460205321e-15	0	-1.64811853114204
0	0	0	0	3.37878938923778e-15	0	-2.78283337810551
0	0	0	0	5.18188585496271e-15	0	-1.79388022675888
0	0	0	0	9.52181955583723e-15	0	1.0004447362098
0	0	0	0	5.91179397890132e-15	0	5.08974185997603
0	0	0	0	7.43742487025504e-15	0	0.0582266416423817
0	0	0	0	2.4874142645036e-15	0	-3.96331535636087
0.0675247524752475	0.0638298884252759	0.0598111431287678	0.0598111431287678	0.0612686731483809	0	3.06225641889427
0	0	0	0	9.7530783499671e-15	0	-0.977797783566467
0	0	0	0	3.03897396308075e-15	0	1.79543048153716
0.125544554455446	0.114995898182422	0.121717600459059	0.121717600459059	0.119605789730248	0	1.46766700883993
0	0	0	0	4.56687917098336e-15	0	-0.17494892096458
0	0	0	0	2.94697882558445e-15	0	-5.25911233211475
0	0	0	0	8.70508077123876e-15	0	1.7533145914749
0	0	0	0	3.43306994634263e-15	0	0.960533348606186
0	0	0	0	3.68442603549322e-15	0	-0.359948892238495
0	0	0	0	1.6096335887036e-14	0	3.1491202538269
0	0	0	0	2.98711744817039e-13	0	2.98892475671834
0	0	0	0	1.61286017869046e-14	0	3.64145705326147
0	0	0	0	1.53300296185348e-14	0	0.657110904185076
0	0	0	0	2.16650927539182e-15	0	3.276300208736
0.0263366336633663	0.0166259021247446	0.0201815807384421	0.0201815807384421	0.0181029336421376	0	1.95948933946073
0	0	0	0	2.63763438941701e-15	0	-0.161671544677628
0	0	0	0	5.42084153357309e-15	0	1.47730820353653
0	0	0	0	2.15515670422198e-15	0	-3.57527171893206
0	0	0	0	2.45166640047239e-15	0	-5.13934268113216
0	0	0	0	1.32384759605996e-14	0	5.44658026621244
0	0	0	0	2.46929391477408e-15	0	-3.01712564904364
0	0	0	0	2.84849953201721e-15	0	0.839133549347311
0	0	0	0	2.36421548247663e-15	0	1.73425691826544
0	0	0	0	6.89968145075235e-15	0	0.593349775062077
0	0	0	0	6.71793504393879e-15	0	0.856872363359915
0	0	0	0	2.61958260128391e-15	0	-2.30276703065451
0	0	0	0	2.45845702482375e-15	0	-2.29666474284477
0	0	0	0	1.1732091742874e-14	0	0.304406150726949
0	0	0	0	9.16616519963639e-15	0	-1.46058539837984
0	0	0	0	2.41071695155881e-15	0	-4.40089798741781
0	0	0	0	2.94288206440696e-14	0	-0.381217359006059
0	0	0	0	6.32757416528531e-15	0	1.27145371082408
0	0	0	0	2.31641383536259e-15	0	1.95004435278808
0	0	0	0	1.298053972697e-14	0	1.05067408951848
0	0	0	0	3.24706291873596e-15	0	-0.685726353416677
0	0	0	0	7.29197345466676e-15	0	0.875425589708945
0	0	0	0	2.38020634660375e-15	0	-1.61530145615387
0	0	0	0	5.95842738589509e-15	0	1.6229386591177
0	0	0	0	1.94877674916748e-14	0	5.06452415096213
0	0	0	0	2.18463821754017e-13	0	2.96837874661979
0	0	0	0	6.74459022109092e-15	0	1.17754116874553
0	0	0	0	5.25312388544565e-15	0	0.93852203733728
0	0	0	0	4.85854995012516e-15	0	-0.201964510512543
0	0	0	0	1.41648956603454e-14	0	2.51109320764117
0	0	0	0	2.31538669263794e-15	0	-1.7565078915564
0	0	0	0	2.09375377697644e-15	0	-2.70243371262606
0	0	0	0	3.17190343792507e-15	0	-1.71975820919352
0	0	0	0	2.35799975391907e-15	0	1.15122088785264
0.113465346534653	0.113039438849487	0.112661036346864	0.112661036346864	0.115840947045473	0	2.59541165745722
0	0	0	0	8.76895960950357e-15	0	-0.109385201613299
0	0	0	0	2.1091113487306e-15	0	-3.7404683201241
0	0	0	0	4.0149869301743e-15	0	-0.756300894339687
0	0	0	0	7.05342455287285e-15	0	2.7458735244336
0	0	0	0	3.18919714495228e-15	0	-4.64937284257656
0	0	0	0	2.85741061696287e-14	0	-1.45791417020449
0	0	0	0	4.93218283225215e-15	0	5.36619010808708
0.119009900990099	0.112555068594605	0.113840613640314	0.113840613640313	0.116292827612479	0	2.52650720644316
0	0	0	0	2.64772490855011e-15	0	-0.163973496803698
0	0	0	0	7.73228426635368e-15	0	0.849633366800879
0	0	0	0	7.47058179674994e-15	0	-2.85161840061302
0	0	0	0	5.32351729862097e-15	0	-0.442650476800316
0	0	0	0	2.29127708967318e-14	0	0.118355857879723
0	0	0	0	3.0796033993312e-15	0	1.32631374076117
0	0	0	0	2.68876786610312e-15	0	-1.584557365332
0	0	0	0	2.00330450007025e-14	0	0.569834717692572
0	0	0	0	5.17887505399174e-11	0	-1.25805137892759
0	0	0	0	4.21063938914307e-15	0	-1.50886054098513
0	0	0	0	6.86912646421294e-14	0	0.642262384706703
0	0	0	0	2.86505141056019e-15	0	0.440519974669858
0	0	0	0	3.98983908235162e-15	0	2.66082451142195
0	0	0	0	3.53884800204321e-15	0	0.491974002655614
0	0	0	0	1.05425288926907e-14	0	-0.719308440287972
0	0	0	0	2.34132478245526e-15	0	-3.39140202393314
0	0	0	0	4.02429083671856e-15	0	-1.7810509313158
0	0	0	0	3.45349075038451e-15	0	-0.434643486808517
0	0	0	0	3.04585578297662e-15	0	1.86509889099737
0	0	0	0	9.39915693217054e-15	0	0.313895120035457
0	0	0	0	4.69718147563299e-15	0	-1.81712004072692
0	0	0	0	6.72189930466292e-14	0	2.62537806476342
0	0	0	0	2.95827153838829e-15	0	0.405150671277016
0	0	0	0	2.67588571126919e-15	0	0.5359270197366
0	0	0	0	4.75973935592361e-15	0	-1.58544388232385
0	0	0	0	2.78356849169221e-15	0	-1.32231531313474
0	0	0	0	7.02280566920449e-15	0	-0.224406113697612
0	0	0	0	3.02281494989798e-15	0	-3.39394081496941
0	0	0	0	4.78101599111669e-15	0	-0.340894969067332
0	0	0	0	6.90305137322474e-15	0	0.274301183938982
0	0	0	0	6.26566407960348e-15	0	-0.911491543375724
0	0	0	0	3.60587587614055e-15	0	0.882008168831404
0	0	0	0	9.87450040910216e-15	0	2.27699151573497
0	0	0	0	2.01187481646998e-15	0	-1.87767089795296
0	0	0	0	1.21873381561186e-12	0	5.43433878739696
0	0	0	0	2.46252767769604e-15	0	-4.2078896748794
0	0	0	0	3.54891592310547e-15	0	0.895047485497482
0	0	0	0	2.81806837285055e-15	0	-2.88462943550019
0	0	0	0	2.95565380299141e-15	0	-1.46143436749168
0	0	0	0	2.89430673046184e-15	0	-1.93686459729434
0	0	0	0	5.91510471614016e-15	0	-2.86006366196375
0	0	0	0	1.28203010177504e-14	0	0.827706632415127
0	0	0	0	4.08328409568847e-15	0	0.746933877725545
0	0	0	0	7.87525556391733e-14	0	0.0435894048671248
0	0	0	0	4.11534790952371e-15	0	-0.0343223143987169
0	0	0	0	3.78873707262089e-15	0	2.19196374068772
0	0	0	0	2.97807599242137e-15	0	-4.23838083485654
0	0	0	0	2.25958136877452e-15	0	-2.53893185401867
0	0	0	0	6.64042564348501e-15	0	-2.46675381279865
0	0	0	0	5.9678993951826e-15	0	-1.27770674368348
0	0	0	0	1.55232033147275e-14	0	0.881361254858862
0	0	0	0	2.05806283115265e-15	0	-4.0380812453845
0	0	0	0	3.36830380228057e-15	0	-0.839201005543927
0	0	0	0	8.2051764182597e-15	0	0.159199255091681
0	0	0	0	6.34171836380756e-15	0	-0.272507656114748
0	0	0	0	4.92751475983896e-15	0	-1.27987453895346
0	0	0	0	2.60005425189758e-15	0	-1.63686788718169
0	0	0	0	1.53257169669338e-14	0	0.380916080747964
0	0	0	0	1.97762653757242e-07	0	0.625584737749933
0	0	0	0	8.39652849235912e-15	0	-1.3226326803792
0	0	0	0	2.30389796251583e-15	0	-2.23265009948945
0	0	0	0	3.45738192045851e-14	0	-0.00227899951460421
0	0	0	0	1.32632214461477e-14	0	-0.92080971766837
0	0	0	0	2.88925710240894e-15	0	1.53163506449527
0	0	0	0	2.99408952674942e-15	0	3.33733760411065
0	0	0	0	5.73283423254873e-15	0	0.20318688218506
0	0	0	0	2.32867248251221e-15	0	-2.34299645066976
0	0	0	0	3.32537490864258e-15	0	-1.26575279344754
0	0	0	0	1.07874469437554e-14	0	-1.07815135190519
0	0	0	0	2.98868704241695e-15	0	-4.79338770490948
0	0	0	0	5.88037004744697e-15	0	-1.39369920235643
0	0	0	0	2.0544546101129e-15	0	-1.7866709999428
0	0	0	0	1.86060554558591e-14	0	-2.24520144599107
0	0	0	0	7.04081874852029e-15	0	-0.509411001467742
0	0	0	0	4.60155638671042e-15	0	1.94349078368589
0	0	0	0	3.59815303842288e-13	0	2.68155829509265
0	0	0	0	2.38935998198426e-15	0	-1.24670793762124
0	0	0	0	4.30549965837901e-15	0	0.184018789435973
0	0	0	0	1.01553635478621e-14	0	1.37088775636217
0	0	0	0	4.16875278861704e-15	0	-1.21558506278307
0	0	0	0	4.96627174922601e-15	0	1.54368374195038
0	0	0	0	3.89486716259232e-15	0	-0.849918091235715
0	0	0	0	2.70920160793802e-15	0	-3.86585237060116
0	0	0	0	2.81969301221638e-15	0	0.527191845422903
0	0	0	0	6.22919988464692e-15	0	1.9696573199602
0	0	0	0	9.08176810586233e-15	0	3.91938083582182
0	0	0	0	2.61859099189004e-15	0	-3.6831412690805
0	0	0	0	2.9083595020157e-15	0	2.36685307814968
0	0	0	0	8.82509977643349e-15	0	2.33062704137983
0	0	0	0	1.35369225900661e-13	0	4.38730830383193
0	0	0	0	9.6305103465844e-15	0	1.05550724547896
0	0	0	0	1.16891017407776e-14	0	1.65299502947559
0	0	0	0	2.06584097105766e-15	0	-1.3292254499892
0	0	0	0	6.50683284688157e-15	0	1.70368270789738
0	0	0	0	6.81186741619231e-15	0	-3.47881181509736
0	0	0	0	3.09960715915392e-15	0	3.75102594119481
0.0754455445544555	0.0640974380643111	0.0596813125903031	0.0596813125903032	0.0650464764607179	0	4.37961597728277
0	0	0	0	3.40288009181125e-15	0	-0.218882547668469
0	0	0	0	2.54774432644681e-15	0	-3.09976693094569
0	0	0	0	3.38632977939065e-15	0	1.98871452020009
0	0	0	0	3.75558520591943e-15	0	-1.40618109969256
0	0	0	0	1.01864221122123e-14	0	0.142024386737715
0	0	0	0	3.68519863134336e-15	0	0.110116099311579
0	0	0	0	2.7885080205613e-13	0	1.52912600838365
0	0	0	0	1.13503106827007e-14	0	0.219892703002664
0	0	0	0	4.61092019226867e-15	0	1.96138281981305
0	0	0	0	9.84439938473371e-15	0	-0.44774906391102
0	0	0	0	3.80980653284322e-15	0	2.2332836064006
0	0	0	0	6.09628438934848e-15	0	1.73922523297683
0	0	0	0	3.6066074540719e-15	0	2.30812848559554
0	0	0	0	3.47161936884801e-15	0	-0.228155453158179
0	0	0	0	2.3683598945999e-15	0	-2.42336104632756
0	0	0	0	6.08229921089039e-15	0	3.0774015309439
0	0	0	0	2.07990733017754e-15	0	-2.36211035706045
0	0	0	0	2.87774850831981e-15	0	3.29542865310096
0	0	0	0	1.11368864842879e-14	0	-1.71918904228454
0	0	0	0	4.06523642160461e-15	0	4.10869865662639
0	0	0	0	1.11362609507749e-14	0	-0.267313156055527
0	0	0	0	3.97342690385903e-15	0	0.497229741386082
0	0	0	0	2.34240227915828e-15	0	-2.74823744373493
0	0	0	0	1.70644610778253e-14	0	4.00211652315808
0	0	0	0	2.78690819290903e-15	0	-3.0056077856988
0	0	0	0	7.76531093255229e-14	0	0.30768051235364
0	0	0	0	4.11628346657898e-15	0	-2.83998134473103
0	0	0	0	2.46419578155677e-15	0	-2.80857603587443
0	0	0	0	3.30894096302275e-15	0	3.59981180358978
0	0	0	0	6.70442900530134e-15	0	1.03765138109996
0	0	0	0	7.06242544221481e-15	0	4.96766651346345
0	0	0	0	7.28821143485065e-15	0	1.90282610206974
0	0	0	0	2.46064174950208e-15	0	-1.56940878544861
0	0	0	0	2.99028743762946e-15	0	1.13034531246839
0	0	0	0	1.71078706652999e-14	0	3.26352348135342
0	0	0	0	4.52370011564943e-15	0	1.62131155954036
0	0	0	0	3.43524447724019e-15	0	2.54360917638371
0	0	0	0	1.34079781873762e-11	0	1.93597153867246
0	0	0	0	3.15325101868543e-15	0	-1.60013556795834
0	0	0	0	7.30893157056446e-15	0	-0.986915722222105
0	0	0	0	3.5311259824438e-15	0	3.05432968004646
0	0	0	0	4.80332155028235e-15	0	2.23790416887888
0	0	0	0	2.63254440755752e-15	0	-1.87369545526001
0.0293069306930693	0.0362680833659656	0.0355552153470498	0.0355552153470498	0.0345268880778741	0	2.69171927050895
0	0	0	0	1.76103953039879e-14	0	5.55029499761381
0	0	0	0	4.69254426845111e-15	0	-1.26342200561751
0	0	0	0	2.46330322346616e-15	0	-2.65173833447875
0	0	0	0	4.65517922127486e-15	0	0.832879569150451
0.0336633663366337	0.0331246391471483	0.0277748949700154	0.0277748949700154	0.0305187636539532	0	2.6759745338398
0	0	0	0	8.44306461189135e-15	0	-2.01569914894107
0	0	0	0	4.23761675726459e-15	0	0.161882299363223
0	0	0	0	2.33599432986049e-15	0	0.259467790164889
0	0	0	0	3.21912130510387e-15	0	-1.2110017670094
0	0	0	0	1.28266662853312e-14	0	1.57072273472101
0	0	0	0	2.30290711945245e-15	0	-1.01787169924216
0	0	0	0	3.57049845810253e-15	0	1.04337961909276
0	0	0	0	4.75503270849665e-15	0	0.495578972010141
0	0	0	0	4.29383174097262e-15	0	0.0232868136734591
0	0	0	0	2.62620905899254e-15	0	-0.729968274336257
0	0	0	0	2.87329011454329e-15	0	-1.07874329572708
0	0	0	0	2.57597791391102e-15	0	-7.04585736318386
1	1	1	1	1	1	-4.50157059213586
0	0	0	0	2.3931611094544e-14	0	-0.836804215363299
0	0	0	0	2.13667169709515e-14	0	4.1637774759746
0	0	0	0	3.96200986716652e-15	0	2.2897736217152
0	0	0	0	3.24341196844711e-15	0	2.175935539397
0	0	0	0	6.18439775434305e-15	0	-1.44350381589175
0	0	0	0	2.99259592859631e-15	0	-0.218658722937665
0	0	0	0	3.1360712803994e-15	0	1.62225460557432
0	0	0	0	1.55335991154887e-14	0	1.09585888730875
0	0	0	0	5.87191384680125e-15	0	1.60945909854032
0	0	0	0	1.68366404969473e-14	0	0.247154513801515
0	0	0	0	2.43900102297273e-15	0	-3.08901389462062
0.0895049504950495	0.0843830721232233	0.0818749115980917	0.0818749115980916	0.0864057030665606	0	-2.54575639642384
0	0	0	0	4.83651772441598e-15	0	-1.37207030839876
0	0	0	0	3.13656167763626e-15	0	-1.24211472600139
0	0	0	0	4.49197443759472e-15	0	-1.03072976450123
0	0	0	0	1.37942386146861e-14	0	-1.03690507861476
0	0	0	0	2.63103075085571e-15	0	-0.38554672056416
0	0	0	0	3.11993702322192e-15	0	0.357651463256755
0	0	0	0	8.71639726504099e-15	0	-0.05176632085324
0	0	0	0	2.55054905401462e-15	0	-1.29357316198997
0	0	0	0	3.89231225361414e-14	0	2.46637404262609
0	0	0	0	3.15235602960495e-15	0	-2.01831693145971
0	0	0	0	2.38016486258497e-15	0	-3.02905660025385
0	0	0	0	4.77333330956944e-15	0	0.328501875738683
0	0	0	0	9.69306800101881e-15	0	-1.75932037670645
0	0	0	0	4.28251631268985e-15	0	-0.348736910496453
0	0	0	0	2.46057047210943e-15	0	-2.59173314227403
0	0	0	0	3.5030612085071e-15	0	-0.758755138457901
0	0	0	0	1.22790176721292e-14	0	-1.21518406317978
0	0	0	0	6.12382741363906e-15	0	0.179389514135387
0	0	0	0	2.2966024196806e-15	0	-0.0577827245072532
0	0	0	0	6.27579793072386e-15	0	-0.11191026621129
0	0	0	0	2.1991116140066e-15	0	-0.177729741974551
0	0	0	0	1.18710898365907e-14	0	1.28977336508965
0	0	0	0	8.73718847501528e-15	0	0.721606651586496
0	0	0	0	3.47834288647025e-15	0	1.74300020829981
0	0	0	0	6.38205011549797e-15	0	1.21485540878251
0	0	0	0	7.40599907197742e-15	0	0.47645293273314
0	0	0	0	6.2015404694696e-15	0	0.157056454082608
0	0	0	0	8.74632705762377e-15	0	1.70469679918857
0	0	0	0	5.30903272680276e-15	0	-3.84353401521985
0	0	0	0	2.35337490417199e-15	0	-0.892996050657165
0	0	0	0	5.37786958241347e-12	0	-0.286865343891326
0	0	0	0	8.17696676659427e-15	0	1.7553551488781
0	0	0	0	5.63884171555546e-15	0	0.686671951658184
0.297227722772277	0.285963238151934	0.28765680738506	0.28765680738506	0.28554909082756	1	-0.154617663130536
0	0	0	0	3.859886622182e-15	0	0.736874611489517
0	0	0	0	2.22146403671553e-15	0	1.97285172507948
0	0	0	0	2.38719125368561e-15	0	-2.98866086943423
0	0	0	0	2.23335952230634e-15	0	-0.797655514436172
0	0	0	0	1.09431872221765e-14	0	1.95932803565846
0.0895049504950495	0.0896201393702048	0.0827021876906731	0.0827021876906731	0.0885443048770184	0	2.54853856237528
0	0	0	0	1.31294591337349e-14	0	2.95716135061989
0	0	0	0	1.05982890859947e-14	0	0.895815421957736
0.0568316831683168	0.0446345358763756	0.0432053418271669	0.0432053418271669	0.0478509262960107	0	3.34112805357139
0	0	0	0	5.99290087270752e-15	0	0.259601979101537
0	0	0	0	1.12574682958579e-14	0	-2.45622477608713
0	0	0	0	6.62840912320103e-15	0	1.32527938587787
0	0	0	0	5.66041696317662e-15	0	0.358625083272784
0	0	0	0	3.94863353980747e-15	0	1.19825978108514
0	0	0	0	4.54320560030766e-15	0	1.25629754118829
0	0	0	0	6.25843831036047e-15	0	0.268166463505129
0	0	0	0	3.84351705671561e-15	0	-3.60862771431364
0	0	0	0	8.30794506281174e-15	0	1.0709722763741
0	0	0	0	2.09019643839761e-15	0	-6.15992344528943
0.456237623762376	0.44926079747233	0.448038648654847	0.448038648654847	0.449893143352185	0	1.62507277468479
0	0	0	0	3.00318239913255e-15	0	-0.962384373117709
0	0	0	0	4.65549900648566e-15	0	-0.696863086381924
0	0	0	0	5.64252219622842e-15	0	0.723769992582904
0	0	0	0	2.63799198357992e-15	0	0.625640455619138
0.0122772277227723	0.00688261790621736	0.00996773527144797	0.0099677352714479	0.00832129131060698	0	-0.913898523716342
0	0	0	0	4.10166108546845e-15	0	-1.76415904292924
0	0	0	0	2.19045100487813e-15	0	-3.56009048925727
0	0	0	0	2.3444648227442e-15	0	-1.3346993444336
0	0	0	0	3.1242408455543e-13	0	3.31562927019942
0	0	0	0	2.37926547171701e-15	0	-0.062617891101195
0	0	0	0	2.11741573497889e-15	0	-3.69309774289169
0	0	0	0	2.30828539398868e-15	0	-3.14919955799371
0	0	0	0	5.12001442232737e-15	0	0.7771303958841
0	0	0	0	4.49335854297993e-15	0	1.4865861065314
0	0	0	0	3.23453865792344e-15	0	-0.480926550226787
0.018019801980198	0.00742394902144245	0.00777495174493754	0.00777495174493754	0.00678009712451821	0	0.560975255815768
0	0	0	0	2.1720758177717e-15	0	-3.75901207674569
0	0	0	0	2.11712318473975e-15	0	-2.19976535865735
0	0	0	0	3.21982175693552e-15	0	-3.32827692233546
0	0	0	0	3.16266417627713e-15	0	-3.67897070993895
0	0	0	0	2.66913218602124e-15	0	-3.7499474994345
0	0	0	0	4.16773066710525e-15	0	-1.48584468981372
0.0263366336633663	0.0252319384832927	0.0281184466445917	0.0281184466445916	0.0285841202826852	0	4.98533959713318
0	0	0	0	2.774874817014e-15	0	-1.62230883741047
0	0	0	0	2.17958519775287e-15	0	-1.35512826617787
0	0	0	0	2.17945142150221e-14	0	3.80409018586008
0	0	0	0	2.71979872550198e-15	0	-0.268483110115318
0	0	0	0	6.44765811989383e-15	0	-0.603744965010447
0	0	0	0	1.74545214344546e-14	0	2.13118661515499
0	0	0	0	4.21568542969076e-15	0	-1.72143299948136
0	0	0	0	2.26798749998464e-15	0	-2.77744592679066
0	0	0	0	5.72196590194198e-15	0	2.57263805879696
0	0	0	0	3.63615534218383e-15	0	3.42125141417211
0	0	0	0	2.82081476716419e-15	0	1.96654024178658
0	0	0	0	3.14279080251424e-15	0	-0.82218152190397
0	0	0	0	3.87584094482417e-15	0	-3.18614310209296
0	0	0	0	5.0450934723387e-15	0	3.58788589647822
0	0	0	0	6.92474940782463e-14	0	2.4776752221794
0	0	0	0	1.42119064891224e-14	0	2.06137020260691
0	0	0	0	3.53504580824587e-15	0	0.780747132482349
0	0	0	0	2.81919750455737e-15	0	-0.28868247006535
0	0	0	0	5.72374255067855e-15	0	0.0625163411385881
0	0	0	0	3.73022130902637e-15	0	3.05826159482063
0	0	0	0	5.03949065159217e-15	0	-4.62053739685721
0	0	0	0	3.45818206767495e-15	0	-1.10272948765769
0	0	0	0	2.56201155440336e-15	0	2.12779769162627
0	0	0	0	0.0016026111939691	0	-1.85416816501046
0	0	0	0	1.19148265956676e-14	0	-1.62326003502102
0	0	0	0	6.03661038129853e-15	0	-0.942122165417509
0	0	0	0	1.00834403176927e-14	0	2.31006934759397
0	0	0	0	1.10515430016547e-14	0	0.826306520646252
0	0	0	0	2.7504318222456e-15	0	-3.84266025283543
0	0	0	0	2.50017538217632e-14	0	4.26200021704774
0	0	0	0	1.0073518773073e-14	0	0.384819737414513
0	0	0	0	2.50143175033003e-14	0	2.57588714468368
0	0	0	0	1.14458346644284e-14	0	4.08224885018611
0	0	0	0	4.74753265058366e-15	0	-1.63740441395095
0	0	0	0	4.81369177141508e-15	0	2.10270873893296
0	0	0	0	2.51178486694033e-15	0	-2.35568744853069
0	0	0	0	2.43119311798264e-15	0	-4.73627577005269
0	0	0	0	5.9264245884019e-15	0	1.71889799106069
0	0	0	0	3.77104247118014e-15	0	-2.53257216376814
0	0	0	0	2.74660992185308e-15	0	0.613357161917884
0	0	0	0	1.00589431913801e-14	0	3.90132043629617
0	0	0	0	2.94403687937987e-15	0	0.349828473148469
0	0	0	0	3.77450721664424e-15	0	0.778811635357492
0	0	0	0	8.119760405529e-15	0	3.35826562799295
0	0	0	0	8.55559874981373e-15	0	-3.24561510715916
0	0	0	0	1.44282489287553e-14	0	1.01821290472741
0	0	0	0	2.44221168618817e-15	0	-2.89566439436377
0	0	0	0	5.41176364405118e-15	0	-1.2214287864695
0	0	0	0	1.55928727330317e-14	0	-0.578366300101044
0	0	0	0	6.30964347089525e-15	0	-1.80708998736967
0	0	0	0	1.81664238960421e-14	0	5.0234579053974
0	0	0	0	6.839654675046e-15	0	-0.215357865949683
0	0	0	0	4.01324474639904e-15	0	-1.46029986609499
0	0	0	0	2.53179884677095e-15	0	-2.18617862164465
0	0	0	0	1.22195274411597e-14	0	2.16932539268823
0	0	0	0	2.84418652686828e-15	0	-2.11807044978636
0	0	0	0	4.88238820000977e-15	0	-0.384248309084092
0.0316831683168317	0.0309366056679776	0.0328228413588906	0.0328228413588907	0.0304990927810934	0	2.59945386008195
0	0	0	0	3.52437074818942e-15	0	-3.3059175145469
0	0	0	0	5.39464588787851e-15	0	-0.0394758637303298
0	0	0	0	3.17518973393409e-15	0	-0.113410542059237
0	0	0	0	3.5074086474597e-15	0	-2.58930403148413
0	0	0	0	2.48484619310163e-15	0	-0.593556731382125
0	0	0	0	2.91177380073256e-15	0	-1.12864711915445
0	0	0	0	2.64200568776885e-15	0	-3.44123161138882
0	0	0	0	3.69671268619862e-15	0	1.30367891503742
0	0	0	0	7.31280464292377e-15	0	4.51548674568217
0	0	0	0	2.63187511685825e-15	0	-1.52811747545131
0	0	0	0	2.40330768770199e-15	0	-5.50079508519789
0	0	0	0	2.56230411030089e-15	0	1.35343666913247
0	0	0	0	2.34958241639725e-15	0	-0.427511574699673
0	0	0	0	2.29227774836498e-15	0	-4.26184477588165
0	0	0	0	1.14431228686213e-14	0	-1.83389684693104
0	0	0	0	2.25315429365451e-15	0	-5.27073309866829
0	0	0	0	8.6146467850122e-15	0	-2.41195510108764
0	0	0	0	7.10650048410859e-15	0	0.758395958781767
0	0	0	0	2.51153141866205e-15	0	-3.70095713507491
0	0	0	0	7.84679670641233e-15	0	2.00413263477141
0	0	0	0	5.8426417503501e-15	0	2.41571678141331
0	0	0	0	3.06245748955385e-14	0	-1.86606528614899
0	0	0	0	3.17682192642223e-14	0	2.23837632053883
0	0	0	0	4.94352321255335e-15	0	-3.47058532834196
0	0	0	0	7.29011365554835e-15	0	0.798426124077957
0	0	0	0	9.99201891990384e-15	0	0.253820300184176
0	0	0	0	3.33679274231279e-15	0	-3.38905367154312
0.0263366336633663	0.0199842879719175	0.0175303024977923	0.0175303024977922	0.021924464015362	0	3.01401554303576
0	0	0	0	2.24059359205475e-15	0	-5.41762312651946
0	0	0	0	5.21159335578204e-15	0	3.30190978063622
0	0	0	0	6.57338928954997e-15	0	2.99994193883096
0.062970297029703	0.0665845375353229	0.0660935773845043	0.0660935773845044	0.0663406738089819	0	4.04205968541214
0	0	0	0	7.3324801729742e-15	0	-0.128854920036391
0	0	0	0	2.45017597010515e-15	0	1.21708709728566
0	0	0	0	3.71807275784202e-15	0	-4.93580967129042
0	0	0	0	2.58203510981221e-15	0	1.49800941970594
0	0	0	0	5.23712525978606e-15	0	-1.73344155641455
0.563366336633663	0.568172684515894	0.564939029782849	0.564939029782849	0.571694129362535	0	0.102264911628263
0.0279207920792079	0.0382673987001237	0.0312421445500149	0.031242144550015	0.034388222144201	0	4.03435079911544
0	0	0	0	2.22590349293161e-15	0	4.92807147081226
0	0	0	0	8.96040667536528e-15	0	0.274877393758015
0.0138613861386139	0.00714816091521621	0.00816182085380081	0.00816182085380077	0.00796581639087869	0	6.3773084193471
0.118019801980198	0.116103179551477	0.119566562877324	0.119566562877324	0.120635999602932	0	3.39222054720954
0	0	0	0	1.90690720132205e-14	0	3.96855995848212
0	0	0	0	2.99319727351981e-15	0	0.865245028087179
0	0	0	0	4.49707073507593e-15	0	0.640650840005258
0	0	0	0	1.13535236764699e-14	0	3.70693298319652
0	0	0	0	8.49612622743438e-15	0	1.14816576213689
0	0	0	0	7.12113225270729e-15	0	3.40030189282984
0	0	0	0	4.67687546079928e-15	0	1.25716504320707
0	0	0	0	2.96598872930265e-15	0	1.15345411937558
0	0	0	0	2.66343766003986e-15	0	-0.973113590741977
0	0	0	0	2.4734949407959e-15	0	-1.67726501070046
0	0	0	0	5.34079978513105e-15	0	0.301155312857242
0	0	0	0	3.08456661350514e-15	0	-3.27140341390313
0	0	0	0	2.05797111973616e-15	0	-0.250175759622934
0	0	0	0	9.32826999424163e-15	0	-0.665351204374477
0	0	0	0	1.94692347573019e-14	0	2.64509145233403
0	0	0	0	4.97204813636352e-15	0	0.0640609656309533
0	0	0	0	2.83069944851773e-15	0	-2.27831225804764
0	0	0	0	2.47701374424833e-15	0	-0.561301000726826
0	0	0	0	3.69542001830278e-15	0	-0.350130603302147
0	0	0	0	3.94310189234304e-15	0	-0.959082144776132
0	0	0	0	5.97024094116125e-15	0	-0.291767724787028
0	0	0	0	2.83763487201138e-15	0	-0.72990605939302
0	0	0	0	3.03144341238492e-15	0	0.146305407211282
0	0	0	0	3.98803504440507e-15	0	0.507716367372328
0	0.00579703226171399	0.0101155836577015	0.0101155836577015	0.00372420517942988	0	-0.435099604718731
0	0	0	0	1.2461888326838e-14	0	2.45742080114771
0	0	0	0	2.37449420958256e-14	0	6.394339359814
0	0	0	0	2.27939408132241e-15	0	-6.52215718719682
0	0	0	0	3.55319227732032e-15	0	-1.8622229045518
0	0	0	0	6.1742182902148e-15	0	-1.57851997602142
0.284950495049505	0.291066796940277	0.288666277082142	0.288666277082142	0.291312920941199	0	2.07074966910879
0	0	0	0	1.41209640802124e-14	0	2.02094806839305
0	0	0	0	2.75986054151067e-15	0	2.40699921820821
0	0	0	0	3.20180220905791e-15	0	-2.57474158023588
0	0	0	0	5.97119105610756e-15	0	-2.20610051312785
0	0	0	0	2.59109328711168e-15	0	0.951610368706653
0	0	0	0	8.7150037655381e-15	0	0.242138505742105
0	0	0	0	1.6981445213424e-14	0	-2.0205104251689
0	0	0	0	2.35849382358835e-15	0	-3.85133970975391
0	0	0	0	5.85439519205279e-14	0	5.40139636070734
0	0	0	0	3.65204272223205e-15	0	0.0552548976586394
0	0	0	0	2.18526501302518e-15	0	-1.69732194323078
0	0	0	0	1.3950036898645e-13	0	3.07248803646699
0	0	0	0	2.95219192686811e-15	0	-1.07525155921425
0	0	0	0	2.06360147526258e-14	0	0.646690546932076
0	0	0	0	3.53289812194767e-15	0	1.41981622389284
0	0.00714816091521621	0.00985025569284031	0.00985025569284026	0.00712255624255815	0	-0.410182835310718
0	0	0	0	2.43420854826326e-15	0	-4.25397798656305
0	0	0	0	1.29039862961862e-14	0	2.47924119271425
0	0	0	0	3.07032902405831e-15	0	-3.53744014615178
0	0	0	0	2.31867715196104e-14	0	3.40078014952763
0	0	0	0	6.13083651507958e-15	0	-0.0869792084954202
0	0	0	0	7.38400819803864e-15	0	3.6249479601037
0	0	0	0	5.51248302144077e-15	0	-0.300250857944687
0	0	0	0	5.99467150808957e-14	0	-0.374681685793239
0	0	0	0	4.05682311207369e-15	0	-1.85142532635473
0	0	0	0	1.96396386219469e-14	0	-0.848354961974015
0	0	0	0	2.47482947866018e-15	0	0.478721744299736
0	0	0	0	5.84541850462434e-15	0	-0.386053894928025
0	0	0	0	5.53414969667876e-15	0	0.165419295240501
0.520990099009901	0.531321013764448	0.527733345921274	0.527733345921274	0.528327849933769	1	-4.23280805777523
0	0	0	0	1.94088298146542e-14	0	1.48306966688875
0	0	0	0	4.29325864971021e-15	0	1.91441994379163
0	0	0	0	3.69084334365265e-15	0	1.03482959576817
0	0	0	0	2.55521301662317e-15	0	-2.76686336971544
0	0	0	0	2.88623974550078e-15	0	-0.20579669600415
0	0	0	0	4.96823844604147e-15	0	0.810441803931228
0	0	0	0	3.7071269858829e-15	0	-4.32772750477114
0	0	0	0	2.68608636430688e-15	0	0.807094986090763
0	0	0	0	2.85231413790536e-15	0	0.975169172013856
0	0	0	0	1.2595937433176e-14	0	2.84618124349489
0	0	0	0	4.63210126509261e-15	0	1.48857660385366
0	0	0	0	9.57809480003029e-15	0	-0.0210835040997157
0	0	0	0	5.26650171348479e-15	0	-0.0476837462765993
0	0	0	0	2.08995146726126e-15	0	-0.459612975563811
0	0	0	0	2.38479069271224e-15	0	-0.808649096565071
0	0	0	0	4.81135030735453e-15	0	0.414718553579242
0	0	0	0	1.72784066602546e-14	0	-1.13194810451028
0	0	0	0	3.96868411928134e-15	0	-0.684724107552288
0	0	0	0	2.27133093548484e-15	0	2.56269957756101
0	0	0	0	4.51890093358602e-15	0	-1.16728360221116
0	0	0	0	2.79138120287072e-15	0	-2.18149074154603
0	0	0	0	2.3299032014428e-15	0	-3.78223498278694
0	0	0	0	2.56229167151174e-15	0	-5.35934598513897
0.479009900990099	0.468678986235552	0.472266654078726	0.472266654078726	0.47167215006623	0	-0.970109366536196
0	0	0	0	3.04956527901532e-15	0	-2.58943049506171
0	0	0	0	9.97869072155788e-15	0	2.79177771392776
0	0	0	0	3.87380693209588e-15	0	-0.102967743753037
0	0	0	0	6.1601890298085e-15	0	-0.483283072339653
0	0	0	0	1.01256418863641e-14	0	4.2696348070254
0	0	0	0	4.05472125032637e-15	0	-2.87531842756722
0	0	0	0	3.15566992233455e-15	0	1.43620506907188
0	0	0	0	2.78368184362488e-15	0	0.485591099250188
0	0	0	0	3.39965503835638e-15	0	2.47062790565956
0	0	0	0	2.390773077486e-15	0	-0.961675827840327
0.114455445544554	0.105246936732101	0.111958713356165	0.111958713356165	0.110012972677868	0	0.199145359705155
0	0	0	0	2.03319418954417e-15	0	0.69480601243935
0	0	0	0	3.06149796763085e-15	0	-1.34006220019528
0	0	0	0	1.34246697587426e-14	0	-1.49229272839468
0	0	0	0	1.16266003699832e-14	0	3.37427899428753
0	0	0	0	4.02965467295884e-15	0	-1.88339733109476
0	0	0	0	2.77175664195849e-15	0	0.252816829324093
0	0	0	0	3.58150487917545e-15	0	1.93445446116495
0	0	0	0	4.20672132220057e-15	0	0.201317620370946
0	0	0	0	6.19539506231386e-14	0	6.01020200820777
0	0	0	0	2.63825534424673e-15	0	-0.11721071418323
0	0	0	0	7.57022568903098e-15	0	1.44696646591745
0	0	0	0	2.45494235425128e-15	0	-6.74831376517302
0	0	0	0	2.76838590142298e-15	0	2.01550313056335
0	0	0	0	6.3020540584973e-14	0	0.84249769039483
0	0	0	0	7.5159376372632e-15	0	0.854678361142212
0	0	0	0	3.86724331981709e-14	0	0.319181035444403
0	0	0	0	6.68730076051682e-15	0	1.41076351126791
0	0	0	0	6.29394671935404e-15	0	5.05874345927975
0	0	0	0	2.18643561393493e-15	0	-0.382573662114225
0	0	0	0	3.41695175623517e-15	0	-1.95072808538371
0	0	0	0	5.37563789639472e-15	0	-0.326712077200371
0	0	0	0	5.15593408837361e-15	0	-0.874856549370111
0.0372277227722772	0.0395167520863063	0.0423350890190987	0.0423350890190987	0.0411512746883487	0	0.575187616121702
0	0	0	0	1.06073964336542e-14	0	1.68684146257777
0	0	0	0	1.75999290621576e-14	0	2.78550159733263
0	0	0	0	2.75988720826526e-15	0	-1.12378594306991
0	0	0	0	2.15749396194054e-15	0	3.29648336067488
0	0	0	0	2.71621497719232e-14	0	-0.448835409316491
0	0	0	0	2.75315518724293e-14	0	0.939043569582475
0	0	0	0	2.10567677877758e-14	0	0.920189036102981
0	0	0	0	2.66309917863169e-15	0	-1.0558882550194
0	0	0	0	7.01887154867601e-15	0	-0.271523399303577
0	0	0	0	2.28776486987096e-14	0	-0.501149317361221
0	0	0	0	2.85685999346744e-15	0	-3.08305233688618
0	0	0	0	3.55383845523182e-15	0	-2.8124641206861
0	0	0	0	1.7389828902237e-14	0	1.10425873543621
0	0	0	0	5.58793326107684e-15	0	-2.21446015128312
0	0	0	0	5.711180581449e-15	0	-0.746250395950952
0	0	0	0	2.47329047156878e-15	0	-1.93006969729556
0	0	0	0	2.17080877386974e-15	0	-0.118088780353739
0	0	0	0	3.30224097184539e-12	0	2.57146127448062
0	0	0	0	2.36709737902848e-15	0	-3.32825791118344
0	0	0	0	2.37829331766995e-15	0	0.791883396195799
0	0	0	0	5.09178055699991e-15	0	-2.32666314372126
0	0	0	0	2.90402916208949e-15	0	-3.40367640860535
0.104158415841584	0.0983709841632755	0.0963574076597538	0.0963574076597537	0.0977666296319038	0	2.13562153401918
0	0	0	0	3.50825822702322e-15	0	1.36191734373723
0	0	0	0	2.1872618779088e-15	0	1.11177800462437
0	0	0	0	2.37468906058476e-15	0	-3.38097450676088
0	0	0	0	4.19812226014811e-15	0	1.47002388031388
0	0	0	0	3.47014076277828e-15	0	-0.12322461369573
0	0	0	0	1.14968907508991e-14	0	1.65109530100549
0	0	0	0	3.53310404225628e-15	0	-1.02874485039995
0	0	0	0	2.95509705204876e-15	0	-0.532032200570737
0	0	0	0	4.03175076033461e-15	0	-3.34672011279143
0	0	0	0	2.55697698717744e-15	0	-1.70496476626085
0	0	0	0	3.35821125705773e-15	0	2.9918192179796
0	0	0	0	2.79233819752814e-15	0	-3.20149599481783
0	0	0	0	6.84714210836227e-14	0	0.118885583732541
0	0	0	0	9.40541754182477e-15	0	4.9520752830609
0	0	0	0	2.87271581392547e-15	0	1.76287945107107
0.0392079207920792	0.0275628341308151	0.0307386581984925	0.0307386581984924	0.0301086180093165	0	1.85062668568386
0.101980198019802	0.102754799929134	0.0988904920778745	0.0988904920778745	0.100088420636683	0	-1.27858644940111
0	0	0	0	4.11257165225609e-15	0	-1.71406443330634
0	0	0	0	1.34431544570615e-13	0	1.80626647219766
0	0	0	0	4.96881944353532e-15	0	1.93518320100252
0	0	0	0	5.83480053281125e-15	0	1.20287085491944
0	0	0	0	2.34925366461213e-15	0	-0.717190318165652
0.00554455445544555	0	0	0	2.70483157987884e-11	0	0.937965825298534
0	0	0	0	2.39936523157649e-15	0	-2.95965026094956
0	0	0	0	4.23685446027449e-15	0	2.34944133276017
0	0	0	0	1.44165922958246e-14	0	0.708902858140879
0	0	0	0	3.36878604381907e-15	0	0.63266687208871
0	0	0	0	2.41095547117245e-14	0	5.05366018522047
0	0	0	0	4.82141416879107e-15	0	-3.94526283972569
0	0	0	0	2.53212637451291e-15	0	0.00684637412234537
0	0	0	0	4.36874385171011e-15	0	-1.27502151767649
0	0	0	0	3.07297324651205e-15	0	-1.16948375290699
0	0	0	0	6.8834114921667e-15	0	-1.97422750764295
0	0	0	0	2.34269004210419e-15	0	-1.58587174580086
0	0	0	0	1.64665092121885e-14	0	-2.77702429096161
0	0	0	0	2.47122622243399e-15	0	-0.290713622445564
0	0	0	0	2.496923688281e-14	0	0.547611096299377
0	0	0	0	5.29524974964301e-15	0	-2.6352911087623
0	0	0	0	9.96999431915449e-15	0	0.294012678045829
0	0	0	0	3.10857371565242e-15	0	-2.05028764585862
0	0	0	0	3.73173339017383e-15	0	1.32318122755945
0.0681188118811881	0.0708296806058376	0.0703833001708453	0.0703833001708454	0.0693697784312614	0	-0.83434421352892
0	0	0	0	2.83339707320522e-15	0	0.781711676289326
0	0	0	0	5.15671604149897e-15	0	1.19272016114686
0	0	0	0	2.76082858840378e-15	0	1.7023306822056
0	0	0	0	5.65742372304011e-15	0	1.33918395141638
0	0	0	0	4.048811624806e-15	0	1.46057319854951
0	0	0	0	2.94819412812051e-15	0	-0.997034715959932
0	0	0	0	4.38002243107655e-15	0	3.77818520644887
0	0	0	0	5.44926497344675e-15	0	2.80245289994158
0	0	0	0	2.43557797827686e-15	0	2.15083368559206
0	0	0	0	5.41428646663677e-15	0	-0.0522790900391004
0	0	0	0	7.35971425979869e-15	0	4.10030870216322
0	0	0	0	3.10387460195125e-15	0	-4.93301737482511
0	0	0	0	4.02812507309431e-15	0	-2.97401100035203
0	0	0	0	6.39995238169934e-15	0	4.14279459981042
0	0	0	0	2.30052062482842e-15	0	1.39424460668081
0	0	0	0	7.17230529521944e-15	0	0.168409183260313
0	0	0	0	4.43058884767e-15	0	-0.182951745565612
0	0	0	0	5.27664657268305e-15	0	2.96633306662952
0	0	0	0	2.38860876495298e-14	0	2.54645093513678
0	0	0	0	2.99772256903175e-15	0	-1.55746614976581
0	0	0	0	2.2381272307778e-15	0	1.56300470301055
0	0	0	0	3.90446567861604e-15	0	3.61684139122283
0	0	0	0	2.78262454004409e-15	0	1.66531084023413
0	0	0	0	4.63633152636791e-15	0	-0.134009727543478
0	0	0	0	8.43613301332542e-15	0	5.84950657150026
0	0	0	0	3.97259251671627e-15	0	0.0211930045984019
0	0	0	0	2.5230198224906e-15	0	-0.97300574722952
0	0	0	0	5.61834638495284e-15	0	-0.382961326659804
0	0	0	0	3.86771159884814e-14	0	4.28695108211827
0	0	0	0	3.67693659769872e-15	0	-2.27906249040424
0	0	0	0	6.96043617854286e-15	0	2.16015847363104
0	0	0	0	4.87017265359786e-15	0	2.18484282805405
0	0	0	0	3.02192373144114e-15	0	2.52287475201765
0	0	0	0	3.29230589621376e-15	0	-2.38258713286467
0	0	0	0	3.28044318913216e-14	0	1.84566936131637
0	0	0	0	1.87746669444954e-14	0	0.0319286598418808
0	0	0	0	3.83325679082408e-15	0	-1.80343512459964
0	0	0	0	1.80875031775346e-14	0	4.59555473762555
0	0	0	0	2.76196317284854e-15	0	0.403180992830446
0	0	0	0	8.83192119519274e-15	0	2.15113789711703
0	0	0	0	4.41069497166817e-15	0	-1.12143652196868
0	0	0	0	2.88283591812977e-15	0	-4.89504393262045
0	0	0	0	1.26809508487603e-14	0	0.13973093832004
0	0	0	0	3.57456149101269e-14	0	5.64798683363812
0.126732673267327	0.129715128019347	0.12726876108955	0.12726876108955	0.129201347623682	0	0.65960291533164
0	0	0	0	5.11974775437219e-15	0	1.15458619226739
0	0	0	0	2.97406426854616e-15	0	-2.70761173435981
0	0	0	0	3.91237137032343e-15	0	0.161456398527969
0	0	0	0	2.45142337621866e-15	0	-3.74175365780477
0	0	0	0	2.77234521758573e-14	0	3.08740742657409
0.0253465346534653	0.0331516321767244	0.0290120475635972	0.0290120475635972	0.0317996795237321	0	3.38152650026899
0	0	0	0	8.81903770047132e-15	0	0.646810245847693
0	0	0	0	2.03952978626675e-14	0	2.46174852027494
0	0	0	0	5.10100815043996e-15	0	0.757048139862504
0	0	0	0	4.5752304592947e-15	0	0.372520915514404
0	0	0	0	3.66341796208501e-15	0	1.67049091205054
0	0	0	0	5.86261384179885e-15	0	1.57736472205401
0	0	0	0	4.50210364266278e-15	0	-3.81571223478579
0	0	0	0	7.36283775030351e-15	0	-1.82588775336986
0	0	0	0	7.13641279547702e-15	0	2.92526729212773
0	0	0	0	4.21293193657585e-15	0	-2.61676096893781
0	0	0	0	1.76849269208884e-14	0	1.49899383790907
0	0	0	0	2.48761301341897e-15	0	-3.09498548991378
0	0	0	0	4.0977088808732e-15	0	-3.79448521232641
0	0	0	0	1.51846118429629e-14	0	2.94829430752265
0	0	0	0	2.23666311439515e-15	0	-3.39550795184424
0	0	0	0	5.1373388537349e-15	0	-0.401907662287522
0	0	0	0	2.26013639501186e-15	0	-0.439700523196316
0	0	0	0	1.06738337888609e-14	0	2.0381968148677
0	0	0	0	2.13446970329125e-15	0	0.0110395364064315
0	0	0	0	1.31362703129914e-14	0	6.86436156028059
0	0	0	0	3.7503681002242e-15	0	-3.44213481742945
0	0	0	0	4.08281881506519e-15	0	-1.79327477797467
0	0	0	0	3.88780594826585e-15	0	0.0842646433907753
0	0	0	0	2.52338923549844e-15	0	-0.167290255238869
0	0	0	0	2.39060555626841e-15	0	-4.28283765157861
0	0	0	0	6.01635655365059e-15	0	-4.05609676485741
0	0	0	0	3.05958197787755e-15	0	-2.15431314486107
0	0	0	0	2.43960550773893e-14	0	-0.818336771247793
0	0	0	0	1.32804983445044e-14	0	-0.923884789712524
0.0499009900990099	0.0522047239794486	0.048765694135363	0.048765694135363	0.0524177423234615	0	7.30556258834492
0	0	0	0	4.30739708441636e-15	0	1.35371299790864
0	0	0	0	2.99063793304219e-15	0	-0.551601964772886
0	0	0	0	2.18483832444727e-13	0	-0.0586345529919353
0	0	0	0	2.61036988830271e-15	0	-4.32341493254457
0	0	0	0	5.72347558795512e-15	0	-3.34143885880427
0	0	0	0	5.84474925056903e-15	0	2.81685009899009
0	0	0	0	4.25261603258599e-15	0	-1.05671305271267
0	0	0	0	4.09730573805661e-15	0	-2.11148217019617
0	0	0	0	2.69516504293893e-15	0	-1.69635140517891
0	0	0	0	1.41389814287369e-14	0	2.79932029335556
0	0	0	0	2.23093303207962e-15	0	-3.04884193269721
0	0	0	0	5.03655773626319e-15	0	-1.79089893071914
0	0	0	0	2.94842774226701e-14	0	2.89756215076057
0	0	0	0	3.85977661480526e-15	0	-0.935865156750124
0	0	0	0	3.26698563292997e-15	0	-2.31994181973848
0	0	0	0	2.59108339937096e-15	0	-0.206600787918576
0	0	0	0	3.26957476563546e-14	0	2.42788469996428
0	0	0	0	1.01351543636526e-14	0	-2.50615562723096
0	0	0	0	1.47502278384524e-14	0	-2.564307357627
0	0	0	0	6.08495316912956e-15	0	-0.638384586465115
0	0	0	0	3.69135836083647e-15	0	-0.465131955772526
0	0	0	0	2.69862396100721e-15	0	-3.3884661466439
0	0	0	0	2.58034204057256e-15	0	-3.23807137569778
0	0	0	0	2.87232399935317e-15	0	-3.20464742852216
0	0	0	0	3.92888391863074e-14	0	1.46138860126466
0	0	0	0	6.97206352905354e-15	0	-0.359977796953147
0	0	0	0	3.56866352246348e-15	0	-0.404610485928699
0	0	0	0	3.13146020929099e-15	0	-1.07804404251661
0	0	0	0	5.0582868728661e-15	0	-0.408765799938167
0	0	0	0	3.1656636939977e-15	0	0.168496244637721
0	0	0	0	2.75069143605721e-15	0	-5.64874083295084
0	0	0	0	3.03989176641901e-15	0	-4.33873795914025
0	0	0	0	6.32328467942885e-15	0	2.63761780982108
0	0	0	0	1.27701053941545e-14	0	2.53906152751239
0	0	0	0	3.5458538476589e-15	0	-0.724591210439787
0	0	0	0	2.81895122295079e-15	0	-0.101796078170753
0	0	0	0	2.32934569300742e-15	0	-2.7089714588588
0.102772277227723	0.101898101770589	0.101546079466808	0.101546079466808	0.102588974575337	0	3.1621819249385
0	0	0	0	5.47367702023119e-15	0	-3.99677503410641
0	0	0	0	2.87089833510027e-13	0	4.87845471370729
0	0	0	0	1.00052898280723e-14	0	1.38327191001798
0	0	0	0	9.86394447743894e-15	0	0.528932003232649
0	0	0	0	5.83252507792475e-15	0	2.5345094288791
0	0	0	0	2.58600517685966e-15	0	0.813671115354672
0	0	0	0	5.06334358657841e-15	0	-0.693301410233974
0	0	0	0	7.8163297891771e-15	0	-0.306317213129289
0.0178217821782178	0.0181234823621668	0.0172039162463756	0.0172039162463757	0.017860312217297	0	3.06512494245845
0	0	0	0	4.54618858744378e-14	0	1.02066525874845
0	0	0	0	2.86879249276736e-15	0	0.592405915142681
0	0	0	0	4.79072223388711e-15	0	-2.45643429650336
0	0	0	0	5.69107750749949e-15	0	-1.00972976590846
0	0	0	0	5.43640602317434e-15	0	2.26520850621567
0	0.00551344251246765	0.00975145502277582	0.00975145502277579	0.00565015846050356	0	6.3409054169358
0	0	0	0	6.75461672338771e-15	0	-0.0134981145175869
0	0	0	0	2.03964925889278e-15	0	-3.82879042478787
0	0	0	0	1.53960628039045e-13	0	2.78318448081352
0	0	0	0	2.21663360716493e-15	0	-3.8342267039139
0	0	0	0	2.17418352156537e-15	0	-4.24387006221689
0	0	0	0	2.85952070510381e-15	0	0.243166668001133
0	0	0	0	3.06542590002872e-15	0	-0.903063019819806
0	0	0	0	2.74075064003816e-15	0	1.3778278042793
0.0415841584158416	0.0303982619667764	0.0376252972065143	0.0376252972065143	0.034557388043046	0	3.39104519492595
0	0	0	0	3.2028978268089e-15	0	4.63601076783437
0	0	0	0	2.74638230907316e-14	0	1.89356849442879
0	0	0	0	4.1892989081748e-15	0	-0.863280612915267
0	0	0	0	3.74250237099291e-15	0	1.22662939998615
0	0	0	0	3.28105314597693e-15	0	-3.2663519687355
0	0	0	0	3.87611284694757e-15	0	-4.02097689382028
0	0	0	0	3.68468032472385e-15	0	0.0174495970047003
0	0	0	0	2.98681293220589e-15	0	-5.30125273751614
0	0	0	0	2.38889596312993e-15	0	1.12542539726094
0	0	0	0	3.24930171845368e-15	0	1.4441365015711
0	0	0	0	2.42328589472322e-15	0	-2.89983904258801
0	0	0	0	2.83475780292432e-15	0	-3.3771617830654
0	0	0	0	3.33749143172817e-15	0	-2.31291650277989
0	0	0	0	3.42281411308997e-15	0	-4.82555810234362
0	0	0	0	2.53456388715245e-15	0	-0.28482944168453
0	0	0	0	1.02118723700575e-14	0	3.16394023428594
0	0	0	0	4.23001428794811e-15	0	2.73474230442037
0	0	0	0	2.40933560264161e-14	0	2.89519629870335
0	0	0	0	7.2973096886975e-15	0	0.889989902115827
0	0	0	0	2.3233285191788e-15	0	-2.03582934604457
0	0	0	0	6.80001535517376e-15	0	1.19745861171592
0	0	0	0	2.42434918315114e-15	0	-1.2255856998301
0	0	0	0	9.68872469245465e-15	0	-2.77109443639726
0	0	0	0	2.3939556798186e-15	0	-4.76462457124578
0	0	0	0	6.19329860217039e-15	0	-0.128032279827863
0	0	0	0	4.36612446228269e-15	0	0.452768513803796
0	0	0	0	2.20553878717847e-15	0	-3.38303628712242
0	0	0	0	2.09344626769762e-15	0	-2.48739413793031
0	0	0	0	2.24177361211974e-15	0	-0.100533502664276
0	0	0	0	2.05108131403302e-15	0	-3.42234943971745
0	0	0	0	2.31575369160057e-15	0	1.3973679238327
0	0	0	0	3.33341184727923e-15	0	1.05542852120907
0	0	0	0	3.50014272196706e-15	0	-4.45187402564601
0	0	0	0	5.37616116041667e-15	0	-0.237639606236517
0	0	0	0	3.73411381688372e-15	0	0.957483192586865
0	0	0	0	3.0162716281055e-15	0	-1.24936548436301
0	0	0	0	5.97450343539628e-15	0	3.56595100399735
0	0	0	0	4.95522966670501e-15	0	-5.05234606152629
0	0	0	0	1.49974713420634e-14	0	3.06310702816668
0	0	0	0	1.15973109094678e-12	0	3.16909899808079
0	0	0	0	9.22073505437847e-15	0	2.45299758426761
0.202178217821782	0.189544619837981	0.189758135987717	0.189758135987717	0.195013318148198	0	-0.314267946843525
0	0	0	0	2.20321446985213e-15	0	-4.9632940149677
0	0	0	0	2.60410530478979e-15	0	-2.42726311727441
0	0	0	0	5.33212641990015e-15	0	5.9854067802282
0	0	0	0	5.92718677304967e-15	0	-1.3224091539378
0	0	0	0	2.42278250069993e-15	0	-2.98151418078371
0	0	0	0	4.85229696298897e-15	0	3.30811347926985
0	0	0	0	5.06192107370624e-15	0	-4.50778886042526
0	0	0	0	8.54598500321969e-15	0	2.70432269858954
0	0	0	0	9.84968320261655e-15	0	1.17708337916324
0	0	0	0	2.5237471968348e-15	0	0.372442288695347
0	0	0	0	3.43514956613985e-15	0	-2.44916916907975
0	0	0	0	5.19401969221227e-15	0	-1.65943643490298
0	0	0	0	3.77848948595871e-15	0	2.06975473257338
0	0	0	0	1.16700794285857e-14	0	2.15616924396877
0	0	0	0	2.35022327820165e-15	0	-1.03150542297814
0	0	0	0	2.97318045413554e-15	0	0.0433632407611367
0	0	0	0	4.44654235933821e-15	0	2.32627916028846
0	0	0	0	9.21571236818479e-14	0	6.67415320438815
0	0	0	0	9.95893877305305e-14	0	1.95288139466775
0	0	0	0	1.28278294776368e-14	0	5.52912724542444
0	0	0	0	2.75247244228272e-15	0	-1.98692252158619
0	0	0	0	3.99914953618811e-15	0	0.837504734451443
0	0	0	0	3.1836235716976e-15	0	-2.53621774931946
0	0	0	0	2.55116175858115e-15	0	1.03058183093693
0	0	0	0	5.06300085616306e-15	0	1.25301386672713
0	0	0	0	2.8133467877743e-15	0	3.14105981179143
0	0	0	0	7.63699411732892e-15	0	-1.98826178231851
0	0	0	0	3.52179661263092e-15	0	0.819066042172659
0	0	0	0	2.67965506944438e-15	0	1.00386072562526
0	0	0	0	5.85876550476589e-15	0	0.445512386330259
0	0	0	0	3.22450211662883e-15	0	2.89540202346771
0	0	0	0	2.60212293967297e-15	0	1.48551322102317
0	0	0	0	2.60316476230753e-14	0	1.69424422848657
0	0	0	0	2.38506348381766e-15	0	-2.31476694101141
0	0	0	0	2.80045304158691e-15	0	-1.17788435956733
0.0582178217821782	0.0637927652787446	0.0626391901884714	0.0626391901884715	0.0634375883297312	0	6.91647221930147
0	0	0	0	2.28641364748435e-14	0	1.04762970048104
0	0	0	0	3.0376895772159e-15	0	1.14849004439654
0	0	0	0	4.12577480147237e-15	0	-0.448840247573313
0	0	0	0	2.39751842001205e-15	0	1.66736577835868
0	0	0	0	5.54146323468818e-15	0	-0.221008932773333
0	0	0	0	3.37657887131007e-15	0	-1.22808258258961
0	0	0	0	4.39225749013103e-15	0	0.736463644472811
0	0	0	0	1.94789892566117e-12	0	0.142128568495372
0	0	0	0	3.20610286124393e-15	0	0.980736602908032
0	0	0	0	3.49731778125812e-14	0	-0.508930959759652
0	0	0	0	3.34866543811069e-12	0	2.05744641039962
0	0	0	0	4.89351577485472e-15	0	1.39161215304163
0	0	0	0	2.16241379221801e-15	0	-3.70729627399602
0	0	0	0	8.00803773323282e-15	0	3.48687485814232
0	0	0	0	6.0309309134377e-15	0	2.74589779772631
0	0	0	0	2.34908661022344e-15	0	-0.100924324865484
0	0	0	0	4.83203209006575e-15	0	-1.13939397996995
0.0273267326732673	0.0388228877712704	0.0334024157258489	0.0334024157258489	0.0377071710725847	0	4.51959775451161
0.0386138613861386	0.0490132762898082	0.0467754371821549	0.0467754371821549	0.0471397251277382	0	7.22454974373228
0	0	0	0	2.51208277731816e-15	0	-0.435541037261824
0	0	0	0	5.70542076839254e-15	0	2.72063729307272
0	0	0	0	2.90858297099562e-15	0	-0.680387034475912
0	0	0	0	3.34467020752162e-15	0	-4.71783669938092
0	0	0	0	5.53267973272742e-15	0	-2.13262738994882
0	0	0	0	1.16261233251965e-14	0	-2.49264958633918
0	0	0	0	2.55288188918543e-15	0	-2.87947845828417
0	0	0	0	2.57902990122002e-15	0	-1.71018879575234
0	0	0	0	2.37747679939325e-15	0	-6.47028468179734
0	0	0	0	3.55889787302986e-15	0	-3.1587507314632
0	0	0	0	2.86485634112445e-14	0	1.92077076232367
0	0	0	0	2.46794457344307e-15	0	0.546552845497806
0	0	0	0	9.32348117401817e-15	0	2.13724401890544
0	0	0	0	3.89549269499898e-15	0	0.964140733753061
0	0	0	0	2.14299382539985e-14	0	2.0401647210005
0	0	0	0	3.64640456530598e-15	0	-3.91825564810432
0	0	0	0	2.36336036413743e-14	0	-1.93559055402011
0	0	0	0	4.84776247312509e-15	0	2.96859878547258
0	0	0	0	3.14573228146366e-15	0	-1.08452574514218
0	0	0	0	2.16954278036883e-14	0	4.93435352454457
0	0	0	0	3.2119399182371e-14	0	-1.51585383680843
0	0	0	0	7.8065645699701e-15	0	-1.20924317131157
0	0	0	0	2.23246638156395e-14	0	0.815304717634854
0	0	0	0	2.65177673288146e-15	0	-0.513914278698235
0	0	0	0	4.65505966643082e-15	0	0.106987197458104
0	0	0	0	2.21237425735364e-15	0	-4.02379618545147
0	0	0	0	2.51072839624877e-14	0	1.35305216381416
0	0	0	0	1.11069472452988e-14	0	1.92169293591346
0	0	0	0	2.48686593010133e-15	0	-1.23105215388014
0	0	0	0	2.64303428511819e-14	0	0.281984712192598
0	0	0	0	2.64698669610249e-15	0	-2.41574539444004
0	0	0	0	3.81152096929627e-14	0	3.08339911480379
0	0	0	0	3.88155229989125e-15	0	-4.2005772112972
0	0	0	0	6.75326558737001e-15	0	-4.70255425069499
0	0	0	0	4.997215855097e-15	0	3.53580453561526
0.336633663366337	0.328441316381191	0.32829178904741	0.32829178904741	0.32901403297386	0	0.279376266931217
0	0	0	0	4.70345804816014e-15	0	3.50738971292107
0	0	0	0	2.84523310312965e-15	0	-1.96474997282522
0	0	0	0	4.99290936426484e-15	0	2.66447257278405
0	0	0	0	3.6016506188302e-15	0	-0.286272297839353
0	0	0	0	2.64086200467459e-15	0	0.719811882832665
0	0	0	0	2.80560095256886e-15	0	-1.37174095615556
0	0	0	0	2.59394925947234e-15	0	-2.48765476230991
0	0	0	0	2.39977028728601e-15	0	-2.4972020306754
0	0	0	0	3.39026099326424e-15	0	-1.87054527943026
0.0287128712871287	0.0371449848915549	0.0307825262007245	0.0307825262007245	0.0341301279398435	0	2.00505710667557
0	0	0	0	2.10466239296452e-15	0	-0.640710133495349
0	0	0	0	3.52499553480069e-15	0	-2.57219009692025
0	0	0	0	1.08790262520941e-14	0	2.63375846327331
0	0	0	0	3.21975907314099e-15	0	-0.41459837705404
0	0	0	0	2.11130601436994e-15	0	-3.67900033710322
0	0	0	0	6.11402792452586e-15	0	-0.27851022233295
0	0	0	0	2.21644161513211e-15	0	-2.93274993713698
0	0	0	0	6.8107290709423e-15	0	0.873447203461552
0	0	0	0	4.38608063626487e-15	0	0.441931193466885
0	0	0	0	4.18962366513225e-15	0	-5.21430611574344
0	0	0	0	2.61960382286764e-15	0	-0.577871575068849
0	0	0	0	1.95698911828945e-14	0	4.10466956539022
0	0	0	0	7.62473305025154e-15	0	0.766236818058573
0	0	0	0	4.43650521336307e-15	0	0.12187536571228
0	0	0	0	2.61450279474104e-15	0	0.121691033958815
0	0	0	0	2.60399545050146e-15	0	-2.09177478725819
0	0	0	0	7.85503941373862e-15	0	1.47019005642983
0	0	0	0	2.37408290441721e-14	0	2.01259539155089
0.0253465346534653	0.0165047784784057	0.0166242239915059	0.0166242239915059	0.0165039202432249	0	-1.48381562925806
0	0	0	0	3.90730799189708e-15	0	1.22171699032141
0	0	0	0	2.20630566003388e-14	0	0.371362331817238
0	0	0	0	2.47333191425654e-15	0	-6.0172682646236
0	0	0	0	4.20844333458737e-15	0	-0.515583180049253
0	0.00547898349676472	0.00843661150112961	0.00843661150112956	0.00588839244849823	0	2.76194335962153
0	0	0	0	4.05965220010351e-15	0	-2.78948434135846
0	0	0	0	5.35924196668373e-15	0	2.90899379555463
0	0	0	0	3.02774811083273e-14	0	0.711630978239525
0	0	0	0	2.11342340395678e-15	0	-1.00937416071524
0	0	0	0	1.42784111564593e-08	0	1.2491434212054
0	0	0	0	2.34098496485392e-15	0	-1.8972231929725
0	0	0	0	2.01227282224419e-15	0	-1.33490943812481
0	0	0	0	5.16388650975763e-15	0	-0.333535641648281
0	0	0	0	2.49409236748507e-15	0	-0.972637739553969
0	0	0	0	2.55034406173477e-15	0	1.4691349364635
0	0	0	0	1.64700960837486e-14	0	-1.22346867601223
0	0	0	0	2.41642372376303e-14	0	1.41122863188164
0	0	0	0	3.28949044272954e-15	0	0.00535529051149762
0	0	0	0	5.43590915009391e-15	0	-0.383794706816068
0	0	0	0	2.29929383732608e-14	0	-2.03434912451939
0	0	0	0	2.80230994283828e-15	0	-2.16910938346566
0	0	0	0	3.91463041086524e-15	0	1.26692621625446
0	0	0	0	6.84309952433028e-15	0	2.09446381042823
0.418217821782178	0.426616107531601	0.420510170571231	0.420510170571231	0.430501066917278	0	3.76216668176657
0	0	0	0	2.75202283802107e-15	0	-1.10297519596867
0	0	0	0	1.42166065067091e-14	0	-1.46272239151342
0	0	0	0	2.95830737416593e-15	0	-1.98216756317161
0	0	0	0	2.34402381005109e-15	0	-2.22710809935026
0	0	0	0	3.26029112729718e-15	0	-2.50912545295024
0	0	0	0	2.41428632731466e-15	0	-1.15585162007893
0	0	0	0	7.1638026715643e-15	0	-1.30050995834669
0	0	0	0	6.7694616536779e-15	0	-0.653387415915838
0	0	0	0	1.11400012358497e-14	0	0.389154824609661
0	0	0	0	2.44790983858475e-15	0	-4.17117535668253
0	0	0	0	2.61604973129339e-15	0	-3.26591259588089
0	0	0	0	4.63267979249283e-15	0	2.09534602489275
0	0	0	0	3.64912183076918e-14	0	3.95422149887257
0	0	0	0	2.59770494131869e-15	0	-1.8655791072008
0	0	0	0	4.29174201103764e-15	0	-3.22091483363905
0	0	0	0	2.08837597190704e-15	0	1.47740262019993
0	0	0	0	4.36453685440178e-15	0	-1.17654078479565
0	0	0	0	2.72987891503872e-15	0	-1.44661890892918
0	0	0	0	1.11160883865244e-14	0	3.26168476474039
0	0	0	0	5.71314480028816e-14	0	3.29126630053837
0.0192079207920792	0.0228349773798967	0.026358511434572	0.026358511434572	0.023007863714387	0	0.830630606040851
0	0	0	0	6.44728054798892e-15	0	1.48324933339127
0	0	0	0	1.24606260403806e-14	0	1.81962828712829
0	0	0	0	1.17779258291337e-14	0	2.08754840357749
0	0	0	0	1.01983677319781e-14	0	2.5890265506465
0	0	0	0	5.07276515631466e-15	0	0.883636057746091
0	0	0	0	3.43345000115407e-15	0	-0.771569210946544
0	0	0	0	4.65877305063961e-15	0	-1.57702266348769
0	0	0	0	2.41242597862118e-15	0	0.771417664236191
0	0	0	0	3.93469946022183e-15	0	0.586140408107594
0	0	0	0	4.66139056053792e-15	0	-0.173809926545737
0	0	0	0	5.98168753512608e-15	0	2.01693685229396
0	0	0	0	1.04438343979218e-14	0	3.92083370423244
0	0	0	0	2.21564339955082e-15	0	-0.873548090399317
0	0	0	0	1.72146542487794e-14	0	0.375580890648417
0	0	0	0	3.00776368462306e-15	0	0.116869382264869
0	0	0	0	3.51933161472161e-15	0	0.286486773690238
0	0	0	0	3.04367439913881e-14	0	0.556344152666457
0	0	0	0	3.52035879118771e-15	0	-2.647391570898
0	0	0	0	2.37135408254769e-15	0	-0.153838068097624
0	0	0	0	5.34189014162373e-14	0	1.90714184566687
0	0	0	0	1.70846589813971e-14	0	0.5462528480211
0	0	0	0	2.17006613976206e-15	0	0.186454081737799
0	0	0	0	3.71502585718507e-14	0	2.06789107173583
0	0	0	0	2.96107034536774e-15	0	-1.69157773132016
0	0	0	0	1.26155504446866e-14	0	-0.179981386349081
0	0	0	0	2.7013320558514e-15	0	-0.59152027709966
0	0	0	0	3.19707541513671e-15	0	-1.33764063297177
0	0	0	0	3.48479829290253e-10	0	4.49520524874475
0	0	0	0	4.4446615443877e-15	0	0.339011817488319
0	0	0	0	2.89698257991363e-15	0	-0.56757732224625
0	0	0	0	5.61349074235925e-15	0	0.938132913515945
0	0	0	0	8.0239830740305e-15	0	-0.563383482633586
0	0	0	0	2.95146387212061e-15	0	0.926263544168566
0	0	0	0	1.03955597353352e-14	0	2.45048624438632
0	0	0	0	2.67109719235816e-14	0	0.424755711018337
0	0	0	0	6.69332400030935e-15	0	-2.66906207959228
0	0	0	0	2.59759344128601e-15	0	-1.23147161550291
0	0.00561812536052443	0.00900800364846518	0.00900800364846518	0.00510105826219275	0	2.41727147874807
0	0	0	0	4.22864896798998e-14	0	1.22123225576328
0	0	0	0	6.56319154767993e-15	0	-0.650722762200311
0	0	0	0	4.03511729783185e-14	0	-1.32678683422515
0	0	0	0	4.73873723032341e-15	0	0.627915415528159
0	0	0	0	6.77688440575379e-15	0	0.726786640272909
0	0	0	0	3.28042919564256e-15	0	-3.72794721035612
0	0	0	0	2.14743396440013e-15	0	-1.01883843882877
0	0	0	0	3.2333382078995e-15	0	1.43253146967917
0	0	0	0	2.55377195838719e-15	0	-2.8258603239069
0	0	0	0	2.88449312849341e-15	0	-3.59634828386406
0.877425742574257	0.877072500310258	0.873315980051299	0.873315980051299	0.876260391882329	1	-0.437673394433807
0	0	0	0	2.979569657236e-15	0	-2.25547794327295
0	0	0	0	3.75341424822573e-15	0	0.468079793458602
0	0	0	0	4.33664996393877e-15	0	2.2662810317725
0	0	0	0	1.17489942628875e-14	0	2.65051589367991
0.0439603960396039	0.0484943567570045	0.0468662523694044	0.0468662523694044	0.0477485997579413	0	1.6581122810931
0	0	0	0	4.43654212353186e-15	0	0.97674491803921
0	0	0	0	2.19536058467534e-15	0	-2.78152322771403
0	0	0	0	2.28559019048393e-15	0	-3.86265284333932
0	0	0	0	3.66161411213851e-15	0	0.823311254162981
0	0	0	0	3.65614244612962e-15	0	0.815564681347598
0	0	0	0	4.02311413948191e-14	0	2.78347500712764
0	0	0	0	7.92007598644401e-15	0	-1.46401408740984
0	0	0	0	3.84588384447865e-15	0	2.77492563188911
0	0	0	0	2.32014916909694e-15	0	-0.0330648470435738
0	0	0	0	4.92587577240128e-15	0	-3.75866281135085
0	0	0	0	5.48068657364803e-15	0	-0.57373226588358
0.0364356435643564	0.035160161749052	0.0335042108946155	0.0335042108946155	0.0354632426832701	0	3.88369166358944
0	0	0	0	2.9269172423396e-15	0	1.69048722923924
0	0	0	0	2.15137618716389e-14	0	5.78734539168454
0	0	0	0	3.11748971292339e-15	0	2.12077616415739
0	0	0	0	1.49584860088231e-14	0	1.68339383888413
0	0	0	0	2.20183648951633e-15	0	-4.80242673820571
0	0	0	0	9.70481590813991e-15	0	0.912603890876288
0	0	0	0	3.37579968795747e-15	0	-2.12603457208699
0	0	0	0	1.18074127498457e-14	0	2.97436816464936
0	0	0	0	2.45378366382962e-14	0	2.85258737345629
0	0	0	0	4.67720850856849e-15	0	1.28863259318464
0	0	0	0	2.39340903311723e-15	0	-0.272492730759958
0	0	0	0	2.53783234983976e-15	0	4.55213753726974
0	0	0	0	1.2543113956535e-14	0	1.55690403672645
0.323960396039604	0.32673637904209	0.322229892127594	0.322229892127594	0.325674142602726	0	1.37257571493186
0	0	0	0	9.40982873427179e-14	0	2.94337317879054
0	0	0	0	6.62820635027566e-15	0	-1.19813572329856
0.692277227722772	0.691023131742067	0.689037750722053	0.689037750722053	0.692674334508356	0	1.01671487844779
0	0	0	0	2.48911250118406e-15	0	2.17704142567603
0	0	0	0	5.50119547208406e-15	0	1.55495056412805
0	0	0	0	4.97143642103831e-15	0	2.44910107517822
0	0	0	0	2.22335084774951e-15	0	-0.99327039221254
0	0	0	0	4.13209252865723e-15	0	1.53696429745633
0	0	0	0	8.45121465157515e-15	0	-0.923310850130619
0	0	0	0	5.17548009610989e-14	0	0.467557363386976
0	0	0	0	2.9831674331357e-15	0	-1.63745368906833
0	0	0	0	1.14811476923872e-14	0	-0.248208999351575
0	0	0	0	2.69311013067213e-15	0	-3.979632477069
0	0	0	0	2.70698005829797e-15	0	-0.887383462876886
0	0	0	0	4.67527427404069e-14	0	-1.48286916840435
0	0	0	0	2.05756019959124e-14	0	-1.09709790530315
0	0	0	0	8.18907452783327e-15	0	2.13400117370341
0	0	0	0	2.08962085682304e-14	0	0.406704991202726
0	0	0	0	3.71900461934293e-15	0	0.17828453065078
0	0	0	0	2.43345721699395e-15	0	-1.40967812252707
0	0	0	0	2.4288736827043e-15	0	-2.20120497908959
0	0	0	0	1.10956815564372e-14	0	0.121688430181378
0	0	0	0	5.85077404058637e-15	0	0.142054398060722
0	0	0	0	1.41605029171739e-14	0	0.746391162259082
0	0	0	0	9.67037542393073e-15	0	0.264080309347613
0	0	0	0	2.11416630419085e-14	0	3.8901337321271
0	0	0	0	4.22512373752363e-15	0	0.383835815175788
0	0	0	0	5.29885525961631e-15	0	3.34251536043597
0	0	0	0	3.99860260304849e-15	0	-5.28186827622518
0	0	0	0	1.22575219464874e-14	0	1.35962388078355
0	0	0	0	3.32352494578574e-15	0	0.810501232344103
0	0	0	0	5.87794234249996e-15	0	-0.279856634755587
0	0	0	0	4.90312555926421e-15	0	-0.594188246538898
0	0	0	0	5.13807732543869e-15	0	1.89012085335605
0	0	0	0	5.73755404802914e-15	0	-1.41196405706898
0	0	0	0	6.56147140152163e-15	0	-0.950474697900754
0	0	0	0	2.56803241054795e-15	0	-4.46389004713571
0	0	0	0	2.93270619294151e-14	0	0.746698431044289
0	0	0	0	4.31953771483429e-15	0	-0.0588186469144791
0	0	0	0	3.41245344860407e-15	0	-3.6089068164671
0	0	0	0	6.78924665947366e-15	0	-0.480790061352185
0	0	0	0	4.55029342524074e-15	0	-4.27228384500813
0	0	0	0	6.42289675768741e-15	0	3.40670097954751
0	0	0	0	4.47368460672357e-15	0	-1.08952123941036
0	0	0	0	2.06346382580573e-15	0	-3.89384398715569
0	0	0	0	3.9364389357216e-15	0	-1.00372311654782
0	0	0	0	7.30436447680706e-15	0	-1.13721983184321
0	0	0	0	3.98713644065827e-15	0	-2.76361603762608
0	0	0	0	1.45556013892625e-14	0	0.669945370524951
0.036039603960396	0.0210713442948735	0.0278839162099308	0.0278839162099308	0.0234472738816492	0	2.9203430113437
0	0	0	0	5.293924200631e-14	0	-0.0296522543423977
0	0	0	0	3.63076052421456e-15	0	1.1876598902177
0	0	0	0	2.15913553858881e-15	0	-4.68318422955921
0	0	0	0	5.00989025025149e-15	0	-0.575233780294279
0	0	0	0	9.88814025573848e-15	0	-0.590645080548791
0	0	0	0	4.01568553261971e-15	0	0.0771307587055357
0	0	0	0	5.79585621492565e-15	0	1.57488866424568
0	0	0	0	4.18290301475692e-15	0	2.10587720242568
0	0	0	0	4.0819259835913e-15	0	2.6179264773752
0	0	0	0	6.16417225356012e-15	0	0.926738337658973
0	0	0	0	2.5458137747115e-12	0	1.32728877531416
0	0	0	0	2.69196769152321e-15	0	-1.31136115941522
0	0	0	0	7.66660598603252e-15	0	5.63800934365406
0	0	0	0	1.89333578482706e-14	0	0.0834667734767029
0.122574257425743	0.122927499689742	0.126684019948701	0.126684019948701	0.123739608117671	0	0.331704685901425
0	0	0	0	2.52486750957878e-15	0	-1.30854903819133
0	0	0	0	7.57220571346314e-15	0	1.502394357941
0	0	0	0	1.33928264477325e-14	0	0.14575125976475
0	0	0	0	4.73686288893649e-15	0	2.54037586405223
0	0	0	0	6.86521175612285e-15	0	1.56811606354152
0	0	0	0	3.98080791492195e-15	0	-0.664183263870456
0	0	0	0	2.57372356257792e-15	0	-3.21947357434365
0	0	0	0	8.81697733241444e-14	0	0.50195023805188
0	0	0	0	1.09517222730226e-14	0	0.325207618827182
0	0	0	0	9.38227125037322e-15	0	-1.34861836088463
0	0	0	0	6.84535873118533e-15	0	3.04721570159201
0	0	0	0	3.71378901132004e-15	0	-2.26078909223534
0	0	0	0	4.71740502476671e-15	0	-3.05488333334631
0	0	0	0	4.48295215468609e-15	0	1.47441163549329
0	0	0	0	2.59290019560705e-15	0	-1.60752335358693
0	0	0	0	6.2331018815235e-15	0	3.24752954478529
0	0	0	0	1.33854610117321e-14	0	-0.37018147980593
0	0	0	0	3.63886070195172e-14	0	3.2028600826808
0	0	0	0	4.08311918369287e-14	0	1.17227273941343
0.0936633663366336	0.0989174245859798	0.0943073627383026	0.0943073627383027	0.0975798119039418	0	5.80079488466451
0.346534653465347	0.343720243455592	0.340748785329454	0.340748785329454	0.341065612715554	0	3.66726081048666
0	0	0	0	2.19024341141883e-15	0	-3.52170171680341
0	0	0	0	2.26790297179113e-15	0	-0.526075936250474
0	0	0	0	2.44732658553806e-15	0	-0.798487198314424
0	0	0	0	2.17596792819838e-15	0	0.405153563996955
0	0	0	0	2.92939122178095e-15	0	0.838092315962775
0	0	0	0	0.00189287202403452	0	-3.43486954512297
0	0	0	0	2.69364874809071e-15	0	-0.811575595908626
0	0	0	0	3.6275069741537e-15	0	-3.83103956825332
0	0	0	0	2.36290690588733e-14	0	2.50168729295286
0	0	0	0	2.93956444846587e-15	0	-1.98082510141293
0	0	0	0	3.40177520856016e-15	0	-6.22755286703775
0	0	0	0	5.97713610353175e-15	0	-2.99278642231455
0	0	0	0	1.00474687772908e-14	0	3.88227854934193
0	0	0	0	3.10016894013053e-15	0	-2.61576502773349
0	0	0	0	3.03763280321411e-15	0	0.52806801170546
0	0	0	0	3.9977830672242e-15	0	2.58189674083135
0	0	0	0	5.54237902610684e-15	0	2.25088943118075
0.0261386138613861	0.0297997207072745	0.0321289575273357	0.0321289575273357	0.0347565777108455	0	3.98250288976003
0	0	0	0	6.20227062799195e-14	0	2.17271213524259
0	0	0	0	6.30603626423081e-15	0	5.72174798838403
0.0938613861386139	0.0962335858656986	0.101447023405204	0.101447023405204	0.0974638456285158	0	2.29609225060642
0	0	0	0	3.47699248668519e-15	0	-1.32601448203763
0	0	0	0	3.10244592679711e-15	0	0.777344266084383
0	0	0	0	1.50537165300249e-14	0	2.02931209031773
0	0	0	0	7.72538109414527e-15	0	-2.0762090147192
0	0	0	0	2.11364073498703e-15	0	-1.03927817681701
0	0	0	0	6.97880071810619e-15	0	1.72021704069635
0	0	0	0	4.35232310994671e-15	0	1.51112314301265
0	0	0	0	9.2651856888415e-15	0	3.18909316782504
0	0	0	0	3.05592986073273e-15	0	-1.34128995599585
0	0	0	0	1.77310917430561e-14	0	2.1337565862776
0	0	0	0	6.04981683240108e-15	0	0.318285289446005
0	0	0	0	3.50853531103889e-15	0	1.5314258564403
0	0	0	0	3.09173822129343e-15	0	3.05097215092339
0	0	0	0	5.36538405271806e-15	0	0.0983378557227988
0	0	0	0	4.04111244353481e-15	0	0.314401920255211
0	0	0	0	2.36713297387256e-15	0	-0.591695945701876
0	0	0	0	2.38511973251878e-15	0	-5.71513095643322
0	0	0	0	2.2420995230938e-15	0	-4.25680810517088
0	0	0	0	6.64219559642472e-14	0	3.36016420543336
0	0	0	0	2.19586615174597e-15	0	-1.26846096122465
0	0	0	0	2.81683583090497e-15	0	-6.04993722899438
0	0	0	0	5.17180304307816e-14	0	-1.26286689560391
0	0	0	0	7.4464522884713e-15	0	0.566617435660668
0	0	0	0	7.4600286611961e-15	0	6.44423281607564
0	0	0	0	3.42441789516653e-15	0	-0.531646061844919
0	0	0	0	2.32949712136088e-15	0	-4.39055995932859
0	0	0	0	2.39956849188937e-15	0	0.207363198485428
0	0	0	0	4.06197312495995e-15	0	0.604703033748347
0	0	0	0	1.48423737725507e-14	0	1.68123704830553
0	0	0	0	3.50529108019291e-15	0	-2.77394835271583
0	0	0	0	3.35051936918034e-15	0	-0.374488522219879
0	0	0	0	2.53131689517292e-15	0	0.996492547517248
0	0	0	0	5.53192338485086e-15	0	-2.2958874021399
0	0	0	0	4.2220140364286e-15	0	1.47206428738727
0	0	0	0	3.94128511418745e-15	0	-1.04910302729668
0	0	0	0	9.51547893115881e-15	0	5.23071546194555
0	0	0	0	2.14713551625615e-15	0	-1.003143967721
0	0	0	0	2.78623747240207e-14	0	4.59086817649963
0	0	0	0	2.66373374571183e-15	0	2.60632744899319
0	0	0	0	6.32526661194472e-15	0	0.92684912759161
0	0	0	0	2.18599991272405e-15	0	-1.01635310673936
0	0	0	0	2.93266932874336e-15	0	0.129216776370026
0	0	0	0	2.33231138902016e-11	0	3.10984081911802
0	0	0	0	4.89909058507472e-15	0	0.651657085490104
0	0	0	0	2.3618553577823e-15	0	-2.20817285409059
0	0	0	0	6.58256447170589e-15	0	2.32240863777855
0	0	0	0	4.01309356936688e-14	0	1.42618268348266
0	0	0	0	3.80023292235702e-14	0	1.98214060997092
