FW_Default	FW_LBM	FW_QBM	FW_NM	Direct	interior-point-convex	active-set
0	0.0013414039671172	0.00356700444693787	0.00356700444693789	5.95207868243979e-16	-1.11748754372311e-17	1.68130716426247
0.0291216088028837	0.0311309408602189	0.0273627184396744	0.0273627184396744	0.0263463488590734	0.0263463491315516	-0.167454180830468
0	0.0013414039671172	0.00356700444693787	0.00356700444693789	1.39270645533958e-16	-5.46069726287096e-18	0.802758220671197
0	0	0	0	1.9772404968844e-16	-5.86308440216457e-17	-0.652132515383739
0	0.0013414039671172	0.00356700444693787	0.00356700444693789	2.48855207219776e-16	3.23540437727275e-17	0.370980140414275
0	0	0	0	1.17663395821539e-16	3.85116926151355e-17	-0.415771273183293
0	0	0	0	2.59028379125884e-16	-9.97540187473896e-17	-1.02791388519149
0	0	0	0	1.76656803626373e-16	2.35669160212598e-16	-1.08836766913917
0	0	0	0	2.63330149921037e-16	-7.54975433371044e-20	1.05557279445692
0.017485613103143	0.0150308842549554	0.0166044519485302	0.0166044519485301	0.0144807616061033	0.0144807630381059	2.43054270638957
0	0	0	0	2.79238116388065e-16	6.73776828794864e-20	-0.958188764620154
0	0	0	0	6.92795699373561e-16	5.27620009476814e-17	4.58250827861602
0	0	0	0	2.26005383836009e-16	-4.18520667531449e-22	-2.9186351368284
0	0	0	0	5.74590447682448e-16	-1.73646130426218e-17	3.45281777577565
0	0	0	0	4.90222343352563e-16	6.07447077254184e-18	2.2256660896593
0	0	0	0	1.2741867993288e-14	-6.75932103025395e-18	0.805178079909609
0	0	0	0	1.29986682601827e-16	-6.27695505753444e-19	-3.67438929454412
0	0	0	0	1.88872870996557e-16	-1.22834753392112e-16	-1.60863654367504
0	0	0	0	1.80681890231171e-16	9.93433472465585e-19	-0.48190429717493
0	0	0	0	1.29487859469502e-16	5.9973968258744e-18	-1.61566400617784
0	0	0	0	2.32146233867248e-16	-1.2917751225461e-18	-0.335936097173778
0	0	0	0	4.31291916979038e-16	-6.00446381557848e-18	2.49165920105065
0	0	0	0	6.81282376122908e-16	2.8794998084529e-18	0.689983991834369
0	0	0	0	1.31926430869377e-15	4.00929406912066e-17	1.64147266000137
0	0	0	0	8.08383444826754e-16	3.13963376425355e-18	-1.66379639181499
0	0	0	0	1.47940983901648e-16	-2.86455322122849e-18	-2.2606109864744
0	0	0	0	2.08013245068252e-16	-6.59965009860176e-18	4.54560571961818
0	0	0	0	1.21364186482863e-15	-4.69986839361453e-19	3.02048695491866
0	0	0	0	5.72773973307376e-16	7.06828539213636e-19	1.76808563867969
0	0	0	0	1.15256880525609e-16	-2.81153374837574e-18	-2.5114837117821
0	0	0	0	2.27712503822462e-16	5.39484304218893e-18	2.70473179610159
0	0	0	0	1.5106427872206e-15	-2.67509347641655e-18	-1.88966745638658
0	0	0	0	5.47905363840258e-16	3.8405951263425e-18	2.13263069482952
0	0	0	0	4.85195299651828e-15	-1.07458706562727e-18	3.49568794371863
0.0752545374059319	0.0800999397783806	0.0789416657423039	0.0789416657423039	0.0785555984004888	0.078555599501711	3.37433347891589
0	0	0	0	1.36575064433859e-16	5.87978897049219e-18	-0.535114888084741
0.0508758616328337	0.0532198488632049	0.0537211012041734	0.0537211012041733	0.0523017511178906	0.052301750660795	-4.01125241107621
0	0	0	0	3.11948417834711e-15	-1.75590691830632e-17	4.45484026499484
0	0	0	0	1.24578257917876e-16	1.6656616171788e-18	-0.91214910401991
0	0	0	0	1.62797582468091e-15	1.87263245218711e-17	3.68396971737467
0	0	0	0	2.18415472210454e-16	-1.99033571681457e-18	0.481196679379823
0	0	0	0	1.26047725998303e-16	-5.30729438738892e-18	-0.0410136970706216
0	0	0	0	3.05934292405394e-16	5.527838711875e-18	-0.0408536174401478
0	0	0	0	1.98511747703924e-16	7.39337095218145e-19	-0.881560608148227
0	0	0	0	2.26519425353819e-16	-2.32210388548016e-18	0.850757424982363
0	0	0	0	1.12551307600742e-16	-1.11891778571181e-17	-6.42364411765543
0	0	0	0	1.52493604256946e-15	-2.4268374146368e-17	1.23236004905194
0	0	0	0	6.07439999810349e-16	-8.16557438238225e-19	4.57450374983811
0	0	0	0	1.52755185433861e-16	-1.20036309169556e-17	-2.35726194266776
0	0	0	0	1.1682768190892e-16	-1.64436527179125e-17	-5.89015525847568
0	0	0	0	4.22457637739332e-16	9.64751389589706e-20	-2.3925866584664
0	0	0	0	3.42394664213481e-16	3.11205979994223e-17	2.1874778742133
0	0	0	0	3.33563204075138e-16	3.93719362426042e-16	-0.982655162686834
0	0	0	0	2.38210435470743e-16	-5.08931917055517e-17	0.331282098655664
0	0	0	0	8.29415914196379e-16	2.96866388391297e-18	-1.51885302804722
0	0	0	0	1.7581874476606e-16	2.77481380098981e-17	-4.5166624677156
0	0	0	0	1.19196958244453e-16	3.4263056502395e-18	-2.63937480884206
0	0	0	0	1.6067593055524e-15	1.11826291714749e-17	4.15959049374664
0	0	0	0	2.84461143413446e-16	2.53532501264422e-18	-1.2477436650877
0	0	0	0	2.69603408826013e-16	-5.98508619134406e-18	1.9783484648832
0	0	0	0	1.26245626605186e-15	5.78718508946673e-18	1.47404782516214
0.0733889837475495	0.0774515353857543	0.074145662411268	0.074145662411268	0.0745650531276275	0.0745650541546689	-1.78442558944285
0	0	0	0	2.63709688717611e-16	5.7376962133338e-17	0.250082450748341
0	0	0	0	1.183314925798e-16	6.11090530476803e-17	-2.03640199426064
0	0	0	0	1.56300891904039e-16	-2.67293766462423e-17	0.713414358011808
0	0	0	0	1.64197949254051e-16	5.04155575517635e-18	-0.495081578965332
0	0	0	0	1.32260759487843e-16	-8.97559498088423e-18	-3.44523608665905
0	0	0	0	2.20502257501712e-15	-3.62765474179939e-17	6.35560414886293
0	0	0	0	3.49380527616142e-16	1.73856660012778e-17	2.02156043954404
0	0	0	0	2.95441268787265e-16	3.16117134072765e-17	1.32765597294611
0	0	0	0	1.48438479185054e-16	-5.31779730729129e-18	-3.96167054079031
0	0	0	0	2.73871521504292e-16	1.10110267360613e-17	0.963379840692087
0	0	0	0	1.25560889768557e-16	1.75234601927051e-17	-0.782801009926474
0	0	0	0	2.80287386958938e-15	4.43432567140201e-17	-0.570477368599614
0	0	0	0	1.38127320011126e-16	3.88205523437543e-19	-3.12094065852026
0	0	0	0	1.31228640546559e-15	6.29401562068963e-18	-0.462380903893
0	0	0	0	2.05431800970748e-16	-3.96922847943658e-17	-1.84631092168787
0	0	0	0	1.23387725256652e-15	-3.53913746362961e-18	0.793050651529997
0	0	0	0	1.37494055194072e-16	-1.78140493269037e-17	-3.49885170820846
0	0	0	0	1.10358287175761e-15	-3.24067668654399e-17	-0.52958646278033
0.0276038702333523	0.028689923952608	0.0281364572422569	0.028136457242257	0.0288637288291638	0.0288637307637886	5.39974351238454
0	0	0	0	1.50956531875105e-16	-5.95766529032522e-18	-3.32759643495057
0	0	0	0	6.91648471036795e-16	-5.16249419252793e-17	1.42305528849763
0	0	0	0	3.06093170276826e-16	-4.22260718901152e-18	-0.0536285749031064
0	0	0	0	7.06403924905272e-16	8.73106836855393e-17	3.18182400383106
0	0	0	0	1.64350135219013e-16	-4.52770402183455e-19	0.568703956781643
0	0.0013414039671172	0.00356700444693787	0.00356700444693789	1.62557039727444e-15	-8.21531751763774e-17	-1.11871546234105
0	0	0	0	1.83166266105554e-16	-2.4740382644257e-16	0.92108959606664
0	0	0	0	1.2710705145351e-16	2.18594290416074e-20	-0.324017300792511
0	0	0	0	2.11810857222718e-16	-1.16065101389646e-18	-3.52638841874773
0.0125529627521659	0.0118769281213203	0.012209901197285	0.012209901197285	0.0121586010561741	0.0121586035513673	1.53636649111194
0	0	0	0	2.46805570999046e-16	-6.41550570329609e-18	-1.40747310929942
0	0	0	0	1.5334308356346e-16	-3.55255684879449e-17	0.556223740228348
0	0	0	0	2.98155644751441e-16	8.89961992731567e-17	1.27135927441271
0	0	0	0	7.1891103303534e-16	3.96753928491561e-18	-2.0428219758582
0	0	0	0	9.93259509419692e-16	-3.18550270671567e-17	3.04025380156844
0	0	0	0	2.55494904359079e-16	-6.16116823476572e-18	-2.4078687796446
0	0	0	0	1.21952189053739e-16	-9.13429007218042e-18	-0.535227726957368
0	0	0	0	1.8815886630647e-16	-8.75013632238038e-18	0.438478867482731
0	0	0	0	4.74703587246022e-16	-1.27467152300284e-18	-3.50364627479768
0	0	0	0	4.9817810977169e-16	-9.81750122379203e-17	3.02565091120971
0	0	0	0	5.45117497381412e-16	4.25863215747084e-17	2.88847223193414
0	0	0	0	1.28341557825082e-16	-2.53483174426361e-18	-1.90810842920896
0	0	0	0	1.44296962024577e-16	-6.9897811934708e-18	-3.16862739216186
0	0	0	0	2.39894090958058e-16	-8.12535674540993e-17	-2.17633553004526
0	0	0	0	4.78215668569637e-16	-4.57753675798486e-18	1.5334725365523
0.0538480996648327	0.0544211318666088	0.0497306330043294	0.0497306330043294	0.051981256752712	0.0519812584342229	2.54835593945523
0	0	0	0	4.11588237432021e-16	5.52684443338056e-18	5.23600336862301
0.105071776386517	0.102159892991321	0.103331249044041	0.103331249044041	0.103092117738572	0.103092119885828	3.38278252660745
0	0	0	0	1.42547399968151e-16	-5.34039615705456e-17	-1.28248728602254
0	0	0	0	1.77454823763913e-16	-1.04228590694559e-17	-8.28813470408343
0	0	0	0	1.74807493112488e-16	-2.44230801010947e-18	-1.36899698124759
0	0	0	0	1.85857202420627e-16	2.88783792329646e-18	-3.10973042766481
0	0	0	0	2.65098632277268e-16	6.17249614750464e-17	0.670092125835807
0	0	0	0	1.32419593069724e-15	3.19284857389641e-18	1.52464645434417
0	0	0	0	1.56064187451203e-16	2.612943601396e-17	-0.403442119927073
0	0	0	0	1.73281738717976e-16	-1.14106995041685e-18	-2.27892992556258
0	0	0	0	1.56182043414866e-16	-5.02748615963877e-18	-3.8171927468077
0	0	0	0	7.29071876220111e-16	-5.53193418309175e-17	2.94243955015761
0	0	0	0	3.20625799854275e-16	3.05620130845459e-18	-2.58984271961488
0	0	0	0	1.82853380327454e-16	1.19284696035479e-18	-2.87250269863965
0	0	0	0	1.30490630716085e-16	-1.84874719355349e-18	-0.99474427500383
0	0	0	0	5.89979352041454e-14	-1.14644522345924e-17	5.63869174124689
0	0	0	0	2.4337075173457e-15	-2.16912069692857e-18	5.59994847268977
0	0	0	0	1.82544667920755e-16	-4.23826029409042e-17	1.81736307569916
0	0	0	0	4.28797669981213e-15	4.54585997041539e-18	-1.03238796767288
0	0	0	0	1.18585524573886e-16	-3.99158290946011e-18	-1.18834022364815
0	0	0	0	1.26584235679555e-16	3.70937927964384e-18	-3.49366703599784
0	0	0	0	1.42874397836915e-16	-1.20181621600573e-17	0.492691559971393
0	0	0	0	4.68769876973366e-16	1.27321043084605e-18	-0.520516131748025
0.150983368114842	0.151936003087955	0.150441721987509	0.150441721987509	0.152836349823513	0.152836349039786	1.52895527142716
0	0	0	0	1.51911465974988e-16	1.72192212879713e-18	-6.72999375110206
0	0	0	0	2.69895933108916e-16	2.62713011978488e-17	1.49474715478968
0	0	0	0	4.10011489640427e-16	-1.93611991725614e-17	-0.619150057916379
0	0	0	0	2.62066628355912e-16	1.14914830208839e-19	-2.00829638531691
0	0	0	0	1.23847238796898e-16	6.18831854660239e-20	-1.7485820428131
0	0	0	0	1.79681608569621e-15	-3.19582252977469e-17	0.0480940563302728
0	0	0	0	4.95294815040205e-15	-1.25052916380967e-18	1.0463958772024
0	0	0	0	1.67321819818453e-16	1.25872656335877e-17	0.260984471750789
0	0	0	0	6.5825005085815e-16	-2.80925410273746e-18	-0.422650749077178
0	0	0	0	1.21444471571904e-16	1.24159167265213e-18	-3.00964483088887
0	0	0	0	1.37354559503545e-16	1.2057889815919e-17	-1.90496820987425
0	0	0	0	1.58516669710258e-16	1.89338665794008e-17	2.14238786444005
0	0	0	0	1.67842664587116e-16	-2.61263299003827e-19	-2.49599644553717
0	0	0	0	7.98084257438347e-15	-3.88127311424598e-17	3.30567785685545
0	0	0	0	4.52309880604587e-16	-1.26535101100517e-18	-0.835080229135158
0	0	0	0	2.25290434660319e-16	2.07652058524691e-16	0.404758929551919
0	0	0	0	7.45499893425603e-15	-2.9083608812477e-17	0.966283590529746
0	0	0	0	1.57478881369251e-16	-6.57096549088878e-17	-1.3453951098137
0	0	0	0	4.53349084842334e-16	4.54287863799128e-18	1.62951379774346
0	0	0	0	5.42955921071158e-16	-8.4402251463013e-17	1.76364783679386
0	0	0	0	5.4529377852804e-16	-1.55515375589326e-17	1.93569132614182
0	0	0	0	6.02448750314377e-16	-8.3785155437682e-17	2.49151375398311
0	0	0	0	1.82000040640463e-16	-2.56641934895959e-17	-1.47954910833872
0	0	0	0	4.20479377368038e-16	-4.9074515678386e-17	0.88817037271945
0	0	0	0	3.55045183311964e-16	-1.15241760387184e-16	1.45361667834505
0	0	0	0	1.97067914967734e-16	2.38624429532261e-18	-0.828587338036431
0	0	0	0	3.63305775395079e-16	1.32070288684506e-17	2.038023560254
0	0	0	0	1.26500595089831e-16	2.76146503037666e-17	-4.43609963129089
0	0	0	0	1.23166448274027e-15	-5.511548990753e-17	-1.45887693072862
0	0	0	0	3.23747243119201e-16	-8.8924556496169e-18	-0.439216845112343
0	0	0	0	5.60712992096892e-16	-1.12996046319427e-17	0.1735650915056
0	0	0	0	1.50658304242142e-16	2.88059832888606e-19	-1.41993259370783
0	0	0	0	4.46916035585568e-16	-2.01592712163069e-17	-1.64097332912887
0	0	0	0	1.24880949868166e-16	1.42690108484696e-18	-6.19498932010794
0	0	0	0	3.92421785150084e-16	-1.00959953809828e-16	1.42079032831791
0	0	0	0	7.60141627841685e-16	-3.16261949586328e-17	0.682927421265521
0	0	0	0	2.94904301420265e-16	-7.21442848494474e-18	-2.06218067356774
0	0	0	0	2.42750761295106e-16	-1.24849128762385e-17	-1.37123603322482
0	0	0	0	2.61143068066577e-16	-6.30093769936177e-17	-1.82035311831418
0.00913805097072029	0.0107728383698624	0.00904187122540267	0.00904187122540268	0.00717030072336024	0.00717030010861006	2.66575811454166
0	0	0	0	5.06384511053156e-16	-1.73789731454497e-17	2.73385604392955
0	0	0	0	5.82022925114264e-16	5.14144336350912e-17	1.22420892756796
0	0	0	0	6.75473361124648e-16	-1.92509611906882e-17	-0.828134416999045
0	0	0	0	7.31691114353202e-16	1.29703550521211e-16	1.24019016786194
0	0	0	0	1.2802528131773e-16	6.45834605347682e-18	-0.403612347063431
0	0	0	0	2.13045385228718e-16	-8.23108173432557e-18	2.91621772458268
0	0	0	0	1.21670632067541e-16	1.07955446127324e-16	-3.35203244420465
0	0	0	0	4.24068326160357e-16	-1.67468100714097e-16	-0.0459831438061744
0.28479731866186	0.29128259765706	0.288653421988593	0.288653421988594	0.288955868803829	0.28895586899594	3.22909461395975
0	0	0	0	2.2486732631016e-16	7.70039111093258e-17	-0.807277407245848
0	0	0	0	1.40372837144727e-16	3.00651316449181e-18	-2.10742410793417
0	0	0	0	4.2900620591989e-16	-2.43702324610608e-16	-1.06169601375424
0.00818946436476317	0.00807478519178053	0.00819591156546779	0.00819591156546776	0.00999634907943413	0.00999635132908289	0.519510467114908
0	0	0	0	7.11747248290418e-16	-2.02538356137733e-17	-2.18282906144326
0	0	0	0	1.18246338698609e-16	8.06564196940593e-18	-0.891844835344612
0	0	0	0	2.05667532206159e-16	-3.26982075358182e-18	-1.12408611608091
0	0	0	0	6.23895075496916e-16	-7.95705965720279e-17	-0.582322584815108
0	0	0	0	1.41765240772111e-16	1.32455104617262e-16	0.586651180801136
0	0	0	0	2.1298275398765e-16	1.20301250015878e-17	-1.23264209720434
0	0	0	0	1.32585142181655e-16	5.71868703831641e-17	-1.32392534739809
0	0	0	0	3.20606491266482e-16	8.78243080458147e-18	1.51187223102819
0	0	0	0	1.70006237945003e-16	-1.89498563102813e-17	-0.896142013049313
0	0	0	0	3.48101411545008e-16	1.86415696477625e-17	1.71418731753577
0	0	0	0	1.00306435594192e-15	5.63334425799368e-18	1.21393320680138
0	0	0	0	1.30694158010488e-16	-1.10141536575731e-17	0.243655400888997
0	0	0	0	2.79307410861076e-16	-1.00772577235309e-17	-2.63307583202475
0	0	0	0	6.54745562289016e-16	-3.76359328644079e-17	2.48015109403035
0	0	0	0	8.30435917741908e-16	-2.31174173381878e-17	2.28379897536005
0.0113830392714855	0.0119138214477151	0.0124150804670513	0.0124150804670514	0.0132789015611212	0.0132789038413068	4.61512328420777
0	0	0	0	2.33326987860872e-16	-1.3135184513282e-17	1.89609370948936
0	0	0	0	9.72871991864459e-16	-1.70825121962888e-16	-0.175855299301446
0	0	0	0	2.20914219632455e-16	-1.77053117076259e-17	-0.66504096338255
0	0	0	0	2.3975625562087e-16	1.58590492423568e-17	-1.09178906764426
0	0	0	0	5.76158021721756e-16	-1.91668743895684e-18	2.90063673972537
0	0	0	0	6.26309198875681e-16	-1.51253917445333e-17	0.205217349027814
0	0	0	0	1.91954369135598e-16	4.99323293544831e-19	-2.79539665677993
0	0	0	0	7.35088656331336e-16	5.27807072278683e-17	-0.318078628815157
0.0555555555555556	0.0495533440675651	0.0531034725658426	0.0531034725658427	0.0520522157244265	0.0520522171486089	1.59439229434778
1	1	1	1	1	1	0.362128452180553
0	0	0	0	5.45423096228662e-16	-3.26793700118405e-18	1.11089536548915
0	0	0	0	1.69728879039094e-16	6.00920896102732e-18	0.237616219587007
0	0	0	0	3.34871267732381e-16	-1.43043889535651e-18	-4.05664149986152
0	0	0	0	3.75522799487864e-16	1.54581090335203e-17	-1.06132678780135
0	0	0	0	6.27440409386896e-15	5.59813002738026e-19	1.7567255939774
0	0	0	0	3.64432089721733e-16	1.59764325061641e-19	1.92012561247934
0	0	0	0	1.34487175659018e-16	-2.8151948614551e-18	-3.43519791944352
0	0	0	0	1.60859935486619e-16	-8.06691251769187e-18	-3.46220475181856
0	0	0	0	1.36883342150131e-16	-8.56959160913592e-18	-2.3800735943536
0	0	0	0	8.43166726068784e-16	6.56391392501588e-18	-0.87098662998608
0	0	0	0	2.60376427297947e-16	-6.62609947995124e-18	-0.601723550818198
0	0	0	0	3.91305751128598e-16	-1.7250747519833e-18	3.67661332120758
0	0	0	0	4.24605220457433e-16	3.24382699191856e-18	3.6583121900154
0	0	0	0	1.62482528994645e-16	-9.93477365886889e-18	2.52113566955861
0	0	0	0	6.20295587372669e-16	6.84160941778056e-18	1.02110926749765
0	0	0	0	1.62376139377892e-16	-4.17489558959407e-18	-3.38281864379179
0	0	0	0	2.36095163174523e-16	7.44492077848071e-19	5.43066396907239
0	0	0	0	1.88019640559212e-15	3.4526541942509e-18	0.451250198220925
0	0	0	0	1.45405879325623e-16	1.03164664126187e-18	0.101674449284359
0	0	0	0	2.86840162292273e-16	-1.63245851029232e-18	-0.338010997730065
0	0	0	0	2.95418403856591e-16	-8.97117180419254e-19	-0.0146730177604215
0	0	0	0	7.22032594394191e-16	-4.17114753099948e-18	0.205884039709075
0	0	0	0	2.98807513433322e-16	-1.49762979334225e-17	3.48459248525766
0	0	0	0	1.13719241935402e-16	1.19049418632259e-18	1.7695159588624
0	0	0	0	1.3785610373375e-16	-1.38946974729577e-19	1.20464359735577
0	0	0	0	1.58775052346011e-16	1.59762037188128e-18	-2.55031972475586
0	0	0	0	8.89158308350134e-16	5.41117633418355e-18	3.60985028209154
0	0	0	0	1.55496603563364e-16	-4.35715492459036e-18	0.655131824105235
0	0	0	0	1.55052110339677e-15	-4.23399770200486e-17	2.78758561574571
0	0	0	0	2.73893521839766e-16	4.89057747994372e-19	0.266640795383389
0	0	0	0	2.08809995321027e-16	-5.21654807859658e-18	-1.38187255302656
0.0894200973882248	0.0872407014438842	0.0869355691279748	0.0869355691279747	0.0879317275293646	0.0879317271717658	5.59777918731132
0	0	0	0	8.46611762529427e-16	-5.53239254779598e-18	-1.07601910098602
0	0	0	0	1.13618386633032e-16	-7.03157603101099e-19	-2.0697085412709
0	0	0	0	1.27182155199559e-16	1.7050284113768e-18	-6.05058294584632
0	0	0	0	3.43807671939009e-16	2.08370377307555e-18	-0.915260244295877
0	0	0	0	7.79272794433556e-16	4.93144516749034e-18	3.40446413459785
0	0	0	0	2.91699671928834e-16	-3.94675339558823e-18	0.892941155043718
0	0	0	0	3.72019128248695e-16	3.68328366978175e-18	2.46145572138678
0	0	0	0	1.25341982848398e-16	6.66774893972246e-18	-4.71980433557638
0	0	0	0	6.12470705562025e-16	-8.23347512785398e-18	0.0132538103539111
0	0	0	0	2.24599060376711e-16	1.10792813904992e-17	1.04971091931987
0	0	0	0	1.31277372381997e-16	-2.14610637827432e-17	-1.46035102984633
0.0263390880920761	0.0275472324042184	0.028242735108702	0.028242735108702	0.0284386004726027	0.0284386002000558	1.96637405630833
0	0	0	0	1.49311800643289e-16	3.60305761269968e-19	-5.07124383589965
0	0	0	0	1.39050523139139e-16	1.95539192811282e-18	-1.22630760843761
0	0	0	0	2.11066118979136e-16	-1.89953073962394e-18	-0.889778017673171
0	0	0	0	1.11870285867182e-15	1.72348186087515e-17	0.814868534162598
0	0	0	0	3.63618185640159e-16	4.15009419112309e-18	3.85476556332403
0	0	0	0	4.60748259455443e-15	2.84510201671775e-17	1.03491728774253
0	0	0	0	2.06544015785623e-16	1.67605730916177e-18	-0.224063558427009
0	0	0	0	2.94619549724879e-16	-1.12024043756834e-17	-2.07863184483885
0	0	0	0	2.46717273178735e-16	-1.7529082400978e-17	2.84129792578825
0	0	0	0	7.50857270580029e-16	3.88464382205625e-17	0.586802124185189
0	0	0	0	1.1659688598097e-16	1.14671772704353e-18	-0.862949053156787
0	0	0	0	1.66335615618628e-16	3.32820409434981e-19	-1.62655182386802
0	0	0	0	3.08310935329854e-16	-1.4146945502477e-19	2.05122966311789
0.118541706191109	0.119361804416307	0.116782039613607	0.116782039613607	0.118711946646699	0.118711947995161	0.215076147691557
0	0	0	0	2.51843245026766e-16	4.7472519141962e-19	-0.618129242627372
0	0	0	0	1.96639138859565e-16	2.14279118497594e-18	0.0389911265359015
0	0	0	0	5.05746566223241e-16	-6.23194766850635e-18	0.500908874606657
0	0	0	0	1.73426579486757e-16	1.48983779820395e-17	0.180917912363783
0	0	0	0	6.49385456567881e-16	6.0833671098132e-17	3.97261794351812
0	0	0	0	2.99101821647088e-16	-4.03215999221845e-18	0.997494421922958
0	0	0	0	1.72005084150057e-13	-5.65333810800665e-18	1.9468601120078
0	0	0	0	1.1711391270354e-16	3.47796758312925e-18	-2.04478793645312
0	0	0	0	3.63165561320924e-16	9.72512052071943e-19	0.0574302819790678
0	0	0	0	2.03930679774016e-16	-1.13866565994415e-17	2.426551840637
0	0	0	0	4.93718887874339e-16	1.60903592409365e-17	0.0348342428616079
0	0	0	0	1.61952125367277e-16	5.53452783545651e-18	1.25410254802397
0	0	0	0	1.24511317196842e-16	1.53384624520497e-20	-2.5492930812423
0	0	0	0	1.54723498425741e-16	2.30582536926527e-17	-0.595953808831987
0	0	0	0	2.12569311971744e-16	6.03624305135056e-19	-0.994396118527755
0	0	0	0	1.74490015932072e-16	-7.44727571095554e-18	-0.795888713443304
0	0	0	0	2.25020117968659e-16	4.34455918351916e-18	-1.55014864677822
0	0	0	0	7.05312929118391e-16	1.59707532203041e-20	0.0942750771706954
0	0	0	0	4.17375065684891e-16	-1.02297128090741e-17	1.09256810071706
0	0	0	0	1.73267001473819e-15	6.36663826352899e-19	1.60211929191733
0.0198886991715677	0.0207584611856502	0.0192155640105731	0.0192155640105731	0.0209254514002833	0.0209254518193563	3.14616269954628
0	0	0	0	3.00781291747402e-15	-4.69400692473153e-18	1.88566585155309
0.0357300954910517	0.033619681997571	0.0356772727886328	0.0356772727886329	0.0366801353714158	0.0366801368605437	1.29867663759542
0	0	0	0	2.0071194940843e-16	-6.07252127490106e-18	-1.84777526793809
0	0	0	0	1.44013107605386e-16	-2.23485368132916e-17	1.26010943019624
0	0	0	0	1.33952598959866e-16	2.14731068230143e-18	-2.12814545290409
0	0	0	0	1.31769804396199e-16	3.46179577934353e-18	-2.35116376558831
0	0	0	0	1.31039200163596e-16	8.92200424632885e-18	-1.30927183671588
0.683899323341555	0.679134102755813	0.684016980082387	0.684016980082387	0.685495027386828	0.685495028100784	1.38454895097002
0	0	0	0	1.30730649350495e-16	7.20597977674008e-19	-0.627177607522006
0	0	0	0	9.24641525165269e-16	-2.84731147684281e-17	3.76188077839845
0	0	0	0	1.3951476778033e-16	4.47669254727471e-18	1.66857147058362
0	0	0	0	3.55705228946396e-16	5.39826942833706e-17	-0.879842182117302
0	0	0	0	2.22139363213914e-16	-3.04689886199407e-19	-0.998771691714575
0	0	0	0	9.72003219742794e-16	-2.36568050134428e-17	0.930834311841172
0	0	0	0	6.02483143051127e-16	-3.91980075899269e-18	2.05938005438883
0	0	0	0	4.16158016810682e-16	6.2614868248268e-18	1.05807864945958
0	0	0	0	4.43605688479951e-16	-2.30141842823313e-17	0.433346866857945
0	0	0	0	1.8570453936411e-16	-1.6413009426594e-19	-1.95749646077321
0	0	0	0	2.09223549834971e-16	2.87955923869621e-18	-2.53097160213908
0	0	0	0	5.30811413878368e-16	2.81686813636055e-17	0.330555524610633
0	0	0	0	1.27940428216956e-16	-1.67344382876635e-17	-2.06930166889638
0	0	0	0	2.06104169792199e-16	4.66805164920388e-18	0.715773150177818
0	0	0	0	1.28823765418742e-16	3.71285936325931e-17	0.356348097748959
0	0	0	0	4.16395465474839e-16	-3.46386967029516e-18	0.186390123665974
0	0	0	0	2.81654452011107e-16	7.3837244216393e-18	-1.28337662306096
0	0	0	0	6.35370623940419e-16	4.68211645763533e-17	0.327233288619497
0	0	0	0	2.12543442233987e-15	8.89772069041403e-18	0.783993327576052
0	0	0	0	2.21808229277766e-16	-1.55135348480487e-17	-1.62335953623802
0	0	0	0	1.19480063229391e-16	3.71314668528611e-18	-4.74148983517786
0	0	0	0	1.49481169777591e-16	-1.50546209165744e-17	-3.67387993711116
0	0	0	0	2.40481148450178e-15	-2.93668912629359e-18	1.41268870191411
0	0	0	0	1.31377213477585e-16	6.33155261052483e-18	-3.50500507664102
0	0	0	0	3.53807846435074e-16	1.87886187988771e-18	-1.09048473069648
0	0	0	0	6.26197760827948e-16	-1.04412666587815e-17	-2.76504481018576
0	0	0	0	1.83743416095572e-16	-8.08166276135656e-18	0.343342619510332
0	0	0	0	4.44955541008158e-16	-2.77330655034323e-18	-1.32236558807279
0	0	0	0	2.28876617654255e-15	-1.3090102658502e-17	2.25355447870492
0	0	0	0	2.15071752079498e-16	6.90492495095572e-18	1.60224577056928
0	0	0	0	2.85023329923775e-16	7.65765606333545e-18	-1.94299541934783
0	0	0	0	2.65657586742067e-16	8.96831059510125e-18	0.235401402737162
0	0	0	0	2.43560086620079e-16	9.38575273846446e-18	-2.13995560032981
0	0	0	0	3.42403903268279e-16	-4.70810383679141e-19	0.439623355767466
0	0	0	0	2.06942398992204e-16	7.57900292942037e-19	-0.82589849929985
0	0	0	0	2.73865423369186e-16	2.82700960557144e-18	2.65975074855114
0	0	0	0	1.92516661471045e-16	-1.1739295764578e-17	-2.41947918955306
0	0	0	0	2.09093710561642e-16	-1.24883051989038e-17	-0.0280085957172374
0	0	0	0	2.47892236893954e-16	5.01472772226247e-18	1.28773150994639
0.0304496300512237	0.0238680716333846	0.0265509660302901	0.02655096603029	0.025901931463699	0.0259019310005593	1.7601944563011
0	0	0	0	4.47760390864233e-13	9.68109439609964e-18	0.00930730148420229
0	0	0	0	1.24486707671769e-16	8.46818877033146e-18	0.749394455362057
0	0	0	0	2.14006357115455e-16	-2.33663809035905e-17	4.06932285739757
0	0	0	0	3.1578238756675e-16	1.39900988759531e-20	-1.53190017934267
0	0	0	0	3.95885517769246e-16	-1.2038959275315e-17	-2.73083450058197
0	0	0	0	3.82699715946347e-14	-3.5542107298343e-18	4.36892834328022
0	0	0	0	1.50217880809898e-16	5.85319490104326e-18	-2.5675298843118
0	0	0	0	1.46680429873818e-16	9.49300843351528e-18	-4.11285827506537
0	0	0	0	6.72252325603665e-16	6.19713910976654e-17	2.56782796751678
0	0	0	0	6.20815978698668e-16	-1.02492464807327e-17	4.38392983654083
0.0736103206222728	0.0749937318988172	0.0785247530536808	0.0785247530536808	0.0773366022730398	0.0773366004419052	-0.158169847409048
0	0	0	0	1.53596456870201e-16	2.22964466086136e-18	0.989544354256645
0	0	0	0	1.37099585868476e-16	-1.17175398202069e-18	-3.22320208270925
0	0	0	0	1.74086828373637e-16	-2.88017520318517e-18	-1.91190358456891
0	0	0	0	1.06421412823267e-15	-4.50152261073396e-17	2.21121634753459
0	0	0	0	2.11465199150531e-16	1.21323042539716e-18	-0.340251084910766
0	0	0	0	1.41141020941467e-16	8.33929298602347e-18	-6.47453045340221
0	0	0	0	1.51387962344753e-16	-1.1315998363843e-17	0.0888676713798725
0.0188136343514829	0.0138025169173967	0.0157851897770847	0.0157851897770849	0.0147511422848822	0.0147511419374408	-0.861746110708378
0	0	0	0	1.86852532049622e-15	1.64386795697624e-17	0.138135225302288
0	0	0	0	1.70792489359678e-16	2.55593845183118e-18	-0.545707355567387
0	0	0	0	1.64290423955122e-15	-2.12529851368951e-18	4.46213981836296
0	0	0	0	1.42882841743251e-16	-3.6177339981111e-18	-0.065091486100779
0	0	0	0	4.89679168990142e-15	-1.7759411862124e-17	0.224723066009899
0	0	0	0	4.0114947749723e-16	1.66878448188995e-17	0.0256650595873075
0	0	0	0	1.44169591854504e-16	-1.90824166223048e-17	-0.666408062509539
0	0	0	0	3.74015308652513e-16	4.89026021205821e-18	0.710073813140511
0.0160627331942073	0.0130569370607208	0.0151601929275111	0.0151601929275113	0.0152588734729781	0.0152588762043973	3.4922559288005
0	0	0	0	1.68050589382447e-15	-4.22199815726644e-17	-1.29517489708991
0	0	0	0	1.30031650962874e-16	-2.67578738586251e-17	-4.76672895478938
0	0	0	0	1.25016953543326e-16	-2.79714690646813e-19	-0.99110575035527
0	0	0	0	1.89902667132113e-16	-3.71859366484089e-17	-1.64537971494271
0	0	0	0	1.422817189843e-16	-9.86136683511791e-18	-1.31903868411783
0	0	0	0	1.26031847701557e-16	-2.06582437447275e-18	-1.12936704872639
0	0	0	0	1.41982872366558e-16	7.33730210374029e-18	-3.87933030560989
0	0	0	0	8.72544451407031e-16	4.87800760856856e-18	3.89589345799006
0	0	0	0	2.21429306590508e-16	6.01821908512491e-19	0.078604174644271
0	0	0	0	1.34011662272426e-15	-4.6561277091248e-18	4.01123250183292
0	0	0	0	2.80870117379834e-16	-3.63119386554471e-17	0.291198366241755
0	0	0	0	5.44835558427571e-16	-4.75149788991651e-18	4.05311054731942
0	0	0	0	1.19584963391086e-16	-9.51686668343322e-18	-2.70673631349535
0	0	0	0	2.38161730007108e-16	-2.72233828007428e-17	0.831023696337307
0	0	0	0	2.03519334100699e-16	7.19200433071048e-18	-1.00287618991642
0	0	0	0	1.36547395666528e-16	-7.70524835336137e-18	-4.97590455717578
0	0	0	0	1.93994454000848e-16	5.40059765632974e-18	-2.3133513077036
0	0	0	0	8.60286170823571e-16	3.50233330524371e-18	3.04836076752859
0	0	0	0	1.40317164286568e-16	1.46284334437574e-17	-0.025482297435989
0	0	0	0	4.59220496056386e-15	-4.32514953001206e-18	0.717483473630744
0	0	0	0	1.96468878230732e-16	-4.57186001842815e-18	2.58139424454204
0	0	0	0	2.20282962353631e-16	-2.49972481835295e-18	-0.103348044848143
0	0	0	0	3.59968426003402e-16	-1.43403544011578e-17	2.12036149178341
0	0	0	0	7.84740005152112e-16	-1.04206702540772e-17	-1.33918261845372
0	0	0	0	3.63782186914941e-16	7.96732419928566e-18	2.29866272350886
0	0	0	0	6.48000758723261e-16	-9.61038289610451e-18	3.33188260071421
0	0	0	0	5.2562868200479e-15	-3.07981455209227e-18	2.7783495764216
0	0	0	0	1.43722986497516e-16	3.56354625064497e-18	-1.3587812443275
0	0	0	0	1.55415438445125e-16	-2.17810268355453e-17	0.0133953688296054
0	0	0	0	1.12514453886058e-15	-1.26954804558073e-17	1.86775819067577
0	0	0	0	1.31743850021572e-16	2.38727340540128e-18	1.24062437043987
0	0	0	0	1.52309205912356e-16	-2.95894192648064e-18	-1.57173679286782
0	0	0	0	1.37778939026039e-16	2.20314892748659e-18	2.05881004528604
0.0691519635742744	0.069636805011645	0.0701009705717654	0.0701009705717654	0.0687771761810928	0.068777175422725	2.01095754693204
0	0	0	0	3.02093309440731e-16	4.70209769906126e-18	2.95736103631006
0	0	0	0	2.43510332247052e-16	-6.12224985742522e-19	-2.06906433136025
0	0	0	0	1.71840172781074e-16	3.21142597674912e-17	-2.17097221016259
0	0	0	0	7.15598756622622e-16	-2.71138860708582e-17	1.87499586721419
0.0341174982609246	0.0308895356162012	0.0322129048131823	0.0322129048131823	0.0318384892023676	0.031838491747425	3.96390129241066
0	0	0	0	1.49322534069263e-16	-5.20065561814976e-18	-1.11820301203387
0	0	0	0	3.6687609892214e-16	5.22562249448683e-18	-1.50321210402058
0	0	0	0	2.20997485481565e-16	-2.32949260361135e-19	0.22272051842448
0	0	0	0	2.39628012925174e-16	-2.12507659406411e-17	-0.11855976392249
0	0	0	0	1.42214855359604e-15	-4.35520323285638e-18	2.86297538386722
0	0	0	0	1.33050302800807e-16	4.51302846291638e-18	-4.85844886376353
0	0	0	0	6.25390984953477e-15	-9.12331732151276e-18	4.10548651495961
0	0	0	0	8.04757337142877e-16	3.39646693177858e-17	-0.128696738688602
0.204515272244356	0.211716051965863	0.208736796302878	0.208736796302878	0.209177204560539	0.209177204059116	2.45132726008669
0	0	0	0	1.40613075979312e-16	-5.64127112891279e-18	-3.42913046766645
0	0	0	0	4.26699651831419e-16	-2.23965127742012e-18	3.32634651438631
0	0	0	0	1.99163950796003e-16	6.66618665044539e-18	-3.07908481221591
0	0	0	0	4.63601419752836e-16	-2.78507509848352e-17	-4.1940443731436
0.111775121735281	0.114979041052048	0.112082953998766	0.112082953998766	0.111701578535502	0.111701576728308	1.41473661452035
0	0	0	0	1.73134420542124e-16	-2.77563909690466e-18	0.368393710427516
0	0	0	0	1.8283155625888e-16	-6.73978229476796e-18	-0.626568008178988
0	0	0	0	1.14524047222145e-16	1.75209166968279e-17	-1.77968317330551
0	0	0	0	6.25467770331825e-16	2.85034047331386e-18	0.372927978497408
0	0	0	0	1.85224751011209e-15	-1.2057267897808e-17	2.72778257710813
0	0	0	0	5.93124923670283e-16	4.29092297378579e-18	-2.07435338527388
0	0	0	0	3.57114995970491e-16	-5.34805621674599e-18	-1.70072199329505
0	0	0	0	1.9487660345323e-16	-1.26437143118742e-17	2.03152592497843
0	0	0	0	3.56517174167532e-16	-7.96817810773086e-19	1.3534735521698
0	0	0	0	1.4331179391981e-16	4.75655165118814e-18	-1.38966226719778
0	0	0	0	1.20242873782434e-15	-9.05215593281292e-18	5.36246889395324
0	0	0	0	7.07900973688475e-16	-4.49305398545054e-17	3.69921042100159
0	0	0	0	3.79951518253633e-16	5.0993637814775e-18	0.205640120984236
0	0	0	0	1.72820084189885e-16	5.88743967870451e-18	-1.9978404809045
0	0	0	0	2.2247172181e-16	-2.43807998631327e-17	-1.85809097362982
0	0	0	0	3.36963575746124e-16	8.33909724683357e-19	-0.837353712946716
0	0	0	0	2.3293310441601e-16	-1.48602016486904e-17	0.675728806733048
0	0	0	0	1.965883966756e-16	-1.57462535738034e-17	-0.0635071154311119
0	0	0	0	5.95777260243798e-16	2.06232284259723e-16	0.20959852829982
0	0	0	0	2.72833060469288e-16	-8.74307511465322e-18	-2.50193140602864
0	0	0	0	2.17526843490455e-16	-3.51808615563628e-18	-0.226856894425577
0	0	0	0	2.76363055025429e-16	-2.06487864657436e-17	0.150645998589625
0	0	0	0	4.79031519506362e-16	-1.42376188966244e-17	0.948916407689818
0.0337696831720736	0.0319857712045391	0.0330395606420477	0.0330395606420476	0.0332502770796934	0.0332502779471772	0.575884096006848
0	0	0	0	1.39457558341725e-16	-1.16235275852723e-17	-3.39682141379377
0	0	0	0	1.94141470258118e-16	-6.53157265638081e-17	-1.03845130661983
0	0	0	0	2.36375740594462e-16	1.33464111019319e-18	-0.299505870164253
0	0	0	0	2.18906961821876e-16	8.34571929511637e-18	-4.23628323499829
0	0	0	0	1.14234395116867e-15	1.33786779174172e-18	2.61372999811134
0	0	0	0	5.54207369460941e-15	1.80435331925266e-17	3.06393716174866
0	0	0	0	1.16774612551807e-15	-3.33688838938376e-18	3.92485125183313
0	0	0	0	1.13437948188154e-14	-1.42372238436425e-18	5.12221118068775
0	0	0	0	1.49310773638209e-16	2.54780838338269e-17	-0.0943493885018331
0	0	0	0	4.5834068338549e-16	5.56510124938026e-18	1.57981381092764
0	0	0	0	2.14092664730735e-16	-4.17639258944122e-18	-1.88257014827011
0	0	0	0	3.06480579423183e-16	-3.10177172176925e-17	-1.4638387353626
0	0	0	0	1.23881087141727e-16	9.14468767117415e-19	-1.93311191032801
0	0	0	0	1.72720245692533e-16	1.09714405424211e-18	-2.39144633574583
0	0	0	0	1.9680957535593e-16	3.14659177541177e-18	0.507582870252874
0	0	0	0	4.54429888731064e-15	-2.36479097760771e-17	4.55783136108769
0	0	0	0	2.0983269151075e-16	1.48922391155424e-17	0.361591175398292
0	0	0	0	2.08737209699074e-16	-7.94260270478443e-18	0.198135270589615
0	0	0	0	1.84318340153145e-16	8.98029548557515e-18	-0.234695263323763
0	0	0	0	4.99777573576476e-16	-4.71337150976649e-18	-0.161427124484033
0	0	0	0	8.10280578607343e-16	-1.0261526334624e-17	1.1908029803809
0	0	0	0	1.9870701318215e-16	2.44938369923853e-17	-0.799597147159543
0	0	0	0	2.12740290152353e-16	8.2305027480975e-18	-0.687279036027148
0	0	0	0	2.88639851856426e-16	-3.83665196894235e-17	0.358864486701202
0	0	0	0	9.16713009049387e-16	-6.68560077992865e-18	0.740770529558413
0	0	0	0	1.25374308593811e-16	-1.06765314037128e-18	-0.853922798960801
0	0	0	0	6.57338355072822e-16	1.06123075092998e-17	2.1034433583201
0.0861632833744387	0.0894930515876665	0.0864720996983953	0.0864720996983953	0.0882115493967205	0.0882115513212557	0.593444608786535
0	0	0	0	4.28797473300007e-16	-5.58877977563245e-18	-0.322563829287923
0	0	0	0	1.90762721058326e-16	1.08415857763142e-17	-3.69477231680248
0	0	0	0	1.71433952716941e-16	1.36084079272103e-18	-1.95449085872083
0	0	0	0	2.23654569285451e-16	-8.33301725581873e-18	0.0378376574362537
0.00793650793650794	0.00812442786421553	0.00754848665496068	0.00754848665496066	0.00909766928835115	0.00909766914959867	-1.0765063308236
0	0	0	0	3.28094909718475e-16	2.47848421644465e-17	2.1663716844865
0	0	0	0	6.32051909239215e-16	-8.51648275439523e-18	-0.0450888019218021
0	0	0	0	1.73430747485813e-16	1.04955453936619e-17	-1.58238440202121
0	0	0	0	2.23332509641886e-16	-9.68054113094922e-18	0.322977401988799
0	0	0	0	2.12414758533336e-15	-1.4299030179964e-17	2.83585262875826
0	0	0	0	5.49590944007219e-16	1.64078735785381e-17	1.57683868438338
0	0	0	0	9.25869307411744e-16	2.19341945431253e-17	1.62673565206125
0	0	0	0	1.4400728324079e-16	3.47841739204765e-18	-6.99208223282205
0	0	0	0	1.99189173235191e-16	-6.34097472978957e-18	-1.88642340451659
0	0	0	0	4.18541840472934e-16	1.21487678183452e-18	5.41292231762953
0	0	0	0	1.03282180384602e-15	1.08289079071727e-17	4.69098593296831
0	0	0	0	3.5674553535786e-16	-2.34642832826621e-17	2.0044891170245
0	0	0	0	1.70168118912381e-16	-3.73406641177356e-18	-0.753628408596927
0	0	0	0	1.58957146255674e-16	4.3969295267254e-18	1.36775616345775
0	0	0	0	1.37746723132588e-15	3.9381298784633e-18	0.816585327762179
0	0	0	0	3.23002217955653e-16	4.8732298319106e-18	-1.12291006754808
0	0	0	0	5.88204835405179e-16	1.12772749375825e-17	1.6142389988224
0	0	0	0	6.99699886109431e-16	-1.82024538711091e-17	1.71963333379024
0	0	0	0	1.59578243575249e-16	-1.77666463633854e-19	0.0708110842473501
0	0	0	0	1.45462725457241e-16	2.05607699200744e-17	-2.19184357556626
0	0	0	0	2.01907140284506e-16	3.15576358963501e-18	-0.0200462217309153
0	0	0	0	1.99297482933237e-16	2.02410368723902e-17	-0.53117035655142
0	0	0	0	1.18795270755406e-16	8.89950424782794e-18	-4.57160045601602
0	0	0	0	2.6346699026512e-16	1.27835526856586e-18	2.71224164608145
0	0	0	0	2.00650277134975e-16	2.35378535504766e-18	1.40894447285727
0	0	0	0	1.31623946017466e-16	4.5209407658455e-18	0.326945883423036
0.0863213811420983	0.0830255219034467	0.0872823617477557	0.0872823617477557	0.0858212032947107	0.0858212042404093	1.52873723782971
0	0	0	0	2.35045089115817e-16	-1.0281687615757e-16	1.77143478229785
0.363435148295706	0.360896820632347	0.365524967761224	0.365524967761224	0.364952890021316	0.364952889974482	-2.27190177700247
0	0	0	0	1.49515094458823e-16	-2.83349074416767e-17	-2.07065989626188
0	0	0	0	1.76771933191035e-16	-6.07715078695288e-17	-2.46851248352438
0	0	0	0	2.33178640553423e-16	9.20966989381889e-18	-1.29533205101718
0	0	0	0	9.86409191146455e-16	-1.11809553193696e-17	0.584304649113509
0	0	0	0	6.03500096183954e-16	-1.42795582093269e-17	1.06673089964253
0	0	0	0	1.06420367406688e-15	-1.60990672748577e-17	-1.07995577460676
0	0	0	0	2.0910654048122e-16	1.68381839102133e-17	-0.921472650491107
0	0	0	0	9.00732584137035e-16	3.97591259224142e-17	2.11975352862446
0	0	0	0	1.98410448585561e-16	1.11146077433852e-17	-0.44921234222024
0	0	0	0	2.32421005571854e-16	-2.70656475955503e-17	3.42777135089772
0	0	0	0	2.61741236121354e-16	1.65968569534699e-17	-0.594100185182273
0	0	0	0	1.13438502164641e-16	8.14724183540023e-18	-3.12064725679587
0	0	0	0	1.23603939301853e-16	9.50518142727854e-18	-3.18957853872552
0	0	0	0	2.3041237674995e-16	1.13254391563762e-18	1.89870188364564
0	0	0	0	2.5005634780703e-16	6.63321078081785e-18	-0.606755434491812
0	0	0	0	1.73469700371254e-16	-3.58646631819879e-18	3.12994480721644
0	0	0	0	5.92276510608202e-16	1.3472163998845e-18	0.458303153623656
0	0	0	0	2.46542823568811e-16	-1.62052817066995e-18	1.96125797845566
0	0	0	0	1.64771508697346e-16	1.71029622612594e-17	0.277002734111123
0.0843925883766521	0.0852868487624721	0.0827127769327343	0.0827127769327343	0.0845509010444416	0.0845509025701045	1.7278297861127
0	0	0	0	1.69398263528349e-16	2.22978735840708e-17	1.53684943333576
0	0	0	0	5.91121231374472e-16	-6.81241009757246e-18	0.61738782279585
0	0	0	0	9.93033093726134e-16	7.09976533171202e-20	-2.53983117317408
0	0	0	0	1.1910596124157e-16	-5.61234281951492e-18	-1.62181358553118
0	0	0	0	1.88041426249488e-16	4.37124849481679e-18	0.267599521580803
0	0	0	0	5.20686175610411e-16	-1.0631841128702e-18	0.989832240737557
0	0	0	0	2.16822272728506e-16	-4.24060147009372e-19	-0.846452489970441
0	0	0	0	1.96970604497945e-16	-1.33932291136992e-18	-1.39634641578799
0	0	0	0	1.39124799767574e-16	-2.091676025241e-17	-2.03942808556193
0	0	0	0	1.17921843181152e-16	2.05231032424677e-18	-5.97778860080078
0	0	0	0	1.64625167884467e-16	1.61587526596726e-19	-4.25405958772615
0.0442673749446658	0.0471937553574366	0.0463055334700182	0.0463055334700182	0.0450472067425794	0.0450472057027645	2.64068416708174
0	0	0	0	2.21786988483302e-16	2.67736366217723e-18	0.225667278284046
0	0	0	0	1.28923619878151e-16	-2.04583825324415e-17	-3.35430983827281
0	0	0	0	1.43114654797048e-16	-6.45562291790187e-18	0.181736960247554
0	0	0	0	6.74411518713137e-16	-1.15328151537381e-17	5.43017780563659
0	0	0	0	1.84584929555145e-16	-2.34097535373376e-18	-5.21286075132792
0	0	0	0	1.97490940736596e-16	4.77291416391655e-18	-1.49745117378274
0	0	0	0	3.61766099311317e-16	-6.25467178318661e-19	3.67784764597546
0	0	0	0	1.73993895222542e-15	2.48260526151551e-19	4.27045249512212
0	0	0	0	1.35513816317658e-16	1.55702779561909e-17	-3.18844121291986
0.0820211218617593	0.0795910983844372	0.0819947853145334	0.0819947853145335	0.0823067915302122	0.0823067894347387	-2.51684089906976
0	0	0	0	4.75874311670819e-16	-5.31543869368441e-18	-1.85169073613931
0	0	0	0	4.80993623352206e-16	1.06638621719499e-17	0.531892095859255
0.0498956554733447	0.0452873975884385	0.0450049308426266	0.0450049308426266	0.045058150386826	0.0450581498765036	0.907863276487727
0	0	0	0	2.07870937114056e-16	7.67932596809032e-20	-1.97191143449155
0	0	0	0	1.51177958854837e-16	1.55837106683827e-17	0.426874602218186
0	0	0	0	4.41285665378375e-16	4.40394848727446e-18	-3.27208504520285
0	0	0	0	2.83318899511425e-16	6.08513308564463e-18	-0.217636091194069
0	0	0	0	1.28174424250541e-16	2.82143422323648e-19	-4.13805404267823
0	0	0	0	1.6935825505818e-16	-2.83360959127611e-18	-0.0163824689053049
0	0	0	0	1.37587311410965e-16	5.19185978755579e-19	-3.23850574552717
0	0	0	0	1.21605076578378e-16	-3.02198711264571e-18	0.576117026980581
0	0	0	0	1.18559214121904e-15	1.34860031133718e-17	5.90067827426723
0	0	0	0	1.47975324042659e-16	5.93658995241715e-18	-4.4622155089428
0	0	0	0	3.40313716713083e-16	-3.00653028205112e-18	0.442758686354567
0	0	0	0	1.31724269553008e-16	-4.24265275930932e-18	-0.990489195351971
0	0	0	0	1.84396565539569e-16	6.04618932931454e-19	-0.403570267398921
0	0	0	0	1.93768189010764e-16	-1.1043124590326e-17	-1.00252187437801
0	0	0	0	5.49930505694137e-15	3.09791430318085e-17	-0.209390703214412
0	0	0	0	1.17670314145879e-12	-9.74013037603821e-18	3.45017132048527
0	0	0	0	1.32425969666438e-16	-3.8046997680926e-19	-4.9642423986195
0	0	0	0	1.1721936183276e-16	4.00770514630444e-18	0.946307926511093
0	0	0	0	1.36762547109987e-15	1.09356530192495e-17	5.38926907048369
0	0	0	0	1.42818505992987e-16	-1.01993725136298e-17	-0.209924873321051
0	0	0	0	4.57898608671272e-16	-3.71382356884961e-17	2.10185155460311
0	0	0	0	2.79074216329232e-16	6.85170129023585e-18	-2.20999628862712
0.110984632896984	0.112218820231459	0.113822014124048	0.113822014124049	0.112644706030612	0.11264470740888	-2.89608507592381
0	0	0	0	1.78106022926927e-16	-4.92552275568204e-17	-3.01432706061144
0	0	0	0	8.90791174419888e-16	-1.93742483157761e-17	4.54097056561577
0	0	0	0	1.48364911917917e-16	-8.24755513905159e-18	-1.2022267023259
0	0	0	0	2.72349561811029e-16	7.0974999749516e-19	-1.92488275983739
0	0	0	0	2.55990670540758e-16	-2.17811547942712e-17	-1.79014374058036
0	0	0	0	1.19449960062793e-16	5.32692131390978e-18	-1.24789973681718
0	0	0	0	2.40309451857724e-16	7.79770669786011e-18	-0.420497467850622
0	0	0	0	2.39957267092505e-16	4.2585151579659e-17	1.47466794204168
0	0	0	0	1.68147157437193e-14	1.49054017651547e-18	3.85098468855391
0	0	0	0	1.43206717488779e-16	3.43564710252224e-19	-3.88338074092639
0	0	0	0	1.41535029024869e-16	5.94567740601723e-18	-1.12034922968025
0	0	0	0	1.36784182805678e-16	-1.37391252541189e-17	-0.917025898460284
0	0	0	0	1.22052161849184e-16	2.23717363953574e-19	-1.21650890895534
0	0	0	0	2.50966555724352e-16	1.75516417435804e-17	3.51861712726441
0	0	0	0	1.52178779970025e-16	-5.70447031757227e-19	0.887599987361975
0	0	0	0	1.39792611999544e-16	6.83872538728782e-18	-1.35824580641962
0	0	0	0	1.27825208797739e-10	-1.36368391289178e-17	2.69807734356156
0.0470182761019415	0.0415570140538172	0.0415468160606213	0.0415468160606212	0.0429690738691157	0.0429690736265417	1.92247593651006
0	0	0	0	4.30108224582353e-16	-2.21217850432548e-17	0.250986871439882
0	0	0	0	1.3914800383877e-16	2.7457817891786e-18	-1.96298616268853
0	0	0	0	1.19941735223596e-13	2.87905840954731e-18	7.03284015001663
0	0	0	0	7.15126760685281e-16	-5.29646792532326e-18	6.42920370727381
0	0	0	0	8.76963962379116e-15	-1.01534951747953e-17	-0.735043890402429
0	0	0	0	1.50263460179219e-16	-5.29546277012793e-18	-0.808648924973604
0	0	0	0	1.18661525948871e-16	1.73529608603463e-17	-2.61614026121886
0	0	0	0	7.2326669282705e-16	-1.3653191273032e-17	-0.489662988804788
0	0	0	0	1.29881911382417e-16	-1.18222248313438e-17	-2.00202250810049
0	0	0	0	1.67430892654591e-16	7.11570619068928e-18	-0.565931088371587
0	0	0	0	2.38527454048049e-16	8.79746136757885e-18	2.36868698913955
0	0	0	0	6.91059109372266e-16	2.06326912249563e-17	-0.579536722121757
0	0	0	0	8.41449992667365e-16	-5.20651482839057e-18	2.34118966498999
0	0	0	0	1.51171622477974e-16	-3.111160050666e-18	0.865005396175577
0	0	0	0	1.86453762848246e-16	1.54972124429266e-17	0.038629985678654
0	0	0	0	1.22769240400849e-16	2.15396177766222e-17	0.357691850749739
0	0	0	0	1.7120851752555e-16	-1.93142405289585e-17	-0.579279901259633
0	0	0	0	5.10303884460906e-16	1.64055564980634e-17	1.59877642274383
0	0	0	0	1.22758979971785e-16	2.43511100028851e-18	-1.6189087935953
0	0	0	0	3.66141646201581e-16	4.78589332263761e-18	-0.939266917047818
0.0495794599380257	0.0499409207208225	0.0490028729636008	0.049002872963601	0.0487985475658326	0.0487985480373028	-0.717010956947474
0	0	0	0	5.96121994617923e-16	-9.65882853876478e-17	-0.186457723598438
0	0	0	0	1.68112256566508e-16	1.1589534101876e-17	-3.72671533708974
0	0	0	0	2.04206223992089e-16	-2.4216893235052e-17	-1.08024948037296
0	0	0	0	3.86486993253585e-16	-1.97298452542111e-17	-0.852941630357105
0	0	0	0	1.51658330132722e-16	-2.25495832664407e-17	-0.36190032446818
0	0	0	0	1.82048202704515e-16	2.14519186029598e-17	-1.04547772631136
0	0	0	0	7.66774798534271e-16	2.43633599773302e-18	-2.19868778392395
0	0	0	0	2.98018509139315e-15	7.49351362463955e-18	3.24660604791297
0	0	0	0	1.17768204325565e-16	-9.84820374871205e-18	-1.12371046129215
0	0	0	0	1.38064022775503e-16	-1.60443867682777e-17	-1.78331642528885
0	0	0	0	2.01694084871459e-16	-4.87578996148856e-18	-0.596204904349469
0	0	0	0	1.56773106358827e-16	1.49289332579307e-17	-1.16769326539769
0	0	0	0	5.68642547006883e-16	2.05281392889496e-17	-0.497525758720002
0	0	0	0	1.65886474654555e-16	2.16039745713367e-17	-1.3108596568537
0	0	0	0	1.67617082121661e-16	-2.49185860660415e-17	1.50937480146389
0	0	0	0	3.3616841841547e-16	2.37892114429794e-17	3.00390253349025
0	0	0	0	1.39335329180406e-16	-5.19601895785804e-18	-1.01449000858349
0.0763296022260166	0.075155416431542	0.0776662497661628	0.0776662497661629	0.0782728742609595	0.0782728737723002	4.36614796944852
0	0	0	0	3.61896709361498e-16	4.78517101008931e-17	2.7965003246186
0	0	0	0	1.94472748616397e-16	-2.06925555032492e-17	0.396404053536678
0	0	0	0	1.25447855282346e-16	1.18710340371735e-17	-1.35041769223081
0	0	0	0	6.05283973052331e-16	9.4221876865718e-18	-0.162519943135272
0	0	0	0	1.31220605926567e-16	8.40864131761872e-18	1.38934966562431
0	0	0	0	2.06695466387314e-16	2.95245890549402e-17	-2.38571625170322
0	0.0018289413699211	0.00410626483612121	0.00410626483612116	0.00233791191965192	0.00233791135236689	2.93657028511139
0	0	0	0	4.9696921908029e-16	4.61628040183207e-18	0.788517224764069
0	0	0	0	2.53755726699269e-16	1.36074702064238e-18	-2.35509618499441
0.0457534939606653	0.0472482549790038	0.0488068759655763	0.0488068759655763	0.0482634031513953	0.0482634020906104	0.86585289918895
0	0	0	0	2.76104732548337e-16	-1.15396828273891e-18	0.308294774117726
0	0	0	0	1.89396781219278e-16	7.25279591376854e-18	-0.966227058899013
0	0	0	0	3.60262379460082e-16	-2.24179485997202e-17	-1.59616077077721
0.0985265288054132	0.103280524772705	0.0996669720137805	0.0996669720137806	0.101365858267593	0.101365858218537	0.915972867075866
0	0	0	0	1.45824775821233e-16	-5.07020498804274e-18	-1.28145609316899
0	0	0	0	1.42158777819519e-15	-5.07096869981931e-18	5.44686558007953
0	0	0	0	2.19704900153353e-16	9.88815903327618e-18	-0.0224416455467863
0	0	0	0	1.37155919196341e-16	-1.14461279585013e-17	-1.67560041943498
0	0	0	0	1.29163130492494e-16	-3.08517935332134e-17	-1.50495137246058
0	0	0	0	1.28194594272974e-16	2.11529514995562e-17	-3.78114006908114
0.082463795611206	0.0780189044181051	0.0798835051750598	0.0798835051750598	0.0789814191935589	0.0789814187085434	-1.03011976319015
0	0	0	0	1.63047318130438e-16	3.04660529218326e-17	-0.896171797246918
0	0	0	0	2.63719496163123e-16	-4.65716287723549e-18	2.97985530802684
0	0	0	0	8.81791606643467e-16	5.5991564505555e-19	2.21981028279454
0	0	0	0	1.23403738880569e-16	1.42482435428708e-17	-5.14075246004104
0	0	0	0	1.93144176528881e-16	2.56002087076916e-17	-2.10122576901832
0	0	0	0	1.59425225729534e-16	1.70022817296866e-17	1.89706098603154
0	0	0	0	2.95517682302638e-16	-2.28490496153291e-17	2.20425379612111
0	0	0	0	1.38502832136424e-16	6.14139726146346e-18	-1.93464768739976
0	0	0	0	2.04093562780778e-16	-1.08178771661114e-17	1.31927195918943
0	0	0	0	4.60767631043062e-15	1.46911536423381e-17	2.65122880291786
0	0	0	0	2.17075269377037e-16	3.69172306032215e-19	-0.000389025538485048
0	0	0	0	1.59689398432377e-16	1.3626579946971e-17	-3.26435181469251
0	0	0	0	2.45633015455636e-16	1.59753144246949e-17	-1.00197161743306
0	0	0	0	6.60684368540499e-16	4.36278611038964e-18	2.37224015883651
0	0	0	0	1.57946265635093e-16	-1.39626696558545e-18	-1.55850551640169
0	0	0	0	4.69747627036628e-16	1.46618244293341e-17	-0.976132592416593
0	0	0	0	2.39746942453789e-16	-2.67963776147873e-17	2.39722756427539
0	0	0	0	1.42588796563192e-16	9.8572144602877e-19	-3.08743526020187
0	0	0	0	1.462682768111e-15	2.643454069856e-18	0.272108509289796
0	0	0	0	2.3101101834164e-16	1.16184027803725e-17	1.17025101507995
0	0	0	0	5.97626324232098e-16	2.67341762955894e-17	-0.376572031133287
0	0	0	0	4.45524405827614e-16	-1.14412381210604e-17	-1.79435394108957
0	0	0	0	2.41733350376266e-16	-1.68242219021372e-19	-1.90853131489254
0	0	0	0	8.18878373695633e-16	-1.69029777532331e-18	0.0233982515331786
0	0	0	0	1.25725799283966e-16	-6.09114524664321e-18	0.0767083212358325
0	0	0	0	9.12947001251096e-16	-2.37805489859206e-17	1.46049192160948
0	0	0	0	8.13922147047016e-16	4.64706993702827e-17	4.14385872020696
0	0	0	0	1.89525182068604e-16	3.66296695757378e-17	-2.01807526040066
0	0	0	0	2.41941323013822e-16	2.80506968757212e-17	2.13582364782059
0	0	0	0	2.73451843439799e-16	8.72730124841065e-18	-0.964200050062824
0	0	0	0	1.34956445528226e-16	-2.55793532209937e-18	-0.615452315420481
0	0	0	0	1.15311162509767e-15	1.60309117546903e-17	3.21847885065534
0.0847404034655031	0.0829831536976491	0.0794218675432014	0.0794218675432013	0.0815138770421813	0.0815138772220923	1.38424244032371
0	0	0	0	3.18434628523874e-16	8.35363904526351e-18	-0.173769909434968
0	0	0	0	2.62188560306312e-16	-3.0904814982684e-18	-1.46158002532675
0	0	0	0	1.00234674914423e-15	-2.01380694458085e-17	4.86464713253601
0	0	0	0	1.6868102996545e-16	5.13157947829043e-18	-2.52053068365456
0	0	0	0	2.56174243991668e-16	-7.65935065178917e-18	-4.71177141056966
0	0	0	0	3.07550937106542e-16	7.13287362108014e-18	2.91954615486234
0	0	0	0	3.45731618692179e-16	-2.9920708791869e-18	-3.63311380311967
0.069278441788402	0.070033329469203	0.0661458490479048	0.0661458490479048	0.0674441031354829	0.0674441058329573	2.36944403443891
0	0	0	0	8.22911627237751e-16	-1.83953090152897e-17	2.65047324659002
0	0	0	0	2.99075484746849e-15	-2.6577008571798e-17	6.25432696400034
0	0	0	0	1.48589818878198e-16	8.18719742959118e-18	-2.10990263768543
0	0	0	0	4.22825131735814e-16	2.28142683514459e-17	1.46873562624321
0	0	0	0	1.66087962474392e-16	1.13697536666322e-18	0.44645890075564
0	0	0	0	1.25976810070134e-16	3.86327831117501e-18	-5.8647029842408
0	0	0	0	2.18553930040395e-16	-1.28640005325463e-17	1.10264423577567
0	0	0	0	2.44352570856377e-16	-1.31551820598364e-17	-0.520369202548047
0	0	0	0	2.83819060647833e-16	1.4797349636754e-17	1.85936562908468
0	0	0	0	1.41443088276914e-16	6.46992600974699e-18	1.22786985206125
0	0	0	0	1.32523069973148e-16	4.58039044936512e-17	-0.0352572032996855
0	0	0	0	1.67986852904672e-16	5.23437856284198e-18	2.94784090180453
0	0	0	0	1.75193964118052e-15	1.69964524081498e-18	0.998691005326629
0	0	0	0	2.67525084798126e-16	1.02364742036276e-17	2.64569295781953
0	0	0	0	8.68426278654945e-16	1.00931862041984e-17	0.971311591572045
0	0	0	0	5.32446392323232e-15	1.18243936508517e-17	3.19557565316731
0	0	0	0	3.15482631694451e-16	1.57978075428443e-18	1.2203214780469
0	0	0	0	3.87223434199245e-16	2.09197983035083e-17	-1.44199360451289
0	0	0	0	1.28931675393803e-16	-7.14201798023972e-18	-3.41277052837627
0	0	0	0	1.56492051974005e-16	9.91917428095169e-18	1.5655263474545
0	0	0	0	2.80749097239366e-16	2.7713177069802e-19	-5.25048901465843
0	0	0	0	1.45132265186641e-16	-3.12953562210431e-18	-3.72802977713998
0	0	0	0	2.76117304986619e-16	-6.35297547706535e-18	0.024584853890493
0	0	0	0	7.36008416730819e-16	3.65451822378507e-17	0.625510511559414
0	0	0	0	6.98015360689443e-16	-1.52680370264006e-17	-1.22644879305146
0	0	0	0	1.72283149112423e-16	-1.23744488733343e-17	-2.64217071321725
0	0	0	0	1.80258534901333e-16	-1.1304665704749e-17	0.910428844400951
0	0	0	0	3.19546344397246e-16	-1.60396383999906e-17	-0.329936204669962
0	0	0	0	1.50096411300155e-16	1.00280415026849e-17	-1.13487148817559
0	0	0	0	1.33314332930329e-16	-3.72102555799595e-17	-1.59412756320571
0	0	0	0	1.26029037924268e-16	-1.08833459832953e-17	-1.92337205026957
0	0	0	0	1.53444514727632e-16	1.3699597836743e-17	-4.15699736223452
0	0	0	0	7.25621882265452e-15	1.49641005341681e-17	2.34670581126364
0	0	0	0	1.97718500617988e-16	-1.23006561976649e-17	-1.96591340678458
0	0	0	0	1.67299988646633e-16	-1.19980158565598e-17	-2.45153852324843
0	0	0	0	1.81637310650155e-16	7.55256632889635e-18	1.51197030343678
0	0	0	0	1.62493553955239e-16	-2.65714076677727e-18	-2.58168103654586
0	0	0	0	2.2734763444505e-16	1.47297472188341e-17	-0.282861296084572
0	0	0	0	2.32847425555785e-16	-2.4979370633433e-17	-1.63318806582093
0	0	0	0	1.69552388288626e-16	-1.17590353077499e-18	-2.07728434520743
0	0	0	0	1.63627011968723e-15	5.17849200711971e-18	3.92089852147337
0	0	0	0	1.23747317520982e-16	1.68207493212729e-17	-0.869322531031185
0	0	0	0	1.26685060207974e-16	1.33172457689325e-17	-2.65545297253822
0	0	0	0	1.41050404272799e-16	2.36576519758297e-17	1.12472539854425
0	0	0	0	4.34862386763929e-16	9.84883551385342e-19	-1.22395026457729
0	0	0	0	2.3662161624644e-16	3.16706074965572e-17	-1.33791026995393
0	0	0	0	8.32429790997012e-15	-1.50590782258792e-17	1.4981277690887
0	0	0	0	1.75715898310782e-16	-9.81072487413724e-18	1.81338414187416
0	0	0	0	1.9555598577862e-16	1.45090456872648e-17	1.29836030245723
0	0	0	0	4.29223135913026e-16	-9.61254224290804e-18	-2.17044799157216
0	0	0	0	5.06486454140748e-16	-1.02238593246893e-18	-0.608849407946018
0	0	0	0	2.10928180576582e-16	-1.07418697064724e-17	-2.58838232569508
0	0	0	0	1.62525886673447e-16	-1.68855012384992e-18	-2.51332057407761
0.0418326693227092	0.0390638626878318	0.0398422778248327	0.0398422778248327	0.0385009871392832	0.0385009891596403	1.0131202404447
0	0	0	0	6.11299894806871e-16	-4.23309938579429e-20	2.20887972703766
0	0	0	0	1.18440829978164e-16	2.17919548036977e-17	-5.0332506537507
0	0	0	0	1.36844235839788e-16	1.0656764759323e-17	-0.36342753245977
0	0	0	0	1.24937436034555e-16	-4.82746545884862e-18	-3.06916413621794
0	0	0	0	4.06872374016026e-16	-2.48043946149569e-17	-0.66350506418796
0	0	0	0	8.51077114556861e-15	-2.11624613802764e-17	1.35839888754904
0	0	0	0	4.26653589803062e-15	8.36324443794468e-17	1.92275408453592
0	0	0	0	1.63207169594088e-16	6.60419513801114e-18	1.66112309866461
0	0	0	0	2.44988639812579e-16	-1.06273991866798e-18	1.59918978774977
0	0	0	0	3.91448757252858e-16	1.40196218834498e-18	-1.01159901771823
0	0	0	0	2.11874716931756e-16	2.13178101822915e-17	-0.460371897612835
0	0	0	0	2.01943718345582e-16	-2.36786990378946e-17	-1.46275138046863
0	0	0	0	1.70469800198311e-16	1.05810517616146e-17	0.259063885631569
0	0	0	0	3.55157784816142e-16	-3.47953288734914e-17	1.96728317426101
0	0	0	0	1.87270676385354e-16	2.84745911219961e-17	3.27568090751585
0	0	0	0	1.34759541409376e-16	-1.09359533421089e-17	0.888853957720373
0	0	0	0	2.21538877969895e-16	-1.62363613365869e-17	-3.84545234344597
0	0	0	0	1.36057437191005e-16	-5.03379846985534e-20	-3.17466971218132
0	0	0	0	3.46722478249451e-16	-6.20569399720383e-17	-2.4467748860517
0	0	0	0	2.53859939859144e-16	-3.85259031882946e-17	2.7407295921102
0	0	0	0	2.93727884688044e-16	5.32587586695701e-18	1.02801846549505
0	0	0	0	4.3436099167386e-08	4.53993195864754e-18	0.477085020994266
0	0	0	0	2.52529542027939e-16	-1.68757616585328e-18	0.558427283835595
0	0	0	0	7.43550816820305e-16	-3.25716837850025e-17	0.59841480847598
0	0	0	0	1.27950722271638e-16	1.84213720558711e-17	-0.512262139984093
0	0	0	0	1.400495592465e-16	-8.29062378092099e-18	-1.19476218717497
0	0	0	0	2.40089706889024e-16	1.98629191676866e-17	-1.78882492184906
0	0	0	0	1.09847755066961e-15	1.07310312972875e-17	4.52941773971002
0	0	0	0	3.33616356292586e-15	1.09802378114326e-17	-0.433876630096566
0	0	0	0	2.64052014349244e-16	-7.46361017589008e-18	-0.425444799297477
0	0	0	0	6.78065899795818e-16	-1.69702901553265e-18	-5.02098716289035
0	0	0	0	3.38882573869224e-16	-1.07464907728581e-17	2.45396927415614
0	0	0	0	2.56372114982964e-16	1.994380710708e-17	-4.36477130084191
0	0	0	0	3.18193175054412e-16	1.69380783733026e-17	2.37600727230279
0	0	0	0	1.78389554520369e-16	2.16157805596921e-18	0.344342663985804
0	0	0	0	1.72891785875582e-16	-2.99562095835543e-18	-0.347694685532859
0	0	0	0	1.45086121144676e-16	1.08452570758909e-17	-3.60105761472242
0	0	0	0	2.47827714735654e-16	1.34355694980928e-17	0.662609989101793
0	0	0	0	1.48393868079199e-16	1.64626344407875e-17	0.439006928973083
0	0	0	0	4.49859236522865e-16	2.40995842488296e-17	2.76806282961794
0	0	0	0	3.95427367508911e-16	-1.28947992930289e-17	2.45625736314164
0	0	0	0	2.23036504090122e-16	-1.26855703004755e-17	0.341644875934948
0	0	0	0	2.48610226854794e-16	4.51913923074828e-18	2.68233247456932
0	0	0	0	1.22958378012609e-16	-5.19749849357419e-18	-3.20427460663347
0	0	0	0	2.58826333590883e-16	1.12645599930156e-17	-0.188552765299905
0	0	0	0	2.29264113180271e-15	3.56494508658056e-17	1.45764228489074
0	0	0	0	1.381413993002e-16	9.66639541511485e-18	-0.484783679793896
0	0	0	0	1.33957957204531e-16	-2.29945258938905e-18	-4.17093287412614
0	0	0	0	1.14200480929426e-16	2.06811885642847e-17	-1.28431557196671
0	0	0	0	6.4916414215292e-16	2.31070071463013e-18	5.06056878572374
0.0248213495225447	0.025735855575826	0.0236576137479667	0.0236576137479666	0.0226388640582929	0.0226388669227933	5.39873654112076
0	0	0	0	2.64426139016965e-16	-3.26760545669347e-17	0.346331098005868
0	0	0	0	2.33920905012799e-16	-1.74217064602723e-17	0.462917493819608
0	0	0	0	4.95103024276366e-16	1.43080229794521e-17	0.0831113891761361
0	0	0	0	3.08349315999042e-16	-1.27125732524282e-17	-1.59475322260221
0	0	0	0	6.71141496042496e-16	1.12816816886912e-17	5.95932242606475
0	0	0	0	1.36058368229605e-15	1.02549940310323e-17	2.48990967909682
0	0	0	0	5.00215040138451e-16	2.25522471270867e-17	0.184989888787351
0	0	0	0	2.55063268065518e-16	4.74311434269423e-18	2.16067002245375
0	0	0	0	3.30633788370438e-16	-8.67507594561259e-18	0.187424170164333
0	0	0	0	1.40080286577317e-15	3.51845424199197e-17	0.671038093759851
0	0	0	0	6.31396428822362e-16	-7.02259528510425e-18	-2.05443070048296
0.00743059507999747	0.00804841517737207	0.0113890722861072	0.0113890722861072	0.00907202147452355	0.00907202373202886	-0.925926063739301
0	0	0	0	4.00687198730338e-16	-4.06046815128332e-17	0.436003662446762
0	0	0	0	1.71017673124753e-16	1.73876958058718e-19	-6.17430691663783
0	0	0	0	2.07925222752243e-16	8.51279653689145e-18	-1.38206405836264
0	0	0	0	4.62866898725696e-16	-2.232488970546e-17	-0.894908799316177
0	0	0	0	1.76812137536434e-16	3.70901665122383e-17	0.690006632790197
0	0	0	0	1.86910930980705e-16	6.83218833622943e-18	-1.01357969552239
0	0	0	0	2.28318200921296e-16	-8.28980991953928e-18	-3.29031865711047
0	0	0	0	5.04097506665835e-16	1.3012894647165e-17	-0.496614842211341
0	0	0	0	2.53350974852766e-16	-7.81957841382607e-18	1.49967376286958
0	0	0	0	2.24684476099901e-16	2.18304286734076e-17	-1.38683398445678
0	0	0	0	1.28762502289352e-14	-1.34078627729445e-17	0.189198175955136
0	0	0	0	3.06356989721346e-16	7.69124658626681e-18	-0.246672940344925
0	0	0	0	5.75914058563084e-16	-1.55915342332075e-19	2.10986404116957
0.0827483715929931	0.0872568559693615	0.0846411758512613	0.0846411758512613	0.0854451505458479	0.0854451525342347	6.87853845905451
0	0	0	0	7.09873330452798e-16	-2.45270994302008e-18	3.44237788658258
0	0	0	0	2.68013034631072e-16	-1.83452940966449e-17	0.287394337031154
0	0	0	0	1.46323311019649e-16	1.55392795775205e-17	-1.29110579649729
0	0	0	0	3.00550895334888e-16	1.91413731387685e-17	-1.32857862661082
0	0	0	0	1.36012196752196e-16	-1.92020059466534e-17	-0.525626668116505
0	0	0	0	1.2449230609983e-16	-6.93540527978571e-18	1.99010134676115
0	0	0	0	2.94778644417961e-15	-1.6269084013894e-17	2.61242391420036
0	0	0	0	7.62799897030667e-16	5.41044933333376e-17	8.54079108204319
0.0463226459242395	0.0461805296188727	0.047426701210244	0.0474267012102442	0.0468449765540913	0.0468449744138492	1.60336618888308
0	0	0	0	1.31452155234043e-16	-5.30569933039349e-18	-3.45521799956526
0	0	0	0	3.09435049218824e-16	4.04042697981632e-18	-2.52485019477976
0	0	0	0	8.66221390680914e-16	-1.69789630639438e-17	4.03450778600397
0	0	0	0	8.67936763427141e-16	1.0240221690026e-17	2.18392517340742
0	0	0	0	1.57919935044139e-16	-3.17369382621687e-17	-1.52877988535491
0	0	0	0	1.48214165381834e-16	4.99569458262164e-17	-4.51960059571609
0	0	0	0	3.82794414961711e-15	8.2467022299376e-18	3.01005845923275
0	0	0	0	2.1694487826537e-16	-2.25675072476644e-18	-3.14749358669981
0	0	0	0	1.52927890258547e-16	3.41705063569193e-18	1.933266412078
0	0	0	0	1.3605749631063e-14	1.70330061175241e-17	0.511052716160111
0	0	0	0	6.12143337208488e-14	-6.09564168330084e-18	1.72754205314772
0	0	0	0	2.82279201457517e-16	-1.31483757318633e-18	-0.450712157507681
0.00717763865174223	0.00737458079937618	0.00415383276413706	0.00415383276413702	0.00334234551397365	0.00334234684113761	0.254272754961481
0	0	0	0	1.96238258348894e-16	-3.98767127026517e-17	-3.76504460579101
0	0	0	0	1.2791994242876e-16	-1.91225728559829e-17	-3.01944193809891
0	0	0	0	4.56661365024709e-16	2.58573455296167e-18	-0.90676084478503
0	0	0	0	1.04899726622917e-15	-6.34358217152113e-17	-0.932750633679884
0	0	0	0	1.73828247302383e-16	5.71977890070937e-18	-2.32072820224163
0	0	0	0	1.41810433401109e-16	-1.41908982880347e-17	-1.24653163570689
0	0	0	0	1.52267891811522e-16	4.949046304961e-18	-4.74909091092171
0	0	0	0	2.2304587800433e-16	9.40577142072362e-19	-1.71840054630385
0	0	0	0	1.62193560416556e-16	-3.67177944511249e-17	1.41147568486364
0	0	0	0	2.46824629749469e-16	-1.00133161727683e-17	0.0622103315367519
0	0	0	0	2.12072275463715e-16	-3.07173543311467e-17	0.241644718541532
0	0	0	0	1.59595844460668e-16	1.77537877094262e-17	-0.376527216757002
0.105988743438943	0.107385161547474	0.107792047286022	0.107792047286022	0.108243977678527	0.10824397709283	0.0206640283677337
0	0	0	0	6.64204799831321e-16	2.00220767694906e-17	7.50843199243957
0	0	0	0	1.10867693880469e-16	1.42773581454934e-17	-2.41821260419542
0	0	0	0	1.66628697897932e-16	-5.25540084289255e-18	-0.703518301073861
0	0	0	0	2.81649797996802e-16	-1.0852472162399e-18	0.667131481900381
0	0	0	0	8.05695510010011e-16	1.68704903887326e-17	3.04783909962871
0	0	0	0	1.79097474987146e-16	-2.80895666921827e-17	-3.69005922721833
0	0	0	0	5.38870966527357e-16	4.94988388624692e-18	3.52017342203577
0	0	0	0	2.17298735750989e-16	-1.9914948752453e-17	2.45262795388792
0.0363624865616897	0.0349548905405465	0.0355853078641496	0.0355853078641497	0.0376181288327685	0.037618129253787	2.31206069321227
0	0	0	0	1.50245703687689e-16	7.03393132794426e-17	-2.91406786075546
0	0	0	0	2.1921011868367e-16	-2.4639204353051e-18	-2.54780229114736
0	0	0	0	2.39078842649244e-16	3.71717070115603e-18	0.840308196401383
0	0	0	0	1.25367172568774e-16	7.92031231819487e-18	-0.85660235184021
0	0	0	0	1.28469890993543e-16	-1.18564168407049e-17	-1.71474914449127
0	0	0	0	1.77718802376899e-16	2.34414037006366e-17	-2.46204354892909
0	0	0	0	2.07620218961534e-15	4.52160221216218e-17	1.23763847131464
0	0	0	0	1.68472871022433e-16	-3.65436335311703e-17	-2.86202840944163
0	0	0	0	2.15307748802823e-15	3.45073603824531e-17	3.75128616546925
0	0	0	0	1.96435870870078e-16	4.49585949809208e-19	3.58486807666486
0	0	0	0	3.36670538564445e-16	-3.81020072707731e-17	2.09656249842165
0	0	0	0	2.37923897747042e-16	5.54584452100007e-18	-1.46252142415013
0	0	0	0	2.72349749185868e-16	-3.75282700982026e-18	-1.43619202403519
0	0	0	0	4.31042730728538e-16	1.10033674012713e-18	2.07469267065846
0	0	0	0	1.99939076971073e-16	2.10615838846367e-18	-1.40465310858426
0	0	0	0	1.48490173623263e-16	1.1753463341097e-18	0.288239475683645
0	0	0	0	1.20494100630246e-16	-2.0222240172104e-17	2.24436678388151
0	0	0	0	1.25176498893005e-16	2.0672816323596e-17	-4.36308257139755
0	0	0	0	1.75384470170129e-16	-5.54058290163228e-17	3.06340280402341
0	0	0	0	3.15419076605056e-16	-4.06845861131058e-17	-1.96236811146501
0	0	0	0	1.79039091231337e-16	-1.46729178952947e-17	1.16262811369317
0	0	0	0	2.52623983091102e-16	2.89466563542918e-17	-3.16504793318796
0	0	0	0	1.88426651423752e-16	-1.2177695059417e-17	-2.10701321852763
0	0	0	0	1.14763874218689e-16	2.92112892512385e-17	-0.396692745110332
0	0	0	0	2.06225182065594e-16	3.45587377030639e-17	-3.23942671829888
0	0	0	0	1.95489358435409e-16	-2.68352000242803e-17	-0.799144952570041
0	0	0	0	2.80401586580295e-16	-1.67579329833467e-17	-0.800711583924495
0	0	0	0	1.54355072374073e-16	-2.57976169024026e-17	-3.89230243346477
0	0	0	0	1.7535596940305e-16	6.8481841569114e-18	0.287285080955644
0	0	0	0	5.53869869863274e-16	5.82016259211859e-17	-0.438409270169659
0	0	0	0	2.78136085271081e-16	2.38986462649101e-17	-2.36996306742638
0	0	0	0	3.82362351480882e-16	2.202151148936e-18	2.19661466646609
0	0	0	0	1.49475936982155e-16	2.90391348539937e-17	-3.22416389427128
0	0	0	0	1.58735256870634e-16	4.02842760091624e-17	-0.88856284855624
0	0	0	0	1.33234104323013e-16	3.41471074880827e-17	-4.30824665720961
0	0	0	0	1.36070810727633e-15	1.67920165014364e-17	-0.884024823410662
0	0	0	0	1.93284761633656e-16	8.62068818476314e-18	-3.28668716908065
0	0	0	0	2.25644663879028e-15	5.87981141356522e-17	3.47975226368331
0	0	0	0	1.6172750864175e-16	3.62246397302494e-17	0.707592032782371
0	0	0	0	2.84894094698403e-15	-4.7982256121014e-17	2.53562819039101
0	0	0	0	1.2437224754363e-16	3.01401641756086e-17	-2.99433813541375
0.0233352305065453	0.0255746568937627	0.0234989404338972	0.0234989404338973	0.0245296332145603	0.024529634364561	6.19408827501351
0	0	0	0	1.09867894031721e-15	3.11028612755664e-18	0.0527829941611758
0	0	0	0	1.44729143700052e-16	-6.27526438458286e-18	1.62290022309198
0	0	0	0	6.04766940350277e-16	-2.21760637844649e-17	-2.21958880754248
0.0232403718459495	0.0236948615039709	0.018944577602221	0.018944577602221	0.0199897249065546	0.0199897255311028	1.26618267661399
0	0	0	0	1.34131375784817e-16	6.97218042596947e-18	-4.36756525559079
0	0	0	0	6.45182879528444e-16	-3.51448951156987e-17	-4.13950474867494
0	0	0	0	1.72491366664393e-16	4.36154773374009e-18	1.04947797259817
0	0	0	0	3.24730845918814e-16	-2.97147108817191e-17	-0.0173952819515423
0	0	0	0	1.37446651898346e-16	3.57188377706868e-17	-2.80842890447976
0	0	0	0	3.97194135052151e-16	4.34582524668747e-17	3.03206188628417
0	0	0	0	1.65017061340973e-16	7.76882583389825e-18	-6.32761713575995
0	0	0	0	1.67664711016086e-16	-7.46161177896585e-18	-2.93533962010239
0	0	0	0	2.80570480865867e-16	-7.09382534787395e-18	-2.63449240047757
0	0	0	0	4.25671651771929e-16	-2.10744395494138e-17	3.22691375235746
0	0	0	0	1.17763969656163e-16	-2.21947501994123e-17	-1.9067101526578
0	0	0	0	2.74201959887668e-16	4.62685384402128e-18	-0.0925184447287747
0	0	0	0	2.1035934105931e-16	-2.13315206795619e-18	2.35049928321698
0	0	0	0	3.53733456377166e-16	-5.54671519361516e-18	-1.18542514135417
0	0	0	0	2.10012666660008e-16	-1.81704832933399e-18	-3.55289300757522
0	0	0	0	1.49816772242288e-16	-3.20788180809741e-17	-1.64158571858482
0	0	0	0	3.38243635868769e-16	-4.04263055050819e-17	3.44975332873924
0.0661481059887434	0.0702853342061376	0.0702267770059866	0.0702267770059866	0.0710230367887116	0.0710230388466554	3.66122000477075
0	0	0	0	2.31472689388569e-16	-1.4185083486386e-17	0.192114245736598
0	0	0	0	1.49391029729255e-16	4.59065380017918e-18	-4.07111891628659
0	0	0	0	2.62839645901524e-15	-1.17379985470996e-17	0.71694458089259
0	0	0	0	1.48533110803552e-16	3.44263654991553e-20	-4.72633311155186
0	0	0	0	2.27238671270855e-15	-2.46083129857837e-17	0.737676305088615
0.004616454815658	0.0059880454357754	0.00353062754958157	0.00353062754958152	0.00339670861828621	0.00339671191455601	2.26788884941534
0	0	0	0	1.6536270029263e-15	-3.45320818704973e-17	1.92898014928348
0.246506039334725	0.243193217855068	0.24131524288649	0.24131524288649	0.243794724738084	0.243794726063737	1.73972473640835
0	0	0	0	2.23613181028642e-16	1.03559666471415e-17	-0.747448642253101
0	0	0	0	2.07118055823661e-16	6.79382123029415e-18	-1.00237822898247
0.015493581230633	0.0161054140202004	0.0175983035151716	0.0175983035151716	0.0179492983021541	0.0179493010329644	2.04286071453812
0.0317144121924998	0.0324932856799829	0.0331281067563491	0.033128106756349	0.0333452929492209	0.0333452928308554	1.49881191719788
0	0	0	0	8.01600161614563e-16	-2.89986387639198e-17	1.4648403563013
0	0	0	0	2.39020459318793e-16	-7.24187655481491e-18	-3.97788342825712
0	0	0	0	1.70995100248247e-16	-1.93692457595521e-17	-0.908073977854182
0	0	0	0	4.40230611583915e-16	4.37267639776317e-18	2.04667195351903
0	0	0	0	1.30723111305707e-16	6.40419740331669e-18	-3.40980032429697
0.0163473091759944	0.0181402474528911	0.0143179577441208	0.0143179577441207	0.0153531037732285	0.01535310237521	3.60906807588921
0	0	0	0	3.57432925468199e-16	-1.83677049097088e-17	1.90039219297208
0	0	0	0	4.33099167738097e-16	3.41536577577011e-17	-1.71094955290269
0	0	0	0	3.72961675815415e-16	5.12499985378256e-17	2.17459301242509
0	0	0	0	4.9321101624556e-16	-8.3995495269215e-18	0.896729623540641
0	0	0	0	1.31575496517393e-16	-2.38275782061285e-17	-0.232486042134911
0	0	0	0	7.33082573310224e-16	-1.42466353269338e-17	3.32060899667768
0	0	0	0	1.63326327671291e-16	-6.04756562745563e-18	-1.99702928297422
0	0	0	0	2.67360677389152e-16	2.64661024032995e-18	0.547129938800583
0	0	0	0	4.622200606507e-14	3.2508591512048e-18	2.27117178844704
0	0	0	0	4.03694181633695e-16	-2.065597658708e-17	4.29466344872535
0	0	0	0	1.98089499797368e-16	-7.66236333143863e-17	-2.43516754705521
0	0	0	0	1.4182690339629e-16	8.18090404955403e-18	0.894217636775194
0	0	0	0	1.95687397201524e-16	1.86465480574772e-18	-0.785299343562481
0	0	0	0	5.03261944888365e-15	7.39674807718274e-18	1.69061148043089
0	0	0	0	1.67397330068828e-16	1.54609297918459e-18	-4.97306792389742
0	0	0	0	6.13054722304197e-16	-3.42501743935684e-17	1.53914633405844
0	0	0	0	1.43209266074037e-16	2.57228388183112e-17	-4.23210461679718
0	0	0	0	3.34570294156439e-16	6.80826336265715e-18	-0.392265870259561
0	0	0	0	2.28612748598319e-16	4.5700014529935e-17	0.522345070460995
0	0	0	0	1.57057858069271e-16	7.18914952413857e-17	-0.663976127761407
0	0	0	0	5.7212188436167e-16	9.48363197892482e-17	0.754025208317248
0	0	0	0	2.64335435907309e-16	2.40780874950636e-17	-0.504292759513167
0	0	0	0	4.55731313406413e-16	-1.38502527639019e-18	-0.356245921802966
0	0	0	0	1.94267859811169e-16	1.65104742548302e-18	-0.966769418298339
0	0	0	0	5.12562049380859e-16	-7.31862820424264e-17	1.80202774825509
0	0	0	0	2.25706877894673e-16	7.68508186855384e-17	-3.6992151477728
0	0	0	0	2.65794999160613e-16	-3.28265007326308e-18	0.545536135139897
0	0	0	0	2.35130899979516e-16	3.77636999552474e-18	-3.69861163839393
0	0	0	0	3.1577093160641e-16	3.26129828991152e-17	3.35897380792321
0	0	0	0	1.51860230161469e-16	-5.35369508026941e-17	-0.0986924758168403
0	0	0	0	4.39683303638531e-16	-9.66056395730714e-18	-0.0169585296650461
0	0	0	0	1.54498891498508e-16	-2.62137804059666e-17	-1.90604361742641
0	0	0	0	2.26311003893545e-16	1.08637123514095e-17	-2.22884508907916
0	0	0	0	3.8666869903499e-16	6.28566864109185e-20	-2.32037034137955
0	0	0	0	1.40041076298685e-15	2.05425781599796e-17	-0.198175727140411
0	0	0	0	2.44947389001722e-16	-3.89043702058434e-17	-3.40669760331448
0	0	0	0	1.32399077263188e-16	-1.11384828320928e-17	-3.69527853520248
0	0	0	0	1.64908610846556e-16	-1.29855680894788e-16	-2.87197037131023
0	0	0	0	1.85963285052167e-16	-2.16762539838779e-17	-1.81263737133732
0.101150951748561	0.0953994843496126	0.0954311073725884	0.0954311073725883	0.0974846571905525	0.0974846590739688	4.39676303592064
0	0	0	0	1.38442551587455e-16	1.84220591433549e-17	-0.786114621895524
0	0	0	0	1.26390802157034e-16	-2.5624710591896e-17	-2.22853577628948
0	0	0	0	2.13998123400932e-16	7.32432189447463e-17	0.302324749143889
0	0	0	0	5.20167784877245e-16	4.32283850846738e-18	0.676386130413738
0.0286156959463732	0.0268231727158306	0.0265804616020808	0.0265804616020807	0.0286325733743871	0.0286325744821534	3.16309386306335
0	0	0	0	4.72210097131906e-16	-5.14495764340204e-17	0.327409981029258
0	0	0	0	3.48241846065113e-16	6.80452713798733e-17	6.97555733029832
0.0609624992095111	0.0632897296166844	0.0651930353965496	0.0651930353965497	0.0646450654633567	0.0646450659052206	3.19941439658365
0	0	0	0	2.47244321857311e-16	2.16207277277299e-17	3.03261411978625
0	0	0	0	1.71898213406746e-16	-3.11245297385328e-17	-2.04385637458621
0.0287421741605009	0.0262777177998966	0.0294638167113525	0.0294638167113526	0.0277001821109708	0.0277001818665252	1.32917584416965
0	0	0	0	1.93050035429903e-16	1.97544194272685e-17	-0.0497852816516248
