FW_Default	FW_LBM	FW_QBM	FW_NM	Direct	interior-point-convex	active-set
0	0.000101101271382047	0.0060068345736885	0.0060068345736883	1.41175776357149e-15	1.74941155802748e-17	NaN
0	0.000101101271382047	0.0060068345736885	0.0060068345736883	6.92729088895114e-16	8.31290421307511e-18	NaN
0	0.000101101271382047	0.0060068345736885	0.0060068345736883	5.68996479197529e-16	-2.78861552652567e-18	NaN
0	0.000101101271382047	0.0060068345736885	0.0060068345736883	6.43504791515633e-16	-7.06805186908278e-18	NaN
0	0	0	0	1.17280968919439e-15	8.63334042860496e-17	NaN
0	0	0	0	4.63328226745844e-16	3.10001583034921e-16	NaN
0	0	0	0	4.71618194515752e-16	-6.5027243686941e-17	NaN
0.0434545454545454	0.0431998714637411	0.0433339411738622	0.0433339411738623	0.0427579569538119	2.82377543356176e-16	NaN
0	0	0	0	1.33715514264602e-15	8.09787949939012e-16	NaN
0	0	0	0	1.97517834854252e-15	-1.13931736644003e-15	NaN
0	0.000101101271382047	0.0060068345736885	0.0060068345736883	9.28890205703238e-16	2.48867586141582e-18	NaN
0	0	0	0	3.22112056826746e-15	-4.220858037111e-16	NaN
0	0	0	0	6.30244965852014e-16	-2.07979466496946e-16	NaN
0	0	0	0	6.72931932246201e-16	-6.07025084050313e-18	NaN
0	0	0	0	1.68191535635937e-15	1.07639401766409e-19	NaN
0.0106893106893107	0.0107586855987448	0.0104078758236676	0.0104078758236676	0.0104126101397279	-5.5077688402017e-19	NaN
0.0807652347652347	0.0805818787835412	0.081430372251446	0.0814303722514459	0.0811013755120795	0.08721210691632	NaN
0	0	0	0	5.33487284936555e-16	9.80220217433822e-20	NaN
0	0	0	0	6.62794798907654e-16	1.98206018384751e-19	NaN
0.0475684315684316	0.0464559387846849	0.048022293857411	0.0480222938574112	0.0464784124871056	0.0557878724240999	NaN
0	0	0	0	7.06674899106634e-16	2.38391586721901e-19	NaN
0	0	0	0	1.15647676374016e-15	1.9522097709023e-19	NaN
0.0414745254745254	0.0438258491464496	0.0418003671931033	0.0418003671931033	0.0415546201539096	0.0431738022025785	NaN
0	0	0	0	1.66997249798182e-15	-1.83513368410826e-18	NaN
0	0	0	0	1.67632214401251e-15	-1.36667418547831e-19	NaN
0	0	0	0	8.50324231312769e-16	3.19553962114746e-19	NaN
0	0	0	0	1.18932115307131e-14	1.64690337360932e-19	NaN
0	0	0	0	4.65788072386624e-15	-1.40068429721537e-19	NaN
0.361636363636364	0.362916005456905	0.362357290870739	0.362357290870738	0.362752422259288	0.361566544081575	NaN
0	0	0	0	5.96896957561913e-16	3.1284850164689e-16	NaN
0.0797042957042957	0.0821244096076362	0.0785515735931079	0.0785515735931079	0.0795108139388635	0.0752513337624712	NaN
0	0	0	0	1.39331448525158e-15	-2.47894205110839e-19	NaN
0	0	0	0	5.62121552850447e-16	1.15887832579128e-18	NaN
0	0	0	0	1.71611106950563e-15	-8.48385163770927e-18	NaN
0	0	0	0	1.56008519887905e-15	-1.4768871062126e-17	NaN
0	0	0	0	1.01513469807877e-15	4.79829965409981e-19	NaN
0	0	0	0	3.60880793717858e-16	3.85215177912431e-18	NaN
0	0	0	0	2.28714649000167e-15	-7.75056288462629e-18	NaN
0	0	0	0	1.67493991011924e-15	-4.79395180387461e-20	NaN
0	0	0	0	8.80137342484919e-16	9.568965164292e-20	NaN
0	0	0	0	6.68945178607583e-16	-1.48323199505686e-17	NaN
0	0	0	0	5.69739476992361e-16	-1.36157548771165e-18	NaN
0	0	0	0	9.43016913515023e-16	-2.14716094575987e-18	NaN
0	0	0	0	7.6346993887499e-16	1.47102413393907e-18	NaN
0	0	0	0	4.09643557089523e-16	-6.72334736227417e-19	NaN
1.99800199800199e-05	0	0	0	3.82460871972707e-15	-2.04869665245985e-18	NaN
0	0	0	0	9.0001041067084e-16	-7.83772956991421e-19	NaN
0	0	0	0	8.7005072873455e-15	3.01562814340215e-18	NaN
0	0	0	0	6.62012064172685e-16	7.10330347874384e-18	NaN
0	0	0	0	1.60456012159038e-15	7.75731113310374e-18	NaN
0.0415544455544455	0.0403570424409294	0.0415109224081456	0.0415109224081454	0.0412087189076072	0.0465918084175278	NaN
0	0	0	0	8.11056839267463e-16	-2.20002264714572e-18	NaN
0	0	0	0	8.87698527329311e-16	1.38953894107497e-17	NaN
0	0	0	0	3.7269742482425e-15	1.59762590996429e-17	NaN
0	0	0	0	8.59256817084943e-16	2.06165819921383e-17	NaN
0.0325934065934066	0.0348538234489819	0.0318859466645081	0.031885946664508	0.0325483856172911	-1.73423485042812e-18	NaN
0.107292707292707	0.106204426134248	0.105262279382993	0.105262279382993	0.105496384599452	0.102878242166092	NaN
0	0	0	0	5.15830244725899e-16	-1.25316766460382e-17	NaN
0	0	0	0	8.47608674325658e-16	5.34950766715616e-17	NaN
0	0	0	0	5.25735328398574e-16	5.94945622739354e-18	NaN
0	0	0	0	1.2043803559379e-15	-2.13906271579548e-17	NaN
0	0	0	0	1.14306435708941e-15	-3.18065266310993e-17	NaN
0	0	0	0	5.34571621519411e-16	1.28333173259885e-17	NaN
0.0874005994005994	0.0866693368955794	0.0865419334847211	0.0865419334847209	0.0859139693064491	0.0809530757129112	NaN
0	0	0	0	7.15601712531876e-16	-6.39513485263168e-18	NaN
0	0	0	0	4.24291788940705e-16	4.66185126571845e-18	NaN
0	0	0	0	2.43379389234292e-15	-8.56365991374079e-19	NaN
0	0	0	0	3.76609923659308e-16	-5.69938167417322e-19	NaN
0	0	0	0	6.25788184852785e-16	2.40530756692186e-18	NaN
0	0	0	0	5.96720951252892e-16	3.4698954825726e-18	NaN
0	0	0	0	2.59679034113436e-15	6.46049741038155e-18	NaN
0.0537282717282717	0.0489429003456558	0.0527977695020771	0.0527977695020773	0.0532257011605612	0.0555219634897928	NaN
0	0	0	0	7.29767966908031e-16	-8.28450912034591e-19	NaN
0	0	0	0	7.88938420477168e-16	5.28723971329757e-18	NaN
0.544923076923077	0.543854293096972	0.545660581365358	0.545660581365358	0.544786496475675	0.54435685983494	NaN
0	0	0	0	8.03924495706329e-16	-1.37153397359721e-17	NaN
0	0	0	0	7.39251738529605e-16	-2.35841642382131e-17	NaN
0.116331668331668	0.117072074219961	0.115191156235005	0.115191156235006	0.11645349236742	0.122856183270764	NaN
0	0	0	0	6.91447993489812e-16	6.47314896751889e-18	NaN
0	0	0	0	3.86298442814454e-16	-6.96488518835563e-19	NaN
0	0	0	0	6.43028176813676e-16	4.79244094860039e-19	NaN
0	0	0	0	5.15892643816903e-16	-9.41918137195404e-18	NaN
0	0	0	0	6.67293229005817e-16	-4.81102171434301e-18	NaN
0	0	0	0	6.30909037788505e-16	6.18282512734279e-18	NaN
0	0	0	0	8.20324397652792e-16	7.19903913551445e-18	NaN
0.0647712287712287	0.0660382604111597	0.0648364170916604	0.0648364170916602	0.0646292113176208	0.0679153829021787	NaN
0	0.000101101271382047	0.0060068345736885	0.0060068345736883	4.80365407400984e-15	-6.79995691602621e-17	NaN
0	0	0	0	5.42218571070782e-16	6.18390613607827e-18	NaN
0	0	0	0	9.4587315193519e-16	-6.59594444339011e-18	NaN
0	0	0	0	7.50886258424071e-16	4.70124435836865e-17	NaN
0	0	0	0	1.28847788760453e-15	2.02772761849381e-18	NaN
0	0	0	0	5.8536057125229e-16	1.51163974924336e-18	NaN
0	0	0	0	3.12964275402646e-16	-1.23816646084119e-18	NaN
0	0	0	0	7.00003550620349e-16	4.48100783774311e-18	NaN
0	0	0	0	2.97702034508241e-15	-4.31212707238496e-18	NaN
0	0	0	0	1.49918756664802e-15	-6.58047664695013e-17	NaN
0	0	0	0	4.78898615329629e-16	-3.80714348049703e-18	NaN
0	0	0	0	6.94141883756607e-16	8.46156255392389e-19	NaN
0	0	0	0	3.95851697345577e-16	-3.89077521501797e-18	NaN
0	0	0	0	7.0846453340583e-16	1.02420233725265e-17	NaN
0	0	0	0	8.88950793053093e-16	-2.400340569039e-18	NaN
0.0137222777222777	0.0127946552442287	0.0135727661332457	0.0135727661332456	0.0131313182270783	4.90334268611564e-18	NaN
0	0	0	0	1.32103151237878e-15	-2.69844878611915e-19	NaN
0	0	0	0	1.74606728202504e-15	-4.28037824101061e-18	NaN
0	0	0	0	9.24505890714679e-16	-3.11603069970677e-19	NaN
0	0	0	0	5.59572917381308e-16	7.99865907382271e-19	NaN
0	0	0	0	4.29139955776233e-16	6.52487403920239e-18	NaN
0	0	0	0	5.53461683043839e-16	-5.57511981228456e-18	NaN
0	0	0	0	9.32580246823943e-16	4.16267693589801e-18	NaN
0	0	0	0	3.87707423934803e-16	-1.61370805568623e-17	NaN
0.0171268731268731	0.0185877663416086	0.0168763756658437	0.0168763756658437	0.0162804647800632	2.77317191465022e-16	NaN
0	0	0	0	6.54359053522685e-16	2.18339130040426e-17	NaN
0.0737762237762238	0.0720686318201414	0.0728274051354534	0.0728274051354533	0.0731790265665187	0.0781931915356431	NaN
0	0	0	0	5.54346000076105e-16	4.80736544927605e-18	NaN
0	0	0	0	1.20336150232579e-15	1.47367098084505e-17	NaN
0	0	0	0	5.40235106822147e-16	-2.62071990237221e-17	NaN
0	0	0	0	7.2263613988409e-16	3.97735980415483e-18	NaN
0	0	0	0	5.45550967562039e-16	-8.45946239983591e-18	NaN
0	0	0	0	5.19136253948049e-15	6.27470658628171e-19	NaN
0.0367992007992008	0.0358188400808886	0.035512358607566	0.0355123586075661	0.036099663839582	-9.59685447548571e-17	NaN
0	0	0	0	4.61433802726675e-16	-2.45959572792652e-17	NaN
0	0	0	0	5.84496931298253e-16	-1.02356508252216e-16	NaN
0	0	0	0	5.29771385614982e-15	3.50080055808086e-17	NaN
3.996003996004e-06	0	0	0	4.24720603247865e-14	1.57849817811014e-17	NaN
0.0295984015984016	0.0268946745541608	0.027983443386102	0.0279834433861021	0.0287577639444339	0.0443220477534667	NaN
0	0	0	0	5.42021169881105e-16	-2.47303812786901e-17	NaN
0	0	0	0	8.26562766368257e-16	9.04545865065436e-17	NaN
0	0	0	0	9.72523310907192e-16	-3.97588363390902e-18	NaN
0	0	0	0	2.91866470112474e-15	-2.958994228344e-17	NaN
0	0	0	0	6.24504167640165e-16	4.20045773622464e-18	NaN
0.141024975024975	0.139606019413404	0.138684543413553	0.138684543413554	0.141032081016141	0.143467616530075	NaN
0	0	0	0	1.13155297882521e-15	3.25032066581714e-19	NaN
0	0	0	0	3.59347435904662e-16	1.16258935305194e-18	NaN
0	0	0	0	1.52712864077689e-15	1.62962642806305e-17	NaN
0	0	0	0	1.28159256968568e-15	-9.37531793432176e-19	NaN
0	0	0	0	4.4209403354186e-16	1.73857105232283e-17	NaN
0	0	0	0	6.22261807382606e-16	6.55677928778507e-18	NaN
0	0	0	0	5.07548429581544e-16	-1.61971277157531e-17	NaN
0	0	0	0	4.30417035777128e-16	-3.64952539071985e-18	NaN
0	0	0	0	3.79367127431576e-15	-2.02755710341597e-17	NaN
0	0	0	0	8.01181481967849e-16	7.55654304282257e-18	NaN
0	0	0	0	5.5941642002466e-16	-5.57850673842927e-18	NaN
0	0	0	0	6.74882917926744e-15	2.76465567568079e-18	NaN
0	0	0	0	8.66615071860088e-16	2.10181338772518e-18	NaN
0	0	0	0	5.02291823707907e-16	3.7020228569204e-18	NaN
0	0	0	0	6.4213921528527e-16	-9.80294454799877e-19	NaN
0	0	0	0	1.24128570502359e-15	1.65587151795142e-17	NaN
0	0	0	0	8.62317155343043e-16	-4.53291206422749e-19	NaN
0	0	0	0	2.45029203502572e-15	1.24009521192972e-18	NaN
0	0	0	0	5.32473894028845e-16	7.76220543032255e-18	NaN
0	0	0	0	1.45240176827061e-14	2.8829414020578e-18	NaN
0	0	0	0	1.11100434229782e-15	6.83966473782261e-19	NaN
0	0	0	0	5.39842799441919e-16	5.14353702458397e-18	NaN
0	0	0	0	5.73707643005727e-15	8.85923827933833e-17	NaN
0	0	0	0	7.59648522874261e-16	-2.95490052282945e-19	NaN
0	0	0	0	1.17253367907182e-15	3.38397253671795e-18	NaN
0	0	0	0	1.44798406224114e-15	-1.45675462353772e-18	NaN
0.00419380619380619	0.00259677322465912	0.00360871921595207	0.00360871921595209	0.00345065768404182	7.92197583176509e-18	NaN
0	0	0	0	1.57819838448078e-15	-6.92269297624251e-17	NaN
0	0	0	0	4.73611674470106e-16	-2.8699247634145e-18	NaN
0	0	0	0	6.53121121064149e-16	2.0741107861575e-17	NaN
0	1.92932162443841e-05	0.00115172479195736	0.00115172479195733	0.000341185851143008	-1.17838371483906e-17	NaN
0	0	0	0	3.70663950083841e-16	2.77220614912871e-17	NaN
0	0	0	0	3.07132222407277e-15	1.65606169179693e-17	NaN
0	0	0	0	1.19148833944625e-15	-3.97313101147645e-17	NaN
0	0	0	0	7.071530388232e-16	-1.33185715886761e-17	NaN
0	0	0	0	4.05798776941517e-15	-8.12774207694414e-18	NaN
0	0	0	0	4.89395001786315e-16	-5.07849503513547e-18	NaN
0	0	0	0	8.20737432769423e-16	3.40167648693851e-18	NaN
0	0	0	0	7.35232929174184e-16	-1.98652537418144e-18	NaN
0	0	0	0	3.35100160792006e-16	7.57701579610755e-17	NaN
0	0	0	0	1.15249270775452e-15	3.1747041247879e-17	NaN
0	0	0	0	7.03470551392681e-16	1.21184679230591e-17	NaN
0	0	0	0	8.01413583546218e-16	1.31305421836798e-18	NaN
0	0	0	0	5.64014904084936e-16	-4.1720700194247e-17	NaN
0.066005994005994	0.0674964176982338	0.0660368626994415	0.0660368626994415	0.0662743810866711	0.0784192635399319	NaN
0.00167432567432568	0.00304232933651148	0.000867351384147584	0.000867351384147604	0.0019300653816194	3.32182333871085e-17	NaN
0	0	0	0	6.28105918356972e-16	8.84493356546593e-18	NaN
0	0	0	0	4.50110449259587e-16	-1.98063535625401e-17	NaN
0	0	0	0	1.92880846968583e-15	-1.86054105438203e-18	NaN
0	0	0	0	4.61935795680873e-16	-6.24521795814414e-17	NaN
0	0	0	0	7.53104115394253e-16	-3.69006349707828e-17	NaN
0	0	0	0	3.72744047953387e-16	-1.45259388258893e-17	NaN
0	0	0	0	1.09266688341914e-15	4.75087641211807e-17	NaN
0	0	0	0	6.36800770673184e-16	-5.02912639472333e-17	NaN
0	0	0	0	1.6694708576142e-15	-7.93482538270816e-17	NaN
0.0945354645354644	0.0955294714089181	0.0953851102255873	0.0953851102255873	0.0951947293045889	0.0951468681323421	NaN
0	0	0	0	3.35568193181401e-16	-8.59274230236533e-17	NaN
0	0	0	0	9.13067472037464e-16	3.18175109117584e-17	NaN
0.0294685314685315	0.0263767091437533	0.0278299263146713	0.0278299263146714	0.0284762158764696	7.03596951584536e-17	NaN
0.0210549450549451	0.0243214363811523	0.021787704825399	0.0217877048253991	0.0214349082742949	-2.97765963316676e-17	NaN
0.170687312687313	0.174958631438713	0.168280092565758	0.168280092565758	0.17091559306957	0.175326760693171	NaN
0	0	0	0	5.19890035430945e-16	1.38152711967549e-18	NaN
0	0	0	0	1.14296227290583e-14	7.74667797523153e-17	NaN
0	0	0	0	6.84988941092294e-15	3.50276237527465e-17	NaN
0	0	0	0	7.48539195553334e-16	5.31544892500887e-17	NaN
0	0	0	0	4.13440951892739e-16	-4.20199314397778e-17	NaN
0	0	0	0	1.17594696605814e-15	5.07619819093949e-18	NaN
0	0	0	0	1.37735490803596e-14	-1.40816727869501e-17	NaN
0	0	0	0	1.20040875831077e-15	2.03294134674366e-16	NaN
0.305288711288711	0.30393993135814	0.306614368698712	0.306614368698712	0.305130888409825	0.308883370598413	NaN
0	0	0	0	2.38200958879876e-15	-6.59438339707895e-18	NaN
0	0	0	0	3.08235520418102e-14	8.14219959467452e-17	NaN
0.220277722277722	0.220668748777418	0.220791012109346	0.220791012109346	0.220369504691262	0.21920167792625	NaN
0	0	0	0	5.34967556064718e-16	-3.71942993931824e-17	NaN
0	0	0	0	5.71036447654613e-16	1.83030137920746e-18	NaN
0	0	0	0	3.92910450534747e-16	1.46047595201916e-16	NaN
0	0	0	0	6.82334309314167e-16	-2.21333397438103e-17	NaN
0	0	0	0	5.8172232522792e-16	5.15363362418058e-18	NaN
0	0	0	0	8.69560520496507e-16	5.90453588653658e-18	NaN
0	0	0	0	2.58426167560861e-15	-3.37014888807366e-19	NaN
0	0	0	0	4.76905608874006e-16	3.59624144382285e-16	NaN
0	0	0	0	5.91746845511522e-16	-6.76474313617196e-17	NaN
0	0	0	0	1.74080911580002e-15	2.01894944717352e-17	NaN
0	0	0	0	1.71943368346523e-15	9.20544820987357e-18	NaN
0	0	0	0	4.92007317863739e-16	-5.03700615218087e-17	NaN
0	0	0	0	4.58515560358647e-16	2.28981442363861e-17	NaN
0	0	0	0	3.62115572263954e-16	-1.3953718153315e-17	NaN
0	0	0	0	2.95768247063539e-16	6.58168314012981e-17	NaN
0.133662337662338	0.129810647087373	0.132672580449212	0.132672580449212	0.132738339734265	0.142277509636988	NaN
0	0	0	0	1.01051789572066e-15	1.34955149414975e-16	NaN
0	0	0	0	2.13766175545106e-14	6.74805218140021e-17	NaN
0	0	0	0	3.46979831143007e-16	5.02055515895477e-17	NaN
0	0	0	0	1.86190995881444e-15	1.23786706873998e-17	NaN
0	0	0	0	1.34478107046585e-15	-4.42182613642421e-17	NaN
0	0	0	0	6.74535032600022e-16	5.72711871187821e-17	NaN
0	0	0	0	3.44867859049826e-16	2.32562565875751e-17	NaN
0	0	0	0	6.64229620912968e-16	-1.75567935202756e-17	NaN
0	0	0	0	5.2152656893007e-16	2.00772271753758e-17	NaN
0	0	0	0	6.01352960824722e-16	6.71357178772343e-18	NaN
0	0	0	0	6.99290531189742e-16	1.49786274224963e-17	NaN
0	0	0	0	1.50390769958065e-15	-3.14342810011394e-17	NaN
0	0	0	0	1.40097921799606e-15	2.89317305884093e-17	NaN
0	0	0	0	1.11034489365642e-15	-1.24076489246296e-17	NaN
0	0	0	0	5.53399300059752e-16	-3.20683532810551e-17	NaN
0	0	0	0	6.11458344896593e-16	1.40989630564868e-16	NaN
0	0	0	0	4.80528757669106e-16	1.91905855110372e-18	NaN
0	0	0	0	1.10977295420767e-15	1.60045641758019e-18	NaN
0	0	0	0	1.07997387295663e-15	1.39580179985658e-17	NaN
0	0	0	0	4.12817733585697e-16	7.68587195485443e-18	NaN
0.0318801198801199	0.0349395315147922	0.0318418065768498	0.0318418065768499	0.0329472681682224	0.0359862874747179	NaN
0	0	0	0	5.2869911207886e-16	-1.49338931142572e-17	NaN
0	0	0	0	5.16969324803168e-15	-1.38156412412168e-17	NaN
0	0	0	0	6.21311133138142e-16	6.06059634937838e-18	NaN
0	0	0	0	3.98998964363639e-16	1.42134608565097e-18	NaN
0.0241358641358641	0.0272904548664407	0.0242652863622916	0.0242652863622915	0.0233863588700246	-4.43533821912984e-18	NaN
0.00850549450549451	0.0123962033137948	0.00883115673780542	0.00883115673780558	0.00882452168628827	-1.1705772805407e-17	NaN
0	0	0	0	9.36669268021105e-16	1.28024177302698e-16	NaN
0	0	0	0	7.38391711813876e-16	-5.09588391958893e-18	NaN
0	0	0	0	1.0409142283368e-15	6.05569923684941e-18	NaN
0	0	0	0	2.57016938357938e-15	4.09169973400109e-17	NaN
0	0	0	0	7.4486716654306e-16	8.24678475938967e-17	NaN
0	0	0	0	6.73660120624496e-16	-3.00446606585867e-17	NaN
0.0115544455544456	0.0118202259189637	0.0127153218371433	0.0127153218371433	0.0121602927030069	-1.28989290105379e-17	NaN
0	0	0	0	4.83465671371346e-15	-5.99332174804791e-18	NaN
0.0467572427572428	0.0441093706410284	0.0476337776842028	0.0476337776842027	0.0473675756330722	0.0533935091355977	NaN
0	0	0	0	8.822039813526e-16	-1.6906190943444e-17	NaN
0	0	0	0	7.65867913853745e-16	-3.68714214427409e-18	NaN
0.0789590409590409	0.0788762267751266	0.0780920064583379	0.078092006458338	0.079123580550878	0.0863011130351084	NaN
0	0	0	0	1.86414051323029e-15	-8.9997761468005e-18	NaN
0	0	0	0	8.27859619821848e-16	-1.00492433924005e-16	NaN
0	0	0	0	9.58283256437318e-16	-2.66221861419161e-18	NaN
0	0	0	0	4.73416639030358e-15	-5.59584089504324e-18	NaN
0	0	0	0	1.9939161881239e-15	3.9235225191491e-17	NaN
0	0	0	0	2.20621067745409e-15	-1.73728810959244e-17	NaN
0.00787212787212786	0.00969481966954393	0.00856071233353432	0.00856071233353412	0.00837244093383781	-7.80352492057114e-17	NaN
0	0	0	0	5.41854035125914e-16	-1.68911641061794e-16	NaN
0	0	0	0	1.02277734785784e-15	-2.22585817587869e-17	NaN
0	0	0	0	3.47834303939488e-15	-1.06494991547778e-17	NaN
0	0	0	0	1.206586761465e-15	-3.61965386663266e-17	NaN
0	0	0	0	4.1704589376215e-16	-9.83705562295724e-17	NaN
0	0	0	0	1.17907140317572e-15	8.61164751009773e-18	NaN
0	0	0	0	4.10507118678897e-15	-1.1946744826761e-16	NaN
0	0	0	0	5.6331815622276e-16	-4.18674195335941e-17	NaN
0	0	0	0	8.67613690082088e-16	-1.12391646641525e-17	NaN
0	0	0	0	1.75972237071754e-15	3.36749836213756e-17	NaN
0	0	0	0	3.99755783633648e-15	1.1217203696229e-17	NaN
0.00357242757242757	0.00520222572366336	0.000808568880012407	0.000808568880012406	0.00269292362181868	3.36834784929328e-18	NaN
0	0	0	0	4.9696354728824e-15	-5.56113426697019e-17	NaN
0	0	0	0	3.10888456894453e-15	-1.47352076085192e-17	NaN
0.0541098901098901	0.0529749722035113	0.0523035523326051	0.0523035523326052	0.0539354782974691	0.0488435885952632	NaN
0	0	0	0	6.48606806454971e-16	3.13675413240036e-17	NaN
0	0	0	0	5.21244540280255e-16	8.04047663172135e-18	NaN
0	0	0	0	5.00911958196865e-16	-1.06112389748375e-16	NaN
0	0	0	0	9.2870667957639e-16	1.36103732994472e-17	NaN
0	0	0	0	1.27611246219439e-15	1.41391444640553e-17	NaN
0	0	0	0	7.04200081184298e-16	2.29747393408231e-17	NaN
0.0772407592407593	0.0794297693330614	0.0770170199690647	0.0770170199690646	0.0770773183866997	0.0889644793648334	NaN
0	0	0	0	5.88891941246771e-16	-1.04038489569927e-17	NaN
0	0	0	0	9.78246306034058e-16	-7.47376382270856e-18	NaN
0.0775844155844155	0.0791273093959513	0.0760189591283054	0.0760189591283054	0.0773756348562158	0.0773461011602643	NaN
0	0	0	0	4.73528796809507e-16	1.17017154804843e-17	NaN
0	0	0	0	1.11708890361716e-15	6.56154745093227e-17	NaN
0	0	0	0	1.77545805873059e-15	-8.22616518135835e-17	NaN
0	0	0	0	8.04998116049568e-16	-8.20178648384023e-18	NaN
0	0	0	0	8.98559039904495e-15	3.74450473842039e-17	NaN
0	0	0	0	1.04211084199064e-15	-1.79498009447771e-17	NaN
0	0	0	0	1.2080927707662e-15	2.42288476984823e-17	NaN
0	0	0	0	1.75702709920059e-15	-1.56900798777961e-17	NaN
0	0	0	0	3.96963073543548e-16	5.16511162715846e-18	NaN
0	0	0	0	1.83333932964971e-15	4.46370076576731e-17	NaN
0.0367532467532467	0.0373601097341903	0.0363583200099782	0.0363583200099782	0.0370720308799136	0.0426513405563909	NaN
0	0	0	0	1.0376757332217e-15	1.46074981413072e-17	NaN
0	0	0	0	1.79351104368468e-15	4.50843337849797e-17	NaN
0	0	0	0	5.31074069190671e-16	-4.60553350095463e-19	NaN
0.0361818181818181	0.0330271406103543	0.0363938569341794	0.0363938569341794	0.0357735362971725	-2.90426238610219e-17	NaN
0	0	0	0	3.46175048940329e-15	-2.60293137450608e-17	NaN
0	0	0	0	4.07423848709176e-16	-1.56924822389641e-17	NaN
0	0	0	0	6.23492022360247e-16	9.00283651067667e-17	NaN
0	0	0	0	1.09792716809308e-15	5.48455647185199e-18	NaN
0	0	0	0	5.13518751747831e-16	2.41346823686394e-17	NaN
0	0	0	0	1.0477478479594e-15	-1.33992365455753e-16	NaN
0	0	0	0	5.22976532546017e-16	2.62308976216069e-17	NaN
0	0	0	0	4.42911515188604e-15	-3.06290288504777e-18	NaN
0.0106613386613387	0.00961646452364757	0.00947517572221262	0.00947517572221271	0.0100581902137104	0.01443269286633	NaN
0	0	0	0	7.46085986627391e-16	-8.03375641182976e-18	NaN
0	0	0	0	5.55307243859166e-16	4.91293720567315e-17	NaN
0.0253906093906094	0.024465204466729	0.0248685081713779	0.024868508171378	0.0244943886911268	-7.05983361245077e-17	NaN
0	0	0	0	6.00501792176466e-16	-1.68874128394823e-17	NaN
0	0	0	0	6.44589849221745e-16	-2.07526966154341e-17	NaN
0	0	0	0	7.90183624764603e-16	-1.9071287826009e-17	NaN
0	0	0	0	8.62881023662998e-16	3.52634952659075e-17	NaN
0	0	0	0	4.6281604261206e-16	-8.70261271175338e-17	NaN
0	0	0	0	1.80746292999159e-15	2.3118117695935e-17	NaN
0	0	0	0	9.11619917804102e-16	-7.99058788387731e-17	NaN
0	0	0	0	1.22534078299616e-15	-1.0456250505512e-17	NaN
0	0	0	0	6.65099087124676e-16	1.44120670079892e-16	NaN
0.0456803196803197	0.0429073894801917	0.0450535825971843	0.0450535825971842	0.0453417899852731	0.0513883829032212	NaN
0	0	0	0	2.86852503839971e-15	1.66612385596868e-17	NaN
0	0	0	0	6.24695480887103e-16	-2.75876090618796e-17	NaN
0	0	0	0	7.0679864931089e-16	2.22026493219334e-17	NaN
0	0	0	0	4.99233062234669e-16	-3.6108373667336e-17	NaN
0	0	0	0	7.62391173080495e-16	4.37404883235142e-17	NaN
0	0	0	0	3.83473544976831e-14	6.58517623779758e-17	NaN
0	0	0	0	2.0799297842241e-15	1.02169809749801e-17	NaN
0	0	0	0	6.96911377267491e-16	3.60042280365175e-17	NaN
0	0	0	0	4.41276771370181e-16	-6.93022603852289e-17	NaN
0.00616383616383616	0.00821772365367328	0.00590113486092139	0.0059011348609214	0.00550103908928635	-1.286089347823e-17	NaN
0	0	0	0	1.20448837001711e-15	1.04004608437659e-17	NaN
0.0312907092907093	0.0327832635168375	0.0319612251397999	0.0319612251398	0.0317994502145979	4.48059424906441e-17	NaN
0	0	0	0	9.75769643459593e-15	-2.60666978957562e-17	NaN
0	0	0	0	1.85148529310117e-15	1.94834931439311e-17	NaN
0	0	0	0	8.05151893755595e-16	4.11267070423957e-17	NaN
0.0703196803196803	0.0700062239523716	0.0700610733001936	0.0700610733001936	0.070794422046016	0.0838577124713823	NaN
0	0	0	0	5.19819758429176e-16	-2.50861622186113e-18	NaN
0.0632687312687312	0.0605119799621058	0.0633344487713572	0.0633344487713572	0.0640459042196455	0.0829894289878303	NaN
0	0	0	0	4.06174458134211e-16	-3.73890871692094e-18	NaN
0.10233966033966	0.100446226643677	0.102986689809706	0.102986689809706	0.103062898971339	0.111971137003445	NaN
0	0	0	0	3.89770043176685e-16	-2.35226928664329e-18	NaN
0	0	0	0	1.12146266410165e-14	-2.14033988921134e-17	NaN
0	0	0	0	4.3767516222577e-16	2.13983879389448e-17	NaN
0	0	0	0	1.53696827008789e-15	2.69812513224579e-17	NaN
0	0	0	0	2.61959290188305e-15	2.99506095409522e-18	NaN
0	0	0	0	1.17980751294104e-15	-7.32833451407393e-17	NaN
0	0	0	0	1.46279752619818e-15	8.68133622537353e-17	NaN
0	0	0	0	4.77779360871765e-16	2.82374724985227e-18	NaN
0	0	0	0	3.92965633754601e-15	-3.37058617286524e-17	NaN
0	0	0	0	1.34285686718747e-15	1.02716962723603e-16	NaN
0	0	0	0	8.53946943825612e-16	-1.36242702134362e-17	NaN
0	0	0	0	1.51665671739002e-15	-7.07071641339712e-19	NaN
0	0	0	0	8.12553767785156e-16	2.94399054837946e-18	NaN
0	0	0	0	3.78441374851062e-16	-2.61119182197361e-17	NaN
0	0	0	0	5.05167444799859e-16	2.92093066732401e-18	NaN
0	0	0	0	8.19923466017495e-16	-2.03757716683168e-17	NaN
0	0	0	0	6.06635490569627e-16	-2.46526022148282e-17	NaN
0	0	0	0	3.4252676037106e-15	-6.38695782078276e-18	NaN
0	0	0	0	9.37887900783882e-16	-6.28297526782171e-18	NaN
0	0	0	0	1.94838848847161e-15	1.5751878938411e-17	NaN
0	0	0	0	1.07243677119933e-14	-6.71889126477601e-18	NaN
0	0	0	0	4.87978839181016e-16	-7.13369860253944e-18	NaN
0	0	0	0	9.40759264267015e-16	2.00431921881158e-17	NaN
0	0	0	0	3.23470940524177e-15	3.86402282567358e-17	NaN
0	0	0	0	1.02758905989499e-14	-5.32820518762307e-17	NaN
0	0	0	0	5.77585842421094e-16	6.84699068982496e-17	NaN
0	0	0	0	1.10482586827813e-15	-2.86751636208184e-17	NaN
0	0.00456811575785204	0	0	1.86589871293053e-07	-2.09607584381826e-17	NaN
0	0	0	0	1.5598397611567e-15	-1.09202679884453e-17	NaN
0	0	0	0	9.67145523655696e-16	1.28225467319116e-17	NaN
0	0	0	0	3.28085095563379e-15	-8.93604870998822e-17	NaN
0	0	0	0	8.17426098808532e-16	9.75569389452232e-17	NaN
0	0	0	0	1.16107110343314e-15	7.09020971492869e-18	NaN
0	0	0	0	3.17211977273684e-15	1.63149038044066e-17	NaN
0	0	0	0	3.86269682267766e-16	1.21097149857064e-17	NaN
0	0	0	0	8.12686553394507e-16	4.41598884565604e-17	NaN
0.0260959040959041	0.0258842941468201	0.0246827605488882	0.0246827605488882	0.0249939488302681	7.70764152601777e-17	NaN
0	0	0	0	1.07438697110714e-15	2.62330259384191e-17	NaN
0	0	0	0	1.04444402234392e-15	-6.59685194931864e-17	NaN
0	0	0	0	5.0635384456822e-15	-9.12425885633749e-18	NaN
0	0	0	0	1.73978564867778e-15	-3.84535831303952e-17	NaN
0.0858681318681319	0.0882803171893756	0.0851434835569294	0.0851434835569294	0.0860358134291319	0.0973122992344951	NaN
0	0	0	0	8.88768739092326e-16	-6.38562532700687e-17	NaN
0	0	0	0	5.57863427952762e-16	-1.17690047282385e-17	NaN
0	0	0	0	1.75945261993226e-15	3.25184850883664e-18	NaN
0	0	0	0	6.36638408990101e-16	-3.88902973047901e-17	NaN
0	0	0	0	5.99119963057773e-16	-2.78502988538665e-18	NaN
0	0	0	0	6.1136982564763e-16	-2.89923340066349e-17	NaN
0	0	0	0	3.97780804348074e-15	5.38280346122139e-17	NaN
0	0	0	0	1.25852656506796e-15	-1.10589521875338e-17	NaN
0	0	0	0	7.24409940392113e-16	3.29489823112054e-17	NaN
0	0	0	0	6.52600786533074e-16	6.69252003836056e-17	NaN
0	0	0	0	4.21746770875253e-16	-1.0285863865054e-17	NaN
0	0	0	0	5.35313806470436e-16	1.39090590413733e-17	NaN
0	0	0	0	6.42804351907722e-16	8.95566992827251e-17	NaN
0	0	0	0	5.02015138822274e-16	4.71545771600084e-17	NaN
0	0	0	0	1.01638184777149e-15	3.39598375646716e-17	NaN
0	0	0	0	3.70752456167402e-16	1.01817684455968e-16	NaN
0	0	0	0	1.03112847504043e-15	9.49997244280935e-18	NaN
0.123578421578422	0.121490149748536	0.124439448148227	0.124439448148227	0.124825279941475	0.124917264568762	NaN
0	0	0	0	1.56037714373395e-15	-6.40344384603441e-17	NaN
0	0	0	0	7.91258904319292e-16	8.30061398162442e-17	NaN
0	0	0	0	5.84541509220509e-16	7.07791337352677e-18	NaN
0	0	0	0	9.48033575268315e-16	-1.51176608960485e-17	NaN
0	0	0	0	7.8693508095313e-16	-1.72435601663101e-17	NaN
0	0	0	0	5.28474115473625e-16	2.52884011335083e-17	NaN
0.299832167832168	0.300292550687211	0.299269525299486	0.299269525299486	0.300516050714525	0.303781760158623	NaN
0	0	0	0	7.95764814506726e-16	-1.55576879036237e-17	NaN
0	0	0	0	5.48310501204975e-16	-4.04928458956885e-17	NaN
0	0	0	0	6.20992368287667e-16	1.33224311874221e-17	NaN
0	0	0	0	8.40753369730112e-16	-1.32532071638523e-17	NaN
0	0	0	0	8.72547866906765e-16	-3.7939213408849e-17	NaN
0	0	0	0	5.49015311171807e-16	-1.09006108901648e-16	NaN
0	0	0	0	1.00081924563833e-15	-6.49991608341603e-18	NaN
0	0	0	0	1.30154078193533e-15	1.32549117878947e-16	NaN
0	0	0	0	1.70722647124113e-15	-6.54315691745786e-18	NaN
0	0	0	0	8.54821472061653e-16	7.12909626750863e-17	NaN
0	0	0	0	9.00366656208049e-16	-1.59142248826901e-17	NaN
0.0607432567432568	0.0639342146787289	0.0585064134052129	0.0585064134052131	0.0606468180207095	0.0688664620492955	NaN
0	0	0	0	3.73990388610427e-16	4.32806974464632e-17	NaN
0	0	0	0	1.76269512532026e-15	2.95062742352498e-17	NaN
0	0	0	0	8.06236870008212e-16	6.38742979473646e-18	NaN
0	0	0	0	8.4352057012754e-16	6.09748212765397e-19	NaN
0	0	0	0	1.13049464711245e-15	2.44530747766374e-18	NaN
0	0	0	0	4.26127626626837e-16	4.69785329046216e-17	NaN
0	0	0	0	1.26167354734136e-15	8.2025026854665e-18	NaN
0	0	0	0	1.87460405047033e-15	-8.97915113023743e-17	NaN
0.04595004995005	0.0482927179192434	0.0470163183244072	0.0470163183244073	0.0471953188367574	0.0582250020947417	NaN
0	0	0	0	5.11427413554488e-16	-8.44369491528546e-18	NaN
0	4.91727973387263e-05	0	0	1.16784240863163e-14	2.06495405705172e-17	NaN
0	0	0	0	4.1369911181662e-16	4.55893432434859e-18	NaN
0	0	0	0	3.94943900500251e-16	-2.50467365841393e-17	NaN
0	0	0	0	1.01296110972448e-15	2.71420728025733e-17	NaN
0	0	0	0	4.62990894470139e-16	-2.23424795348961e-17	NaN
0	0	0	0	3.49920245434462e-15	-2.80646774686371e-17	NaN
0	0	0	0	7.45960685519104e-16	-3.48349447141502e-18	NaN
0	0	0	0	1.04257278227973e-15	-4.29008823744451e-18	NaN
0	0	0	0	9.84912421284154e-16	3.1201405129072e-18	NaN
0	0	0	0	1.19244853875003e-15	-1.63725593933798e-18	NaN
0	0	0	0	1.03996395569646e-15	-3.70947761499907e-17	NaN
0	0	0	0	1.71943016372455e-15	-1.73037414420205e-17	NaN
0	0	0	0	9.62133556371451e-16	-5.26671233440197e-17	NaN
0	0	0	0	9.73202350114244e-16	1.09815197998636e-17	NaN
0	0	0	0	1.06085199983232e-14	2.00653018595642e-17	NaN
0	0	0	0	1.46856095612947e-15	-5.18642812648958e-18	NaN
0	0	0	0	7.75940489747957e-16	1.04901651218137e-17	NaN
0	0	0	0	3.73018212789982e-16	1.84100876255475e-17	NaN
0.170103896103896	0.17171190205752	0.171765710813515	0.171765710813515	0.171393451347111	0.17910306734995	NaN
0	0	0	0	9.84823279289442e-16	1.04667511840239e-16	NaN
0	0	0	0	1.4633733283022e-15	3.15677275336547e-16	NaN
0	0	0	0	8.67042407181363e-16	-7.46298286413061e-17	NaN
0	0	0	0	7.83156558437496e-16	9.17618200444168e-17	NaN
0.0200899100899101	0.0195541162914307	0.0212866639206654	0.0212866639206654	0.0196955719664389	0.0196720526489518	NaN
0	0	0	0	1.09287452861163e-15	4.279255117967e-18	NaN
0	0	0	0	6.63854194024043e-16	6.56549078968629e-18	NaN
0	0	0	0	1.44006450400957e-15	-1.68957877067928e-17	NaN
0	0	0	0	5.94767432769065e-16	-6.7073068135271e-18	NaN
0	0	0	0	9.09666268825776e-16	8.08133020110444e-17	NaN
0	0	0	0	1.30612676311838e-15	3.53018699413579e-17	NaN
0	0	0	0	1.45440660122314e-15	5.45639252994119e-17	NaN
0	0	0	0	1.28674090546631e-15	-3.89056055214229e-18	NaN
0	0	0	0	7.27839220354928e-16	-2.18534865414773e-17	NaN
0	0	0	0	1.77378034734536e-15	1.9677616321795e-16	NaN
0	0	0	0	4.65628087731879e-16	4.35779476608989e-17	NaN
0	0	0	0	7.44515921179092e-16	2.26092282029309e-17	NaN
0	0	0	0	3.88186654245381e-15	-8.74634404787927e-17	NaN
0	0	0	0	2.14157336253856e-15	-1.64797614036718e-18	NaN
0	0	0	0	2.53498213714416e-15	-7.54776020247854e-18	NaN
0	0	0	0	9.33534890834563e-16	2.03826320102878e-17	NaN
0	0	0	0	6.03951962609066e-16	-1.03448995162179e-17	NaN
0	0	0	0	4.07230001022736e-16	1.82806479742723e-17	NaN
0	0	0	0	7.44428132411727e-16	-1.12340476086539e-17	NaN
0	0	0	0	6.84369625764665e-16	1.731456480706e-17	NaN
0	0	0	0	5.82328629725601e-16	9.59902394735799e-18	NaN
0	0	0	0	1.23068935662879e-15	1.70221218612568e-18	NaN
0	0	0	0	3.99990264091125e-16	2.63761525034152e-17	NaN
0	0	0	0	8.64942563623443e-16	3.91371814590621e-18	NaN
0	0	0	0	5.28168047221881e-16	-2.03924367226224e-19	NaN
0.103798201798202	0.106743847157456	0.104618037415709	0.104618037415709	0.103332488685044	0.0951398542208398	NaN
0	0	0	0	1.17631966519562e-15	3.66589681699571e-18	NaN
0	0	0	0	1.33602231917966e-15	4.67971025749179e-17	NaN
0	0	0	0	1.05608039592454e-15	-3.24942607891934e-17	NaN
0	0	0	0	3.47666567878776e-16	2.40593087937532e-17	NaN
0	0	0	0	6.00472483324868e-16	2.55635470674294e-17	NaN
0.0650369630369631	0.065269267135632	0.0646566839104474	0.0646566839104475	0.0654941888921885	0.0748340842200557	NaN
0	0	0	0	4.23531120527051e-15	6.0118530882185e-17	NaN
0	0	0	0	1.62715997233278e-15	9.29896311418418e-17	NaN
0.0724315684315685	0.0734357270207582	0.0698282885882936	0.0698282885882938	0.071648713409327	0.0646283242840131	NaN
0	0	0	0	1.32061984808266e-14	5.79515235495705e-17	NaN
0	0	0	0	5.5808180521786e-16	-2.67755605173857e-16	NaN
0	0	0	0	1.03495764566674e-15	4.25852073506394e-17	NaN
0	0	0	0	2.87057129254833e-16	-3.28944860833565e-17	NaN
0	0	0	0	4.52379155109629e-16	3.98121331956205e-18	NaN
0	0	0	0	3.58306926188391e-15	1.81790551851113e-17	NaN
0	0	0	0	7.88899368800691e-16	-3.60569013495065e-17	NaN
0.102995004995005	0.101959029044691	0.102255890835075	0.102255890835075	0.103664176678005	0.122223981511017	NaN
0	0	0	0	1.15647486576787e-15	5.45350207316239e-17	NaN
0	0	0	0	7.54689672302738e-16	-8.85412468595908e-17	NaN
0	0	0	0	9.87702662833339e-16	8.42416051676109e-17	NaN
0	0	0	0	5.16890051899934e-16	-3.90592911718197e-17	NaN
0	0	0	0	2.10354008564557e-15	2.16746217111977e-17	NaN
0	0	0	0	8.0347596908105e-16	-3.02526490333719e-17	NaN
0	0	0	0	5.31031726768786e-16	3.0988429700481e-17	NaN
0	0	0	0	5.42148972184847e-15	-1.00274296776055e-18	NaN
0	0	0	0	1.00362973394464e-15	-1.51268645318115e-16	NaN
0.0284455544455545	0.0292870306077186	0.0272950139776559	0.0272950139776559	0.0272327847039865	-5.74486727211431e-17	NaN
0	0	0	0	4.91790813825723e-16	-7.30844740820106e-18	NaN
0	0	0	0	1.39401954775029e-15	-8.38151408283759e-17	NaN
0	0	0	0	1.68411323502082e-15	5.17684785750849e-17	NaN
0	0	0	0	5.89000124288354e-16	2.17107326819164e-17	NaN
0.0122917082917083	0.0131823370071509	0.0119010755936622	0.0119010755936622	0.0121171383901965	1.69877386912749e-17	NaN
0.0698181818181817	0.0659976332667955	0.0695041026891628	0.0695041026891629	0.0693350477241105	0.0801676937391486	NaN
0	0	0	0	1.19991081366115e-15	-2.70323669060474e-17	NaN
0	0	0	0	1.93620574654727e-15	7.50065474442915e-17	NaN
0.21004995004995	0.205173292507973	0.209714531850319	0.209714531850319	0.211015842691972	0.222945449570598	NaN
0.0208111888111888	0.0225862554739001	0.0212978245483774	0.0212978245483773	0.0198853305136043	-3.00039769430792e-17	NaN
0	0	0	0	2.1043760217218e-15	-6.26387998134012e-18	NaN
0	0	0	0	7.84110777218828e-16	-7.64176750517876e-18	NaN
0.377898101898102	0.375206651191522	0.378566763562624	0.378566763562625	0.377724652058021	0.369972550240153	NaN
0	0	0	0	5.29176886865298e-16	8.33357241508776e-18	NaN
0	0	0	0	1.40275435441509e-15	-4.89195036718256e-17	NaN
0	0	0	0	4.45636197730178e-16	-2.77435038130466e-17	NaN
0	0	0	0	4.05522171721033e-15	-3.37914851527085e-17	NaN
0	0	0	0	5.49015811926215e-16	-1.81364582839934e-17	NaN
0.125134865134865	0.121562623609835	0.12361894709922	0.12361894709922	0.1261095611175	0.13513199486182	NaN
0	0	0	0	5.99947974264705e-16	4.38199724678796e-17	NaN
0	0	0	0	4.92791217810226e-16	-1.25180284149581e-17	NaN
0	0	0	0	2.75682506760508e-15	7.1630501445931e-17	NaN
0	0	0	0	4.03200475379966e-16	-1.62148040861027e-17	NaN
0	0	0	0	7.62515494845298e-16	-2.4448938942227e-17	NaN
0	0	0	0	5.79253415902518e-16	1.30847177120587e-17	NaN
0	0	0	0	5.61388724600165e-16	4.57443409852734e-17	NaN
0.0302397602397603	0.0280662601652145	0.0278085183221281	0.0278085183221281	0.0294332182995803	0.0344337987307925	NaN
0	0	0	0	2.63890040344363e-15	-2.37184933809211e-17	NaN
0	0	0	0	7.24937639912511e-15	7.24491938647422e-17	NaN
0	0	0	0	1.14688942558948e-15	-5.5261102413245e-18	NaN
0	0	0	0	5.07992046100746e-16	2.09508131332295e-17	NaN
0	0	0	0	1.87081981925293e-15	8.56022880878361e-17	NaN
0	0	0	0	1.30201243234675e-15	7.19927966292315e-17	NaN
0.115266733266733	0.11483975045854	0.115685542145391	0.115685542145391	0.115865675764405	0.12694439076227	NaN
0	0	0	0	3.81689386818327e-16	-1.85052037333726e-17	NaN
0	0	0	0	6.30058522735344e-16	-4.81103898856659e-17	NaN
0.0418881118881119	0.0457524106378681	0.0416318396591599	0.04163183965916	0.041566383846118	0.0516330236826293	NaN
0	0	0	0	3.09733777396196e-15	1.72142542395824e-17	NaN
0.0560659340659341	0.0576902518057729	0.0581336523068837	0.0581336523068835	0.0567214160324932	0.0559403613567031	NaN
0	0	0	0	8.64396497505873e-16	8.35841833519337e-19	NaN
0	0	0	0	1.69481674207795e-15	4.14947409101944e-17	NaN
0	0	0	0	4.07457731646302e-16	-6.20211418632422e-17	NaN
0	0	0	0	1.38993787200915e-15	-1.14350752636783e-17	NaN
0	0	0	0	7.98373808709232e-16	4.18040092321337e-17	NaN
0	0	0	0	6.08354785568044e-16	1.02409373272789e-16	NaN
0.0418361638361638	0.0413197949028851	0.0413334548113332	0.0413334548113332	0.0413365560247844	0.0417849448992279	NaN
0	6.53542910734828e-05	0	0	9.9589900089741e-13	-2.89663189309981e-17	NaN
0	0	0	0	1.36624408096571e-15	-4.06331488595254e-17	NaN
0	0	0	0	6.01201395826134e-16	5.89025785257721e-17	NaN
0	0	0	0	3.04012875376628e-15	-5.06447448798294e-17	NaN
0	0	0	0	5.2548187347024e-16	-8.34387334071865e-18	NaN
0	0	0	0	3.95654987192256e-16	-9.67796326373123e-18	NaN
0	0	0	0	6.67323297765407e-16	-6.77657385942641e-17	NaN
0	0	0	0	6.72568168485938e-16	-7.42683035690835e-18	NaN
0.184687312687313	0.186084720270435	0.184568789251655	0.184568789251655	0.186071746788053	0.201128195588194	NaN
0	0	0	0	6.32884058494721e-16	-2.71601383382327e-17	NaN
0	0	0	0	1.73053646552404e-15	1.43769209448048e-17	NaN
0	0	0	0	4.39289525026111e-15	-2.01457067628181e-17	NaN
0.0106753246753247	0.00733890163256107	0.0115403052433756	0.0115403052433756	0.0113514496606668	-6.57478620350686e-17	NaN
0	0	0	0	2.21299507173763e-15	-1.24325984446951e-17	NaN
0	0	0	0	6.2141264475844e-16	9.57650039092185e-18	NaN
0	0	0	0	1.59589130638452e-15	6.37894591518596e-17	NaN
0	0	0	0	1.76260309549136e-15	1.23025471020987e-16	NaN
0	0	0	0	6.55656535270976e-16	-5.07671457481253e-17	NaN
0	0	0	0	5.14200219713502e-16	9.94353440127708e-18	NaN
0	0	0	0	3.39323727856432e-15	-7.43257692509361e-18	NaN
0	0	0	0	4.23071719190538e-16	-1.35932746022748e-16	NaN
0	0	0	0	5.3000147190757e-16	8.39669530487937e-18	NaN
0	0	0	0	1.74118757714425e-15	5.72098459203515e-18	NaN
0	0	0	0	7.01447049886271e-16	-4.94302618359937e-17	NaN
0	0	0	0	6.51059717937751e-16	-6.90767963637329e-17	NaN
0	0	0	0	6.74023018113745e-16	3.66958875200013e-17	NaN
0	0	0	0	4.71639643966968e-16	-1.01066606196066e-16	NaN
0	0	0	0	1.0434077362262e-15	-4.39172376944641e-18	NaN
3.996003996004e-06	0	0	0	1.2810491101322e-15	1.31898598328765e-17	NaN
0	0	0	0	1.49654552801351e-15	-4.35972735166878e-17	NaN
0	0	0	0	1.07107294097224e-15	6.46219021021918e-17	NaN
0	0	0	0	6.25121935211176e-16	-3.8094726146932e-18	NaN
0	0	0	0	6.48649119184303e-16	-3.93208105441063e-17	NaN
0.104451548451549	0.106212023974984	0.102983019317068	0.102983019317068	0.104449123728453	0.10889743022987	NaN
0	0	0	0	7.27028942630197e-16	2.97795435173247e-17	NaN
0.0179100899100899	0.0221786412175496	0.0177969136867474	0.0177969136867473	0.0184871065172513	9.19071600835253e-18	NaN
0	0	0	0	6.7281820200288e-16	3.26927098713925e-17	NaN
0	0	0	0	5.24437977454062e-16	-9.6480493461496e-17	NaN
0.136887112887113	0.135498885883044	0.134648814737484	0.134648814737484	0.136193678499335	0.137336500157542	NaN
0	0	0	0	1.02220489636784e-15	2.66438842476913e-17	NaN
0	0	0	0	5.8619223232663e-16	4.06991841775631e-17	NaN
0	0	0	0	1.2183691538358e-15	2.53257941545331e-17	NaN
0	0	0	0	1.10725218105862e-14	-1.37445799681786e-17	NaN
0	0	0	0	3.62013998242149e-15	3.36471512566034e-17	NaN
0	0	0	0	3.6720470207345e-16	-1.02813324397942e-18	NaN
0	0	0	0	1.44337788042795e-15	-1.05694854038974e-17	NaN
0	0	0	0	1.00026858849946e-15	2.49289303383947e-17	NaN
0	0	0	0	1.00804635814603e-15	4.89074492056087e-17	NaN
0	0	0	0	1.81015229623512e-15	-3.26055672013468e-17	NaN
0	0	0	0	4.09798015553762e-16	7.15168776163658e-17	NaN
0	0	0	0	5.67001884829015e-16	6.39051134099092e-17	NaN
0	0	0	0	8.62741879052215e-16	-3.63385693903856e-17	NaN
0.0152447552447552	0.0136142875877795	0.0143332893680589	0.0143332893680589	0.015607602515159	0.0297995158063779	NaN
0	0	0	0	9.32002486534783e-16	-2.13375117211688e-17	NaN
0	0	0	0	1.74916545772587e-15	5.7726795353e-19	NaN
0	0	0	0	7.11004029568532e-16	-1.76173733198891e-17	NaN
0	0	0	0	4.5036165411804e-16	1.31430717207025e-17	NaN
0	0	0	0	5.06127272813159e-16	-3.86203461533677e-17	NaN
0	0	0	0	5.04318600011323e-16	3.25060447806949e-17	NaN
0	0	0	0	7.26144723716178e-16	-4.49620342750622e-17	NaN
0.103162837162837	0.103612514792878	0.103326988276096	0.103326988276096	0.104108039872695	0.102345967241013	NaN
0	0	0	0	1.10783905690535e-15	1.88464189923433e-17	NaN
0	0	0	0	2.81242110216567e-15	-2.89623317103297e-17	NaN
0	0	0	0	1.10999772808033e-15	-8.23864249896276e-18	NaN
0.00917282717282718	0.0113307710764067	0.00881793863994499	0.00881793863994502	0.00963262524013006	0.0213646899473161	NaN
0	0	0	0	5.25874371248287e-16	-5.18064099323142e-17	NaN
0	0	0	0	1.06460519995399e-15	7.41521024281481e-18	NaN
0.124687312687313	0.122725376510601	0.125560312381689	0.125560312381689	0.125031339590002	0.126682458765938	NaN
0	0	0	0	3.82566524488651e-16	-2.40862955016872e-16	NaN
0.00212187812187812	0.00632689814521975	0.00177107405311512	0.00177107405311514	0.00215783104574126	5.04929757256913e-18	NaN
0	0	0	0	1.51052015340637e-15	-3.84207324043529e-17	NaN
0	0	0	0	1.02673467723956e-15	-1.36932451034465e-18	NaN
0	0	0	0	5.2624065517962e-16	8.32237059930378e-18	NaN
0	0	0	0	5.11607467189435e-16	-6.61962308054169e-18	NaN
0	0	0	0	3.99445812876056e-16	-5.82009647554097e-18	NaN
0	0	0	0	1.92115554853521e-15	-1.89281958532702e-17	NaN
1.998001998002e-06	0.000103660797239821	0.00615071502160275	0.00615071502160255	2.55476008469639e-15	-4.65495442473784e-17	NaN
0	0	0	0	1.01443023438065e-15	-4.25309163089559e-17	NaN
0	0	0	0	2.45345610955208e-15	-1.15525250392793e-17	NaN
0.0878661338661339	0.085695264019747	0.0884532456482752	0.0884532456482753	0.0889471737063058	0.103050561304402	NaN
0	0	0	0	7.30244324725803e-16	-6.24684492012028e-17	NaN
0	0	0	0	6.19192249961443e-16	4.53242777991377e-18	NaN
0	0	0	0	1.41919259058423e-15	4.91054263485759e-18	NaN
0	0	0	0	1.33448886016065e-15	2.54907361850616e-17	NaN
0	0	0	0	3.79147164241014e-16	4.16340687165612e-17	NaN
0	0	0	0	4.73152697435222e-16	-5.72324506498929e-18	NaN
0	0	0	0	7.0527132191529e-15	2.86576279959605e-17	NaN
0	0	0	0	8.30007387100793e-16	-2.23584935640615e-17	NaN
0	0	0	0	6.54074057898248e-16	-4.08108884276208e-17	NaN
0.0732607392607393	0.0739679106037598	0.0722854179165384	0.0722854179165384	0.0731783307154021	0.0765199808560194	NaN
0	0	0	0	7.4069389045368e-16	4.19837793730984e-17	NaN
0	0	0	0	9.37304276550653e-16	7.58586160225037e-17	NaN
0	0	0	0	3.93332448869047e-16	1.43243945804062e-16	NaN
0	0	0	0	1.37301923670099e-15	2.13579368922878e-17	NaN
0	0	0	0	7.60497149444358e-16	-4.44329955183794e-18	NaN
0	0	0	0	8.06886760022909e-16	-2.93712451482001e-17	NaN
0	0	0	0	9.60233050909452e-16	4.58640111567574e-17	NaN
0	0	0	0	7.60561619437281e-16	3.76906973716236e-17	NaN
0.00373826173826173	0.00319343374762468	0.00250287154016621	0.0025028715401662	0.00371378152037113	5.29605854807958e-17	NaN
0	0	0	0	5.35660953753049e-16	3.52904750161438e-17	NaN
0	0	0	0	1.00494212009383e-15	-4.6818813215535e-17	NaN
0	0	0	0	8.21492138483799e-16	-2.04581889193401e-17	NaN
0	0	0	0	1.53551230184621e-15	6.75607355649198e-17	NaN
0.0101458541458541	0.0131662137911737	0.00880813973916491	0.00880813973916492	0.00915577619838929	-1.41048987149447e-17	NaN
0.0714105894105894	0.0670179654246081	0.0715363953692178	0.0715363953692178	0.0714213315083039	0.0766373026247006	NaN
0	0	0	0	1.464482717763e-15	-9.04173236278396e-18	NaN
0	0	0	0	1.88858166219998e-15	-4.94850266735926e-17	NaN
0	0	0	0	8.28206721816935e-16	-3.78690996053379e-18	NaN
0	0	0	0	1.36477425795405e-15	-4.00752682827653e-17	NaN
0	0	0	0	7.56124033290398e-16	7.339436581382e-17	NaN
0	0	0	0	5.96964924201551e-16	7.5514382126278e-18	NaN
0	0	0	0	5.00380500125509e-16	-6.68282799642908e-18	NaN
0	0	0	0	1.00082300889849e-15	-5.65203036368637e-18	NaN
0	0	0	0	1.3794449718852e-15	-1.27927875960038e-16	NaN
0	0	0	0	2.49779407206266e-15	4.21946604304688e-17	NaN
0	0	0	0	1.52151865082818e-15	9.74512939508759e-18	NaN
0	0	0	0	1.45132518491842e-15	1.02418780005372e-16	NaN
0	0	0	0	1.66073079508327e-15	-6.32554840088262e-18	NaN
0	0	0	0	5.37230171855139e-16	2.45292078431427e-17	NaN
0	0	0	0	9.63695738161902e-15	2.35102613073406e-17	NaN
0	0	0	0	5.51975965882812e-16	-2.03262452238961e-17	NaN
0	0	0	0	6.75753882346191e-16	-4.18835569332802e-17	NaN
0	0	0	0	8.94371991452473e-16	-1.22674505583521e-16	NaN
0	0	0	0	1.06471272560356e-15	4.21943438965377e-17	NaN
0	0	0	0	1.66672562803343e-15	-7.02842662741513e-17	NaN
0	0	0	0	7.69622640638419e-16	-3.17142909009521e-17	NaN
0	0	0	0	6.36750646645189e-16	-4.32381138517725e-17	NaN
0.00482117882117882	0.0030095428416879	0.0016251063945829	0.00162510639458295	0.00331720850924668	0.0114448636976227	NaN
0	0	0	0	5.29100694204565e-16	9.85206308092252e-17	NaN
0	0	0	0	1.97652271868729e-15	2.33912333592856e-17	NaN
0	0	0	0	1.14036528133236e-15	5.98624722660406e-18	NaN
0	0	0	0	8.09972338460868e-15	-5.50270669809143e-18	NaN
0	0	0	0	5.88204665754704e-16	-4.3160271015657e-17	NaN
0	0	0	0	7.00900804023828e-16	-1.89237748060217e-17	NaN
0	0	0	0	5.58705734200184e-16	1.51114340793334e-18	NaN
0	0	0	0	2.54382783731369e-15	4.9970217771966e-18	NaN
0	0	0	0	1.86114277208006e-15	2.21789978443649e-17	NaN
0	0	0	0	7.18327304287308e-15	2.17982299021574e-17	NaN
0	0	0	0	1.74037016731122e-15	-1.01831907628214e-17	NaN
0	0	0	0	5.72825920322587e-16	-1.17627514673346e-17	NaN
0	0	0	0	4.68948712130802e-16	1.97034645240726e-17	NaN
0	0	0	0	6.2480158098958e-16	-3.00241826914025e-17	NaN
0	0	0	0	1.25414388644825e-15	3.94423116593414e-17	NaN
0	0	0	0	5.2455264656515e-16	1.43524476189738e-17	NaN
0	0	0	0	5.83723006428965e-16	2.79005985463739e-17	NaN
0	0	0	0	6.57722717296633e-15	-5.04049143801988e-17	NaN
0.260465534465535	0.261877343351573	0.259075945566638	0.259075945566637	0.259522925682691	0.268460905678272	NaN
0	0	0	0	6.67160199821648e-16	-1.138388381264e-17	NaN
0	0	0	0	7.73415279880691e-16	4.20477489343466e-17	NaN
0.0410229770229771	0.0419688075886887	0.0402874874124682	0.0402874874124682	0.0402559329039731	0.0483964341614367	NaN
0	0	0	0	1.34792163834103e-15	-4.0358813439139e-17	NaN
0	0	0	0	2.25221738948102e-15	-1.14539474244666e-16	NaN
0	0	0	0	5.20248385170513e-16	6.82120806783627e-17	NaN
0	0	0	0	6.33640998807907e-16	-1.59827013615428e-18	NaN
0	0	0	0	7.98937800483024e-16	1.52227289211503e-16	NaN
0	0	0	0	3.95875247085719e-16	-3.38586603850461e-17	NaN
0	0	0	0	1.13943237241223e-15	7.72168513144371e-17	NaN
0	0	0	0	1.16668819141851e-15	-1.35540524570172e-17	NaN
0.00588211788211788	0.00503725614931707	0.00455419067801142	0.00455419067801149	0.00512274814600707	0.0135318984159117	NaN
0.285272727272727	0.288068357849731	0.284449138037304	0.284449138037304	0.285220408778281	0.293241139335567	NaN
0	0	0	0	4.63550704407389e-16	-3.07255747136822e-17	NaN
0.190903096903097	0.188735932216748	0.192014398303458	0.192014398303459	0.191469201154069	0.19356563589245	NaN
0	0	0	0	1.07536417073746e-15	-1.14712619717344e-16	NaN
0.351752247752247	0.352811850292459	0.351899786028279	0.351899786028279	0.351884044945247	0.354710891645435	NaN
0	0	0	0	5.13618164651728e-16	1.13343955032097e-17	NaN
0	0	0	0	5.18767644958903e-16	3.44445116576666e-18	NaN
0	0	0	0	1.53817583051028e-15	-3.25651162728299e-17	NaN
0	0	0	0	8.86904372292817e-16	1.16853873038442e-17	NaN
0	0	0	0	8.57321345124588e-16	3.38730830249433e-17	NaN
0	0	0	0	7.37992766269316e-16	4.50882613753854e-17	NaN
0.0476343656343657	0.0485444996991147	0.0477689727458921	0.0477689727458921	0.0488667693373567	0.0569562222225732	NaN
0	0	0	0	5.59462514481647e-16	3.39411956030043e-18	NaN
0	0	0	0	3.493282179159e-16	-2.60346272520873e-17	NaN
0	0	0	0	6.3076289268631e-16	3.61810613251333e-17	NaN
0	0	0	0	1.25600012738518e-15	6.85621061735786e-18	NaN
0	0	0	0	6.48513197342502e-15	-8.00972834465459e-17	NaN
0	0	0	0	2.02156638919935e-15	-7.08826519251915e-17	NaN
0	0	0	0	6.60865476570213e-16	-1.26603893631586e-17	NaN
1.998001998002e-06	0.000103660797239821	0.00615071502160275	0.00615071502160255	2.48005560243819e-14	2.27416641766436e-17	NaN
0	0	0	0	9.75222015255711e-16	-1.85773402827602e-17	NaN
0.320677322677323	0.320314974795876	0.322046922479383	0.322046922479383	0.322250065764039	0.323209188262222	NaN
0	0	0	0	1.65524582044816e-15	1.61873187253732e-17	NaN
0	0	0	0	1.48782917832581e-15	6.29159223683862e-18	NaN
0	0	0	0	1.41061300488602e-15	3.37790657307265e-18	NaN
0	0	0	0	5.70030780423417e-16	-4.16385582751609e-17	NaN
0	0	0	0	7.72213346183305e-16	-1.32770516007969e-17	NaN
0	0	0	0	6.34495945891143e-16	1.07073985361909e-17	NaN
0	0	0	0	1.07120799801716e-15	2.62139763005243e-17	NaN
0	0	0	0	1.6450822330868e-15	-1.31049357672468e-17	NaN
0	0	0	0	8.13181645707817e-16	-5.71330417481304e-17	NaN
0.455076923076923	0.456145706903028	0.454339418634642	0.454339418634642	0.455213503524325	0.455643140165061	NaN
0	0	0	0	2.9283711318771e-15	9.49237072745965e-17	NaN
0	0	0	0	5.33960082483472e-16	-1.9516429433976e-17	NaN
0	0	0	0	8.56887604338643e-16	3.14532516538433e-18	NaN
0	0	0	0	3.43953992470029e-16	8.92633402923222e-18	NaN
0	0	0	0	1.01045272563818e-15	1.86996729728171e-17	NaN
0	0	0	0	9.47839084549082e-16	-6.87821126218201e-18	NaN
0	0	0	0	1.06027998234576e-15	-5.05786270844424e-17	NaN
0	0	0	0	5.64886041766334e-16	-2.70123399263426e-17	NaN
0	0	0	0	1.53322383569555e-15	3.70655434993699e-17	NaN
0	0	0	0	8.81660774203171e-16	3.18295307850731e-17	NaN
0	0	0	0	7.06474121235751e-16	3.46593637428586e-18	NaN
0	0	0	0	1.37487222378754e-15	3.31801421148989e-17	NaN
0.0774885114885114	0.0762283036551007	0.0769527760093615	0.0769527760093616	0.0784568979392762	0.0797790358682385	NaN
0	0	0	0	4.59570527383462e-16	-4.54362745277996e-17	NaN
0	0	0	0	5.2210488288381e-16	-1.12447190789664e-16	NaN
0.218981018981019	0.219770554450566	0.218100947663112	0.218100947663112	0.218398195965007	0.237984853762756	NaN
0	0	0	0	1.60823806984761e-15	5.73744213467056e-17	NaN
0	0	0	0	9.73872019410253e-16	-1.7538271503287e-17	NaN
0	0	0	0	2.75963762372561e-15	-9.80898695381352e-17	NaN
0	0	0	0	1.14874934449975e-15	-3.08190450213744e-17	NaN
0	0	0	0	5.91889956758629e-16	-1.20817954532842e-18	NaN
0	0	0	0	4.55377414702778e-16	2.05732644610356e-17	NaN
0	0	0	0	5.22180508849804e-16	-3.02783353733851e-17	NaN
0	0	0	0	7.08174302720434e-16	3.59170350068326e-17	NaN
0	0	0	0	2.89965349820703e-15	1.26585871248339e-16	NaN
0	0	0	0	8.06516500485733e-16	-6.21830481018065e-17	NaN
0	0	0	0	1.10467717971515e-15	-3.04172085427238e-18	NaN
0	0	0	0	7.23595270363422e-16	4.4495736253532e-17	NaN
0	0	0	0	1.42072401741552e-15	5.32169811333226e-17	NaN
0	0	0	0	4.16480776515918e-16	1.50864651147597e-17	NaN
0	0	0	0	4.89459300873187e-16	-1.20087775319562e-17	NaN
0	0	0	0	4.4095210966023e-15	-1.43715022727408e-17	NaN
0	0	0	0	1.20800563252021e-15	3.00326280530928e-17	NaN
0	0	0	0	1.23118599723493e-15	3.96319710357306e-17	NaN
0	0	0	0	2.1932739827039e-15	-4.45491036355687e-17	NaN
0	0	0	0	1.40141547618407e-15	5.2414163543344e-18	NaN
5.994005994006e-06	0	0	0	1.3464954138998e-15	-2.57053906769453e-17	NaN
9.99000999000997e-06	0	0	0	2.04945090750089e-14	0.00318316227638909	NaN
0	0	0	0	1.40218327714385e-15	-3.36511923922662e-17	NaN
0	0	0	0	2.86226825385643e-15	-8.39887924168813e-18	NaN
0	0	0	0	9.76303790693108e-16	2.47048442740161e-17	NaN
0	0	0	0	1.2434584928075e-15	-2.00568595917633e-17	NaN
0.00727272727272727	0.0107193202530077	0.00759498741485633	0.00759498741485626	0.00761691458567514	0.00749291013821858	NaN
0	0	0	0	3.68222899082697e-15	9.05001361142213e-18	NaN
0.0480999000999001	0.0458598817954409	0.0472330299603501	0.0472330299603503	0.0479088780822602	0.0592155914187392	NaN
0.0190729270729271	0.0185654541566276	0.0199275901062296	0.0199275901062294	0.0192104480941772	-2.57619313462338e-17	NaN
0.0167092907092907	0.0180500119467443	0.0165175201526033	0.0165175201526033	0.016535432890499	1.54655765500876e-16	NaN
0	0	0	0	6.12410755149206e-16	-2.12691484148361e-17	NaN
0	0	0	0	2.18035061668213e-15	-1.36054958828238e-17	NaN
0	0	0	0	1.44348241615002e-15	-2.14458588468223e-17	NaN
0	0	0	0	8.70122634270573e-16	6.36485209081357e-17	NaN
0	0	0	0	1.04340965643275e-15	1.18588435271058e-17	NaN
0	0	0	0	7.47591211865721e-16	4.39254977699827e-18	NaN
0	0	0	0	5.69683618019985e-16	-3.61733583345604e-17	NaN
0	0	0	0	1.56322956003389e-15	3.18705833428647e-17	NaN
0	0	0	0	9.36728139005626e-16	-7.48510973430069e-18	NaN
0	0	0	0	1.34586978892681e-15	-1.00203026778236e-17	NaN
0.0200939060939061	0.0194152349284058	0.0206417056815524	0.0206417056815524	0.0191827236466024	1.3257800745003e-17	NaN
0	0	0	0	8.0528277458473e-16	-3.18765235907434e-17	NaN
0	0	0	0	6.50448142087963e-16	-4.9484123390324e-17	NaN
0.156211788211788	0.153739913506751	0.157305512305935	0.157305512305935	0.157375861302535	0.162324303370306	NaN
0	0	0	0	2.2201647650724e-15	-3.11641312393154e-17	NaN
0	0	0	0	1.67935545552569e-15	5.10794872147763e-17	NaN
0	0	0	0	2.84509035526398e-15	2.2837187622265e-17	NaN
0	0	0	0	5.66460911021907e-16	-5.48982025839974e-17	NaN
0	0	0	0	3.52123009363272e-16	-3.42761045990475e-17	NaN
0.0295024975024975	0.0282272650833487	0.0284910473444744	0.0284910473444744	0.0292212689614756	0.0399694194807287	NaN
0	0	0	0	5.21206962558243e-16	-8.75764780638127e-17	NaN
0.0419100899100899	0.044651772542553	0.0424996458521362	0.0424996458521363	0.0422913239913952	0.0435596635679377	NaN
0.0766453546453546	0.0739743830131469	0.0764638736720474	0.0764638736720476	0.076194933591281	0.0897778408074256	NaN
0	0	0	0	6.57143273892338e-16	-1.90412984210491e-17	NaN
0	0	0	0	6.74646266112246e-16	3.46749402626855e-17	NaN
0.0878941058941058	0.0833804172920502	0.0879403568687614	0.0879403568687613	0.0886275938430085	0.097037499711275	NaN
0	0	0	0	7.30642886249609e-16	-1.91944172610744e-17	NaN
0	0	0	0	5.71611137761102e-16	1.822459681966e-16	NaN
0	0	0	0	3.6230900110841e-15	-3.42775959188029e-17	NaN
0	0	0	0	4.16743476827808e-16	1.00584185167919e-16	NaN
0	0	0	0	1.47448759616935e-15	9.10485989973365e-17	NaN
0	0	0	0	1.07067206016004e-15	1.47950155236072e-19	NaN
0	0	0	0	3.98743156654711e-16	8.40909622904903e-17	NaN
0	0	0	0	1.56889238615189e-14	1.90976039075603e-17	NaN
0	0	0	0	4.81512682647938e-16	2.55772875892792e-17	NaN
0.0469030969030969	0.0473260781214794	0.0461766610495858	0.0461766610495859	0.0474228601144594	0.0575158122575025	NaN
0	0	0	0	3.76793417263955e-16	1.95627205291227e-16	NaN
0	0	0	0	8.70680773426743e-16	2.12183435945659e-17	NaN
0.141522477522478	0.134431336097025	0.141158317365514	0.141158317365514	0.141071351974592	0.149853041785026	NaN
0	0	0	0	8.86348935883732e-16	-9.28446873559338e-17	NaN
0	0	0	0	6.89749099976501e-16	-1.14922425514268e-17	NaN
0	0	0	0	3.01681246837931e-15	-6.77888815505626e-18	NaN
0	0	0	0	6.9825242780155e-16	-1.01280857372846e-16	NaN
0.187262737262737	0.1840251082996	0.187164035314578	0.187164035314578	0.187786771631468	0.186184803294391	NaN
0	0	0	0	3.93232538134382e-16	-1.12817086686944e-16	NaN
0	0	0	0	1.10592142468942e-15	4.87282652768264e-17	NaN
0	0	0	0	5.09272591133813e-16	-1.57352924179399e-16	NaN
0	0	0	0	4.99498098825966e-16	7.99111208849284e-18	NaN
0	0	0.00216587687770989	0.00216587687770982	2.29336779236889e-10	-6.99904666998239e-17	NaN
0	0	0	0	8.15520736564769e-16	1.37270279653784e-17	NaN
0	0	0	0	8.90737586651818e-16	-4.81373737814503e-18	NaN
0	0	0	0	8.93127239934702e-16	1.02933076179302e-17	NaN
0	0	0	0	1.86636601359727e-15	4.56933109757208e-17	NaN
0	0	0	0	5.13140172148419e-16	-2.42045222695877e-17	NaN
0	0	0	0	4.06465325604325e-15	-4.21509121246406e-17	NaN
0.0186153846153846	0.0150770676678947	0.0181331840967139	0.0181331840967139	0.018322370036004	0.0371249195028426	NaN
0	0	0	0	6.48937434343013e-16	2.47992066600124e-18	NaN
0.0706093906093906	0.0725355277098901	0.0714221398195831	0.0714221398195831	0.0713745114879606	0.0803397020627306	NaN
0	0	0	0	5.56078232637039e-16	3.86813298660757e-17	NaN
0.0255044955044955	0.027571096531461	0.0265497931588488	0.0265497931588488	0.026239794324743	1.31269227649578e-17	NaN
0	0	0	0	5.60320956765312e-15	8.10485302538413e-17	NaN
0	0	0	0	6.04000713707969e-16	3.79165299543646e-17	NaN
0	0	0	0	3.57126642260481e-16	3.34940665522108e-19	NaN
0	0	0	0	4.46263754207022e-16	4.29773620568907e-17	NaN
0	0	0	0	7.41320477454639e-16	-5.48112615142292e-17	NaN
0	0	0	0	5.39631819476851e-16	-6.95197414787751e-17	NaN
0	0	0	0	9.4606041330872e-16	-2.47624491491651e-17	NaN
0	0	0	0	2.25163456561983e-15	8.07497037666222e-17	NaN
0	0	0	0	8.27360394118761e-16	-1.6383753538892e-17	NaN
0	0	0	0	1.36256496756327e-15	3.16039226770859e-17	NaN
0.0414045954045954	0.0478907096857691	0.0406036688665029	0.040603668866503	0.0421211887580618	0.0472355876741836	NaN
0	0	0	0	5.28262937504093e-15	-1.15430523812832e-17	NaN
0.030941058941059	0.0272814645655347	0.0316672126946713	0.0316672126946714	0.0310583368286504	0.0429393163847138	NaN
0	0	0	0	8.32386550991252e-16	2.67391100430793e-18	NaN
0	0	0	0	9.04233892981998e-16	-4.18561839685974e-17	NaN
0	0	0	0	1.39100459409758e-15	-4.03373294975869e-17	NaN
0	0	0	0	6.99583236434154e-16	-1.95516905097813e-17	NaN
0	0	0	0	5.96980370520306e-16	3.84952116365931e-17	NaN
0	0	0	0	1.54213387638456e-15	-7.67656561399922e-17	NaN
0	0	0	0	9.06353208299191e-16	3.32504012785005e-17	NaN
0	0	0	0	1.10726339238269e-15	-1.00961584715153e-17	NaN
0	0	0	0	1.02663739666004e-15	1.42583932563837e-17	NaN
0	0	0	0	4.31331806820506e-16	9.2850718127056e-18	NaN
0	0	0	0	3.41499064349714e-16	1.68711924169157e-17	NaN
0	0	0	0	4.68736120272655e-16	-1.41231416219708e-17	NaN
0.02203996003996	0.021868966359722	0.0211825051902096	0.0211825051902096	0.0214414133354808	0.0264955367693949	NaN
5.994005994006e-06	0	0	0	1.67977992892435e-14	2.48851969690977e-17	NaN
0	0	0	0	5.02499766238598e-16	-4.17693586925362e-17	NaN
0	0	0	0	9.11734398733967e-16	-4.72105224353161e-17	NaN
0	0	0	0	4.37710867355297e-16	-7.00190593212017e-17	NaN
0.130803196803197	0.133533224743405	0.130392070182048	0.130392070182048	0.130981518508439	0.140374870720784	NaN
0	0	0	0	5.23399423848193e-16	3.22421683385865e-17	NaN
0	0	0	0	1.40707263889002e-15	-5.18000685296383e-18	NaN
0	0	0	0	8.44344718579356e-16	8.72681260038283e-17	NaN
0	0	0	0	6.96526411762594e-16	-2.24980661293517e-17	NaN
0	0	0	0	7.15896852634518e-16	-9.70388899292455e-17	NaN
0.0302057942057942	0.0323357656804968	0.0292229705038941	0.029222970503894	0.0294160844085809	0.0289109928391236	NaN
0	0	0	0	8.93585201802434e-16	-1.22546867275398e-17	NaN
0	0	0	0	4.86383189373683e-15	-1.2342625995196e-17	NaN
0	0	0	0	7.89231544206452e-16	-4.86045191138515e-17	NaN
0	0	0	0	5.78749647041786e-16	2.23838371670797e-17	NaN
0	0	0	0	1.00239634759214e-15	6.53366791714774e-18	NaN
0.0449150849150849	0.048373773981775	0.043087359322904	0.0430873593229039	0.044590991343643	0.053170648078715	NaN
0	0	0	0	1.19900340548217e-15	3.91330728237532e-17	NaN
0	0	0	0	2.38552065973522e-15	9.69796665472722e-18	NaN
0.132085914085914	0.131915971355625	0.130880229827014	0.130880229827014	0.132167701933446	0.13212808194732	NaN
0	0	0	0	4.56574871261384e-16	3.87333309444268e-18	NaN
0	0	0	0	2.43111246704397e-15	-6.77857746822962e-17	NaN
0	0	0	0	6.70007171747336e-16	3.40176901816847e-18	NaN
0	0	0	0	7.6485173255141e-16	-3.54377301337692e-18	NaN
0.00513286713286714	0.00505832809746157	0.00438416333254232	0.00438416333254228	0.00427459357728226	0.00302525850417989	NaN
0.00899900099900099	0.00852849836691232	0.00960660760346417	0.00960660760346419	0.00886267298364803	0.0188106351491345	NaN
0	0	0	0	7.18328885006206e-16	-2.5806499502454e-17	NaN
0	0	0	0	4.72443645984535e-16	4.1246811278299e-17	NaN
0	0	0	0	3.15672974228115e-15	9.44114312327473e-17	NaN
0	0	0	0	5.07008551378152e-16	1.05598918414399e-17	NaN
0	0	0	0	7.66438236141159e-16	-3.1314359184879e-17	NaN
0	0	0	0	9.78164932059431e-16	-7.14815668957382e-17	NaN
0	0	0	0	5.50148457922723e-16	-1.04600451551922e-16	NaN
0	0	0	0	1.26431246222219e-15	1.83874396880967e-17	NaN
0	0	0	0	5.5525608899841e-16	-4.99725000412691e-17	NaN
0	0	0	0	9.60784238095583e-16	-1.76931956304987e-17	NaN
0	0	0	0	8.81693595365368e-16	2.05615298773003e-17	NaN
0.0182497502497502	0.0166091128740324	0.0159959884526528	0.0159959884526529	0.0170644160687881	0.0165905897883838	NaN
0.0557362637362637	0.0547361587827763	0.0552626145277794	0.0552626145277796	0.0561474927364982	0.0584420891646217	NaN
0	0	0	0	3.90073542980754e-16	5.45180054805957e-17	NaN
0	0	0	0	1.45603370026114e-15	5.73870271522081e-17	NaN
0	0	0	0	6.83814983782605e-16	-6.82857623070728e-18	NaN
0	0	0	0	5.7619905534353e-16	-3.25165582733735e-17	NaN
0	0	0	0	1.71661245659132e-15	-5.20050169613782e-17	NaN
0	0	0	0	8.04821155061788e-16	-1.53366276640743e-17	NaN
0	0	0	0	7.2521012308086e-16	1.41919274089185e-18	NaN
0	0	0	0	1.0485677127058e-15	1.2335133545683e-16	NaN
0	0	0	0	1.02635956779037e-15	5.50428986824006e-17	NaN
0	0	0	0	4.37051205440837e-15	-5.10301505020373e-18	NaN
0.130335664335664	0.131994967667677	0.130230785904125	0.130230785904125	0.131125614657787	0.13576497169285	NaN
0.409438561438561	0.407991710792129	0.408936493263985	0.408936493263984	0.409648702811894	0.397875490066021	NaN
0	0	0	0	7.22130825667357e-16	-6.26453898703141e-17	NaN
0.0541738261738262	0.0503054555769853	0.0528221818775005	0.0528221818775007	0.0542520113690144	0.0509452780268649	NaN
0.0165054945054945	0.0152196685521506	0.0144316061639777	0.0144316061639777	0.0150077982220785	-2.18588172494172e-17	NaN
0.0538881118881119	0.0529505703611697	0.0552684129778551	0.055268412977855	0.0546568545060977	0.0546842582175394	NaN
0	0	0	0	7.04682006192621e-16	-7.70325791854719e-17	NaN
0	0	0	0	2.94062657199055e-15	-7.00933342835066e-17	NaN
0	0	0	0	8.74790549136878e-16	7.62153281915596e-17	NaN
0	0	0	0	1.26657381768664e-15	1.60918842196495e-16	NaN
0	0	0	0	1.28228105940214e-15	-4.09707981025353e-17	NaN
0	0	0	0	5.92857856382303e-16	-5.7044675225416e-17	NaN
0	0	0	0	1.73940265689639e-15	3.98035437343149e-17	NaN
0	0	0	0	7.18388384425108e-16	-1.42779914567735e-16	NaN
0	0	0	0	5.01050006057634e-16	-1.48408144658184e-17	NaN
0	0	0	0	1.17459027188214e-15	1.80240044469793e-17	NaN
0.0286473526473526	0.0313104254751741	0.0263584733493645	0.0263584733493646	0.0279714619838924	0.0367797032352089	NaN
0	0	0	0	2.10536364075001e-15	7.39972001476525e-17	NaN
0	0	0	0	4.44523933442848e-14	0.00851497795736324	NaN
0	0	0	0	8.22768130643962e-16	1.18651360220124e-17	NaN
0	0	0	0	1.14968454723528e-15	-7.36164403979601e-17	NaN
0	0	0	0	7.23642565866942e-16	5.84842784343813e-18	NaN
0	0	0	0	7.57736915530309e-16	7.82563995945991e-17	NaN
0	0	0	0	1.01215383445788e-14	-2.97086479236011e-17	NaN
0	0	0	0	7.36657514965752e-16	5.15876866624005e-17	NaN
0	0	0	0	8.08811227762814e-16	-8.12603150190887e-18	NaN
0	0	0	0	1.16440780528559e-15	-3.47115575594647e-17	NaN
0	0	0	0	8.22978936991171e-16	2.96216414986057e-17	NaN
0	0	0	0	6.01024515574755e-16	3.47347173082712e-17	NaN
0.0290889110889111	0.0280090430386634	0.0298969250904231	0.0298969250904231	0.0301796337138646	0.0437939408718127	NaN
0	0	0	0	8.62033267614488e-16	-1.68242891120897e-16	NaN
0	0	0	0	1.01053963804641e-15	9.99237908719378e-18	NaN
0	0	0	0	1.02234982029721e-15	4.69407003915853e-17	NaN
0	0	0	0	6.59741968405209e-16	3.73604322428069e-17	NaN
0	0	0	0	1.17579382877527e-15	-3.2678099994345e-17	NaN
0	0	0	0	9.66916896068916e-16	4.71822781031425e-17	NaN
7.99200799200799e-06	0	0	0	1.02794937251478e-14	4.98716949072223e-17	NaN
0	0	0	0	5.06586576799787e-16	3.86929501172615e-17	NaN
0	0	0	0	8.97742863680757e-16	2.63738623374122e-17	NaN
0	0	0	0	1.01071313019761e-15	1.99503263385016e-16	NaN
0	0	0	0	4.31573385729805e-16	-1.03596785861934e-17	NaN
0	0	0	0	1.08896642229692e-15	3.52398288928906e-17	NaN
0	0	0	0	3.54858816169897e-15	-9.38094690841195e-17	NaN
0	0	0	0	6.79526465279889e-15	-4.45423113875357e-17	NaN
0	0	0	0	6.6968264626279e-16	1.22249292662358e-17	NaN
0	0	0	0	4.92872569538817e-16	-9.03882820738197e-17	NaN
0	0	0	0	1.9518999528739e-15	-4.14483388504403e-19	NaN
0	0	0	0	1.45416259662888e-15	-3.3900598580283e-17	NaN
0	0	0	0	1.71326020642612e-14	5.01537585600184e-18	NaN
0	0	0	0	2.98370993225105e-15	3.02460447166181e-17	NaN
0	0	0	0	7.76215446466986e-16	5.04542927501713e-18	NaN
0	0	0	0	4.97650267558087e-16	-4.50237704705096e-17	NaN
0	0	0	0	1.36930631437506e-15	-8.11923455464549e-17	NaN
0	0	0	0	7.42475538435375e-16	-2.19730234412161e-17	NaN
0.0481138861138861	0.0501948565371482	0.048417479981708	0.048417479981708	0.0489461837448641	0.0437030306813487	NaN
0	0	0	0	5.36065738074244e-16	1.0190798218158e-16	NaN
0	0	0	0	6.89844297095864e-16	-3.59380531114058e-17	NaN
0	0	0	0	1.4544016194539e-14	-6.12401576553474e-17	NaN
0	0	0	0	3.89705422781975e-16	-2.07924364031048e-17	NaN
0	0	0	0	4.6899250281368e-16	-1.26055697342348e-17	NaN
0	0	0	0	5.42523690628897e-16	6.04913871179979e-17	NaN
0.105928071928072	0.104607020540311	0.103459116336795	0.103459116336795	0.10543885529113	0.100877334712753	NaN
0	0	0	0	9.6615460680216e-16	-5.05774640607523e-19	NaN
0.0651248751248751	0.0647757155904079	0.0647724635497591	0.064772463549759	0.0658722125820793	0.0773919880891534	NaN
0	0	0	0	5.47159107631706e-16	-2.05847061637239e-17	NaN
0.0996723276723277	0.0998841789149745	0.100828609882694	0.100828609882694	0.100346364331389	0.11219232286011	NaN
0	0	0	0	6.97271609244932e-16	1.9022680315209e-17	NaN
