FW_Default	FW_LBM	FW_QBM	FW_NM	Direct	interior-point-convex	active-set
0	8.77717531312891e-05	0.00559208332163185	0.00559208332163186	9.82692289848299e-16	-1.06619092071252e-18	0.207979759230993
0.151756243756244	0.1517240136333	0.151222191345968	0.151222191345968	0.151429130338935	0.151611385085341	-0.370240582549989
0	8.77717531312891e-05	0.00559208332163185	0.00559208332163186	3.15072087057631e-16	2.55843380141008e-18	0.598783085423199
0	0	0	0	4.62025512404909e-16	6.55057266254333e-16	0.324092179288711
0	8.77717531312891e-05	0.00559208332163185	0.00559208332163186	5.50332679335463e-16	-2.95049324728444e-17	0.431791982987355
0	0	0	0	3.16970467073681e-16	9.01471568077313e-19	-0.150646889700221
0	0	0	0	6.33779160698525e-16	-1.31792482976275e-16	-0.489687344962807
0	0	0	0	4.30100881649899e-16	2.13977664664435e-17	-0.057609826246657
0	0	0	0	4.29858706105507e-16	-6.44436872765624e-20	0.114273020494753
0.00577022977022977	0.00984249362452902	0.00610565667174505	0.00610565667174497	0.00633439143472208	0.00630561745796046	1.00120657689437
0	0	0	0	3.99016565842655e-16	-3.0545308411318e-19	-0.579121347290077
0	0	0	0	2.12077435344533e-15	3.35948430977936e-17	3.3912758236861
0	0	0	0	4.15724984709687e-16	4.28257976323053e-20	-1.02154443346867
0	0	0	0	8.93006884940861e-16	3.89904181606031e-19	1.54084635209371
0	0	0	0	3.31873105179183e-14	-1.22961103450585e-17	0.920438624525858
0	0	0	0	3.50677139079368e-15	-5.93349381795051e-18	0.503962223407723
0	0	0	0	4.1922543170635e-16	-1.02739352292089e-18	-1.09459198973868
0	0	0	0	3.86545808233047e-16	8.39743584893312e-17	-0.352902361243738
0	0	0	0	3.91469668746898e-16	6.61752963805556e-18	-0.823495234279398
0	0	0	0	3.52936338417083e-16	7.19553186905262e-19	-0.370694876950281
0	0	0	0	7.60188864049038e-16	7.45045228904789e-19	-0.479992092854077
0	0	0	0	1.21123084305271e-15	1.5898403188697e-17	1.16184043442388
0.00918081918081917	0.00648665594870028	0.00865710294227135	0.00865710294227138	0.00903565011477441	0.00910360507921342	0.0689667581394171
0	0	0	0	1.01727536203597e-14	6.11541942500079e-18	0.935531472956781
0	0	0	0	7.02401967533908e-16	-2.98045615796164e-18	-0.446356782561233
0	0	0	0	2.79145952157561e-16	9.24994893619998e-19	-0.852922902108622
0	0	0	0	7.69825920617464e-16	-1.69215710371349e-18	3.08613346859744
0	0	0	0	4.6193963035626e-15	4.35018376264014e-18	0.289916449901808
0	0	0	0	3.50412475131933e-15	1.08476073609893e-18	0.709095076005104
0	0	0	0	2.30074889552912e-16	-2.41482090203355e-18	-0.607279668975998
0	0	0	0	1.36277297683504e-15	1.71497058396197e-17	1.51399116449304
0.0225854145854146	0.0232008385591198	0.0232293513567831	0.0232293513567831	0.022921828311677	0.0229645622061217	-2.09005910367161
0	0	0	0	7.56400863259563e-16	-6.43839832654984e-19	0.668682022653312
0.0137522477522478	0.0167495220525101	0.0133820483500663	0.0133820483500663	0.0130576975219146	0.013010221083035	0.904716320730849
0.0388351648351648	0.038472520293438	0.0391359899661452	0.0391359899661452	0.0394588563766754	0.0395531760357387	1.2789367649126
0	0	0	0	4.27089666582277e-16	3.0857327522638e-18	0.19140309709236
0	0	0	0	2.71369571718706e-15	-6.03061907165037e-18	-2.5636424773347
0	0	0	0	2.96024308279993e-15	5.90080154256373e-18	1.90694131743207
0	0	0	0	4.39622916095335e-16	3.09808878791729e-18	-0.138578713568092
0	0	0	0	4.53700801995001e-15	2.52393521375578e-18	1.07285500091171
0	0	0	0	3.21338460171367e-16	-1.26459629993793e-18	0.19845918249797
0	0	0	0	3.12919853473894e-16	2.24810657492238e-18	1.10345467834461
0	0	0	0	6.26319020027682e-16	3.49065405745853e-19	-0.128895731950189
0	0	0	0	3.90581617706871e-16	-1.21527707433005e-18	-0.370967480800908
0	0	0	0	5.51103368464186e-16	-3.09768091208971e-18	0.923242601324162
0	0	0	0	2.03822947828936e-16	1.13019510503658e-17	-2.57178705538915
0.0244035964035964	0.0218791841548108	0.0230654683082469	0.0230654683082468	0.0234074924934457	0.0237345354541243	0.00996366452671586
0	0	0	0	0.00057513792591594	-5.18422241539855e-17	2.82761157932958
0	0	0	0	4.1281640721179e-16	-3.70770847535428e-18	-0.893747535414424
0	0	0	0	2.68450677053865e-16	-3.74983910028639e-18	-2.75484947212116
0.0197282717282717	0.0187909618555523	0.0204634749716579	0.0204634749716579	0.0204248677931153	0.0204093880088898	-1.18885546734567
0	0	0	0	1.41514416473065e-15	9.28429555313836e-19	0.666620362835006
0.146571428571428	0.148892759884269	0.147277053573089	0.147277053573089	0.14720050285391	0.14690243721441	-0.195808760829631
0	0	0	0	1.05428624305917e-15	7.08846445626428e-18	0.29484518964423
0.00456743256743257	0.00427744579707874	0.00362250405862028	0.00362250405862025	0.00378225881928566	-2.87787493128605e-18	-1.19382583980571
0	0	0	0	4.59016791605974e-16	-6.96233168269456e-18	-2.13262153423107
0	0	0	0	2.52851252800942e-16	-3.71239989868377e-18	-0.762168198884451
0.0607292707292707	0.0592928813475148	0.0604942861893085	0.0604942861893085	0.0611555726498871	0.0613860216075938	1.11363298084711
0	0	0	0	2.91851528862839e-16	-1.52863314361246e-17	-0.285375777353308
0	0	0	0	6.29359123076005e-16	-1.14637568351114e-18	0.724326745031491
0	0	0	0	1.53097471526404e-15	-1.33723999300439e-17	0.547930689198303
0.0340799200799201	0.0328438794916075	0.0329807198020664	0.0329807198020664	0.0336616843473017	0.0339297822417388	-1.6096921596088
0	0	0	0	2.20216298365769e-15	-2.21876244900942e-17	0.633802609598326
0	0	0	0	2.99030472858447e-16	2.63376145368875e-18	-0.245704874302977
0	0	0	0	5.98159846434539e-16	-2.90741899757449e-18	0.488300908259238
0	0	0	0	3.83084771162935e-16	7.5897060049387e-19	0.124053218405623
0	0	0	0	5.02320512476404e-16	2.15793739558215e-18	-1.46460716547401
0.0302797202797203	0.0315125861630011	0.0293701440484391	0.0293701440484391	0.0298627259115532	0.0302697303877874	2.30498713679267
0	0	0	0	6.43579566414682e-16	-2.02808172680851e-17	1.24262855026007
0	0	0	0	7.45455963615507e-16	8.09310935253605e-17	0.580302960685898
0	0	0	0	4.04774636853412e-16	5.95382243325468e-18	-1.50466283167047
0	0	0	0	9.8843274829747e-16	-6.53486795665569e-17	-0.133701647958684
0	0	0	0	3.58075044008304e-16	-3.48003485286617e-18	0.672452449137685
0	0	0	0	2.66118898483168e-15	-1.47175929614747e-17	-0.874147660515888
0	0	0	0	3.38906847922889e-16	8.14296145137938e-19	-1.08000540650169
0	0	0	0	1.26753272755036e-15	-2.71486208266786e-17	-0.301437354391931
0	0	0	0	4.05538048742973e-16	-1.70572828956583e-18	-0.212006650112599
0.0234325674325674	0.0224195569885508	0.0232387687836596	0.0232387687836596	0.0233109772727078	0.0231886719196163	-0.00904423618713295
0	0	0	0	3.13010802440713e-16	1.41272311061538e-16	-0.799273663244001
0	0	0	0	8.27519766408184e-16	1.00065700597788e-17	-0.136590403944789
0.00406393606393606	0.0045545212551672	0.00446532825387061	0.00446532825387062	0.00408850261561918	0.00394711455082939	2.08304928976894
0	0	0	0	3.36429125974891e-16	-8.84234862632605e-17	-0.855639538837415
0	0	0	0	3.59864315743495e-15	2.93616259764716e-17	0.467261316793157
0	0	0	0	4.5071484671185e-16	-1.30710840379798e-18	0.321872176621782
0	0	0	0	9.24496607138938e-16	1.18864900226673e-16	0.735037344074504
0	0	0	0	4.56361202615106e-16	-2.98858772146992e-18	1.02366498067093
0.0695264735264734	0.0668532762264362	0.0706755823279878	0.0706755823279877	0.0699135300524404	0.0697763564590643	-0.916803143981705
0	0	0	0	5.89161425022774e-16	3.75274617681529e-17	0.166165742629366
0	0	0	0	2.72324399376939e-16	4.79350082238176e-18	0.384047728277814
0	0	0	0	8.37838186166727e-16	4.22826877974565e-18	-1.40457907533238
0	0	0	0	1.53855325878338e-15	9.01364410357768e-17	-0.282397610016378
0	0	0	0	9.8372541203813e-16	-4.65181387881642e-18	-0.206762152466189
0	0	0	0	3.8817464858254e-16	5.87410098312957e-17	0.964137500620768
0	0	0	0	1.70020030990984e-15	4.78975991097853e-17	1.43600390598877
0	0	0	0	1.20929055956495e-14	-1.04683943258663e-17	-1.40651390012056
0	0	0	0	4.29839599057469e-15	1.34741128367024e-17	1.65964590953794
0	0	0	0	1.00629660101739e-15	1.7983022447154e-17	-0.80749660113288
0	0	0	0	2.80716949060751e-16	4.41786099150025e-18	-0.10336603092563
0	0	0	0	6.08608069290842e-16	7.8490028894947e-17	0.579905992680079
0	0	0	0	7.85607247571686e-16	1.57687469103008e-16	-2.68374970790433
0	0	0	0	9.5469089591277e-16	-1.40491353386854e-16	0.709368627937252
0	0	0	0	9.32825154369208e-16	8.8710078241548e-17	0.116446532402809
0	0	0	0	2.69087286866047e-16	9.70590813623458e-19	-0.363088176219683
0	0	0	0	3.56169117273086e-16	1.83239007083589e-17	-2.08056046775918
0	0	0	0	6.53382375292188e-16	6.10018918754788e-17	-0.738640748918717
0	0	0	0	1.25398394771945e-15	-3.84913549932623e-18	1.10410106772209
0.0205434565434566	0.0239757827281205	0.0204332391182461	0.0204332391182459	0.0215736505134899	0.0216295927366906	1.03210103254962
0	0	0	0	1.34577241409374e-15	9.17836727893303e-17	2.78968890615733
0.0533066933066933	0.055713186229611	0.0531090961720298	0.0531090961720299	0.0531115645457144	0.0534347947479704	1.01859193658498
0	0	0	0	5.75122786799119e-16	-4.62399555720609e-17	-0.473236164748018
0	0	0	0	3.3462794458956e-16	-3.19709461466384e-17	-3.64476413475558
0	0	0	0	5.60696933858899e-16	6.20225940300847e-18	-0.937490529065163
0	0	0	0	3.1902721216995e-16	8.41086355785734e-19	-0.956970696332478
0	0	0	0	9.28579848877544e-16	-3.24737758991309e-17	0.869690135105618
0	0	0	0	6.5542386725966e-15	3.24483767693934e-18	0.210622372458699
0	0	0	0	4.09695152773275e-16	1.69984448134333e-17	0.340660332760257
0	0	0	0	4.02307252571296e-16	-7.1505388095951e-17	-0.879860658881541
0	0	0	0	3.0549925377544e-16	-2.34081382872189e-17	-1.83608811269524
0	0	0	0	2.1438032187384e-15	3.97499643690797e-17	1.34951884471926
0	0	0	0	8.30589109448869e-16	-4.85811353118898e-18	-0.946240652483882
0	0	0	0	5.84900085266229e-16	-1.10596821603022e-17	-1.02973090629279
0	0	0	0	2.71515288678736e-16	-3.20745605440904e-17	-0.318046053354762
0	0	0	0	5.73598092193479e-14	1.10539688813217e-20	2.20018607352753
0.0309610389610389	0.0319790846024567	0.0299162975770621	0.0299162975770622	0.0312852523520427	0.0313686656117585	1.87433937155912
0	0	0	0	1.13477848502634e-15	2.18454115837284e-17	1.04107200261034
0	0	0	0	6.59905739801633e-16	-6.33686427530762e-18	-0.472979762785188
0	0	0	0	2.45733429736551e-16	-1.15335129350184e-18	-0.923821264379715
0	0	0	0	3.07561366427649e-16	-1.36065945504468e-17	-1.51541585577941
0	0	0	0	4.27586837863172e-16	-1.17984021510171e-17	0.905272130529888
0	0	0	0	5.61423905225113e-16	2.14895476711654e-17	-0.631123036290433
0.086983016983017	0.087970658571315	0.0872158949517482	0.0872158949517482	0.087516889202158	0.0879586626652672	0.64200156670453
0	0	0	0	5.98118978635626e-16	-8.88575981613588e-18	-3.07727636630638
0	0	0	0	1.15392094602049e-15	-2.15084656488636e-17	0.718218131289302
0	0	0	0	1.65931856160319e-15	4.93994937710193e-18	-0.234817921618772
0	0	0	0	1.69594697767445e-15	-1.44937293422922e-17	-1.19597527051602
0	0	0	0	3.97010383507741e-16	8.94674002243219e-18	0.00879312351503369
0	0	0	0	2.536878155779e-15	2.12140134804679e-17	0.466127107248044
0	0	0	0	2.74532360303855e-14	1.80022890405093e-17	-0.348279750463037
0	0	0	0	3.10299494205767e-16	7.11541684455918e-17	0.291880716542162
0	1.99076008141048e-05	0.00111250921918927	0.00111250921918926	0.000582343435558347	3.52399063820967e-17	0.122847254417783
0	0	0	0	2.80208311094431e-16	1.48182789683772e-17	-0.34138018431468
0	0	0	0	4.22554159296617e-16	1.58411868760905e-17	-0.776012492966435
0	0	0	0	3.49188670497305e-16	3.87233608371662e-17	1.27709982101187
0	0	0	0	3.80036449928186e-16	-7.94660570879719e-18	-0.993809296386542
0	0	0	0	3.4415881474562e-13	-9.13168666247199e-17	1.15014356835376
0	0	0	0	1.18980517198259e-15	5.55757533815141e-18	0.0102335446867861
0	0	0	0	9.1463042795111e-16	-1.88694573725668e-17	-0.547191884754197
0.0279640359640359	0.0304136981173835	0.0278193063965519	0.0278193063965518	0.0286963434780527	0.0287718084807975	0.77120529750799
0	0	0	0	2.99556143062106e-16	-5.34908983440024e-19	-0.43105000051876
0	0	0	0	2.18770450613423e-15	4.70826113637212e-18	0.647444554414054
0	0	0	0	7.03813163758479e-16	7.00973008134004e-17	0.487483587758469
0	0	0	0	1.1280722260058e-15	-4.4595507594538e-17	0.603970122870414
0	0	0	0	8.14833383917627e-16	-1.819859089795e-17	1.00267391084663
0	0	0	0	4.56596270911125e-16	1.67759587372156e-18	-0.338964867424698
0.00824175824175824	0.012054503420641	0.00876173366733598	0.00876173366733598	0.00853120508790604	0.0088200952641519	-0.559566364364192
0.0254325674325674	0.0257927769714675	0.0268289724128792	0.0268289724128792	0.0259654065428321	0.0257755551233621	0.425202026550223
0	0	0	0	4.18753434216048e-16	6.0130780665511e-18	0.345033016607007
0	0	0	0	1.80662773234941e-15	-1.41919156677096e-18	0.816393225194388
0	0	0	0	3.68848469458823e-16	4.37815202071771e-18	-1.80821566671556
0	0	0	0	7.38408665616168e-16	-4.38664868025947e-17	-0.449725218567284
0	0	0	0	3.5943004281699e-16	-6.90336481212183e-17	-0.644346094892879
0	0	0	0	7.96717312083436e-16	-1.50538608005077e-17	0.152398298385921
0	0	0	0	9.32790416648126e-16	-4.5312560955368e-18	-1.33328559229574
0	0	0	0	1.06377037055062e-15	4.06106229726214e-18	-0.591249167474442
0	0	0	0	2.17356206801341e-16	-2.19760934867932e-17	-2.52010089285775
0	0	0	0	6.38774112717819e-16	-4.14298885497848e-17	0.628648717569962
0	0	0	0	8.15397813899369e-16	-1.94986664012696e-17	0.386968202543114
0	0	0	0	2.44011650235589e-15	-1.46116110259947e-17	-1.60489125392185
0	0	0	0	7.25930387929229e-16	-5.98615584665179e-18	-0.145120495310016
0	0	0	0	5.97388535428192e-16	2.6345847514804e-17	-1.37432519843619
0.0845714285714286	0.0814057203209063	0.0840179359052029	0.0840179359052028	0.0840580068047518	0.0841338719805742	1.81074394882812
0	0	0	0	9.32037662111892e-06	-7.05993012401118e-19	1.32175073335015
0	0	0	0	1.59649575704776e-14	-3.32536856477454e-17	0.784068658372497
0	0	0	0	1.22609161517437e-15	-1.48457306688417e-17	-0.871413822098002
0	0	0	0	1.92942135415231e-15	1.20239306190347e-17	-0.0406829157727462
0	0	0	0	3.24270034014151e-16	2.33039856976469e-17	0.511198187859215
0	0	0	0	4.50006354287682e-16	4.1720582661938e-17	1.54850837622032
0	0	0	0	2.45628326002103e-16	-1.42791713322942e-17	-0.543498019144518
0	0	0	0	3.78531226008525e-16	-8.0316718752637e-17	-0.626803968742227
0.189184815184815	0.188332080791393	0.188421456677258	0.188421456677258	0.188503780534261	0.188601965702205	1.30245046322341
0	0	0	0	3.90653185931452e-16	4.35573772822734e-18	-0.691274836571941
0	0	0	0	3.84241449324787e-16	-1.30430507620328e-17	-1.56586582230952
0	0	0	0	9.20510832657481e-16	3.49411688316391e-18	-0.648259490210734
0.00101298701298701	0.00101449777776241	0	0	0.00137453983175197	9.07257070987157e-17	-0.0810434176874287
0	0	0	0	1.82687685550992e-14	1.65512463380229e-17	-1.5057014049698
0	0	0	0	3.0099795865815e-16	9.50132125013423e-18	0.39036795800844
0	0	0	0	6.39993814451213e-16	6.00495696379916e-18	0.0866109623954619
0	0	0	0	4.07518574588842e-16	2.59675899161317e-17	-0.841297276797238
0	0	0	0	4.30941070606197e-16	7.08192406367156e-18	0.675772710526373
0	0	0	0	4.87567579773315e-16	1.04082346038354e-17	-1.01617752478849
0	0	0	0	3.51178674539434e-16	-1.51814855573175e-17	-0.264547340630525
0	0	0	0	9.18135007491769e-16	-2.57252232841593e-17	0.436405642973613
0	0	0	0	6.40338152547814e-16	-2.55242642263178e-18	-0.568831498774786
0	0	0	0	5.21691794980818e-16	1.41755874192319e-16	0.281262343264922
0.0503016983016983	0.0495706848336361	0.0497104481527143	0.0497104481527143	0.049832692000229	0.0499073992588174	0.207835337018428
0	0	0	0	3.4132340587009e-16	1.04439569903374e-17	0.721916416960688
0	0	0	0	1.10507755620674e-15	9.15178145330967e-18	-1.31459988229147
0.00485114885114885	0.010253543967549	0.00542438508221746	0.00542438508221753	0.0056280232632792	0.00550226297820378	1.30125372163771
0	0	0	0	6.48810658237048e-16	1.04938118937114e-16	1.15374552637849
0	0	0	0	2.53608272431307e-15	-5.65961739795079e-18	1.64863616447195
0	0	0	0	4.12925295871953e-16	-1.63231481338313e-17	1.02660997260822
0	0	0	0	1.72708473755563e-15	1.60863573650033e-17	-0.469233083067186
0	0	0	0	3.49526196251148e-16	-2.77998860048401e-18	-0.043548962109996
0	0	0	0	4.28785053602408e-16	2.98783579816537e-17	-0.530743640940939
0	0	0	0	1.27975836901391e-15	3.75209888641824e-17	1.45312676363361
0	0	0	0	7.82509963897573e-15	-1.27565402213268e-17	0.219737448608144
0	0	0	0	5.84229575447986e-16	9.16529194568144e-18	-0.98931354154541
0	0	0	0	2.30322760621213e-15	-4.76732992179117e-18	-0.206950858706293
0.00767632367632368	0.0122485637548438	0.0077415381132194	0.00774153811321945	0.00850069500044094	0.00917492535969749	-0.330584649674196
1	1	1	1	1	1	-0.454821939075298
0	0	0	0	1.49941710430138e-15	-6.34341557530796e-19	-0.0406083139552488
0	0	0	0	4.31798717443376e-16	1.00529673802598e-17	-0.0686370938583988
0	0	0	0	4.12625672293459e-16	-2.95978473323249e-18	-1.72028268236221
0	0	0	0	1.85049843615054e-15	1.77578370743855e-18	-1.38145554901994
0	0	0	0	1.68639629314133e-15	-3.08024248278196e-18	0.787062963983231
0	0	0	0	1.36519196173745e-15	-7.86391560762099e-18	1.28169983111063
0	0	0	0	3.12200799079286e-16	-1.1939737334504e-17	-1.50632733487968
0	0	0	0	6.44305351796422e-16	8.6436776210345e-18	-1.51320581208186
0	0	0	0	4.3759417806214e-16	-1.19184065181694e-18	-1.39011514367209
0	0	0	0	1.61759381528665e-14	-2.15732535749125e-18	-0.5319957762759
0	0	0	0	1.13948850884554e-15	2.20524818062645e-19	-0.33718337326847
0	0	0	0	7.52257506431913e-16	5.04459542236328e-18	1.58723922185382
0.00206393606393606	0.0045373399416862	0.00198782415256673	0.00198782415256672	0.00224184669157119	7.23386653185205e-17	1.05536868787825
0	0	0	0	3.946537187186e-16	-3.84610008488483e-19	0.960643488253555
0	0	0	0	9.87172711698415e-16	7.5605681696119e-18	0.66244168126089
0	0	0	0	3.42353045475902e-16	-3.27611039235692e-18	-1.15168386706799
0	0	0	0	5.56049853041098e-16	-8.62076828740516e-18	2.1411447892596
3.996003996004e-06	8.76107040429751e-05	0.00556734126324649	0.00556734126324647	1.05324343979059e-15	1.19901230311526e-18	-0.349687406091057
0	0	0	0	3.71066453070224e-16	7.58590932647352e-18	0.583654982257324
0	0	0	0	4.61896213725764e-16	2.16369925558769e-18	-0.296913678543073
0	0	0	0	9.84976633043265e-16	-4.57002560423271e-19	-0.383950652326913
0.0364375624375625	0.0344787254426288	0.0362297750027343	0.0362297750027343	0.0361400254709978	0.0360685941640398	0.0754046549968549
0	0	0	0	8.99673371858146e-16	7.28006638732247e-18	1.53317953563667
0	0	0	0	2.57558982496399e-16	-1.42717088540514e-18	1.62530406742179
0	0	0	0	2.72375323917843e-16	1.22550465059782e-17	0.665416469588635
0	0	0	0	4.31146555158787e-16	8.6556807447858e-19	-1.1298203573071
0	0	0	0	4.19052877741266e-15	-2.72075438727182e-18	1.5135747274334
0	0	0	0	4.33660511505387e-16	-1.56890718765206e-19	0.487930695582522
0	0	0	0	1.91246701681577e-15	7.48644648240542e-18	0.102063749840219
0	0	0	0	7.47102384752584e-16	-1.28373867327404e-18	0.808430307476637
0	0	0	0	4.86663819816375e-16	6.61683318678143e-18	-1.40993285615028
0.0657802197802198	0.0635583108267651	0.0656432319322083	0.0656432319322083	0.0658457303407644	0.0662488009957589	1.9030868084312
0.0885414585414585	0.0862010010494974	0.0888024850954295	0.0888024850954294	0.0888646949997448	0.0893492362710863	-1.53213177164943
0	0	0	0	2.30202118353652e-16	7.32405809064404e-18	-0.494472851519225
0	0	0	0	3.38954270625103e-16	1.63824976173461e-18	-2.62018563833702
0	0	0	0	4.70855803180142e-16	-1.20213505607425e-18	-1.14882365231669
0	0	0	0	2.55070605432044e-15	-5.89858206284536e-17	1.03320934845694
0	0	0	0	5.98303677037479e-16	-1.36422976171232e-18	0.70278045085978
0	0	0	0	5.84434583255801e-16	-1.81524037687234e-18	1.89630318756238
0	0	0	0	3.44993332064324e-16	2.13108548489032e-17	-2.05837486954299
0.00329070929070929	0.00414172390054611	0.00401064897056518	0.00401064897056526	0.00334515029357285	7.70882416631649e-18	0.748577733599968
0	0	0	0	5.31508771828123e-15	9.43379751783067e-19	0.791387517771021
0	0	0	0	3.74092351909231e-16	8.13035401851965e-19	-0.131308308976997
0.0266033966033966	0.0262447991242864	0.0269463592878241	0.026946359287824	0.0272534858025258	0.0272589724637767	-0.152658966988927
0	0	0	0	3.70896326621158e-16	-1.35911808203096e-18	-2.09379834866545
0	0	0	0	3.31648238532029e-16	-3.9670543020994e-19	0.416635474184846
0	0	0	0	4.50808939687195e-16	1.03513077813324e-19	0.128629837836676
0.0186233766233766	0.0158708570404617	0.0164688059353932	0.0164688059353933	0.0173915313121919	0.0173201446359665	-0.92519812343455
0	0	0	0	1.17591781138748e-15	-1.66103588520392e-17	1.52236988660078
0.00572227772227772	0.00414875915458278	0.00513801288570264	0.00513801288570265	0.00553374991268101	0.0053495048646442	0.0938180896660654
0	0	0	0	3.26433903921807e-16	1.12279637719027e-18	-1.02013363671709
0	0	0	0	7.49505968523607e-16	1.60227802100959e-18	-0.647152220225086
0	0	0	0	2.10381657167588e-15	7.45931779303718e-18	0.489803906493222
0.00928671328671329	0.00739747461076732	0.00950293863371041	0.00950293863371051	0.00869710402778764	0.00884855238932633	0.00685716506902932
0	0	0	0	2.28836169195655e-16	4.57273595444407e-18	-0.456553960405466
0	0	0	0	2.66065660261285e-16	4.56752024224847e-18	-0.564571559250251
0	0	0	0	6.28607355630698e-16	1.29413225381858e-17	0.204464811924997
0.0621698301698302	0.0589409449986103	0.0609479339945435	0.0609479339945436	0.0618677102951791	0.0622470749193262	-0.674097206256793
0	0	0	0	6.71418348907509e-16	-1.610278162462e-17	-0.632790198327989
0	0	0	0	4.07716698773821e-16	-6.52242505443726e-18	0.513468603552391
0	0	0	0	1.20696381244928e-15	5.39852697119139e-18	0.181034277280708
0	0	0	0	3.5508185005706e-16	-4.95620850756064e-18	-0.545591960675923
0.0136303696303696	0.0123735067164803	0.0134901470752973	0.0134901470752973	0.0132767655531776	0.0137409967820376	1.92472201449711
0	0	0	0	1.69202995118019e-15	5.43464209030539e-18	0.477275215857686
0.0125114885114885	0.0149529926015034	0.0112705706847056	0.0112705706847057	0.0119395166161972	0.0117198498504492	0.584414520810786
0	0	0	0	2.35273102108771e-16	-1.9585369168912e-18	-0.0602113336201011
0	0	0	0	1.22237604669652e-15	-3.22094015382127e-18	-0.0129784941324916
0	0	0	0	4.55766133843786e-16	1.02783498387476e-17	2.25028542413985
0	0	0	0	2.83693179625016e-15	3.44007510697528e-18	-0.563976316622622
0	0	0	0	4.1399252299178e-16	3.63500298386411e-19	1.41696611458189
0	0	0	0	3.99424902267898e-16	7.56680698755311e-18	-0.903521484569144
0	0	0	0	5.01385921451683e-16	-2.42738042013811e-18	-0.198709203131862
0	0	0	0	5.00967317188518e-16	6.85244119937958e-19	0.183028201819898
0	0	0	0	6.99295468823249e-16	-1.28064402134697e-17	-0.171590086333607
0	0	0	0	9.58383462509068e-16	4.99348103502116e-18	-0.415827161715314
0	0	0	0	2.91424790257877e-14	-3.2855820660619e-18	-0.878045787982847
0	0	0	0	4.30046576414972e-15	2.37006453296881e-17	-0.207596410688514
0.00821778221778221	0.00593903904265175	0.00930431399465027	0.00930431399465025	0.00823034388537174	0.00838611579103218	0.14544591251909
0.0108851148851149	0.00900234840190084	0.0109551878853466	0.0109551878853466	0.0117064720222907	0.0118827647144152	0.588119217781058
0	0	0	0	2.38175930466624e-15	-5.87481508064525e-18	1.08738791230904
0.0263496503496503	0.0246098128374301	0.0264005853152636	0.0264005853152635	0.0265283946721152	0.0265973547647584	0.050243761358096
0	0	0	0	4.84691839001329e-16	-6.68132322803599e-18	-1.0250150097271
0	0	0	0	4.84833985992163e-16	8.22151233571964e-18	0.837728064181662
0	0	0	0	3.06105629933416e-16	4.9194233780134e-18	-0.280572346820714
0	0	0	0	2.78764223758648e-16	-1.43903865176021e-17	-0.206271591834751
0	0	0	0	2.7182317658407e-16	-9.7564972648901e-19	0.401329267272407
0.281188811188811	0.27906885834239	0.279942755835865	0.279942755835865	0.280096695712605	0.28012246223624	0.335248544648394
0	0	0	0	3.6549829257798e-16	-1.75017750298648e-20	0.619520572677241
0	0	0	0	8.17367342547091e-16	1.23645462234989e-18	1.23851567793023
0	0	0	0	4.31579573015373e-16	-1.66368570911416e-19	0.719846722385691
0.0133626373626374	0.0128390373521037	0.0127574109665789	0.0127574109665789	0.0127271243491261	0.013022149833423	-0.442516766485856
0	0	0	0	6.7854905991258e-16	4.54318225071309e-19	-0.447918981018566
0.0302797202797203	0.0316223592523738	0.0311370782113784	0.0311370782113784	0.0311006022937071	0.0312551757939576	0.616727649865396
0	0	0	0	7.8631897460407e-16	-8.9084477500572e-18	0.604647938900918
0	0	0	0	6.75235461321788e-16	-1.32790845632576e-17	-1.15341680508545
0	0	0	0	6.15440343589976e-16	-1.54969768612405e-18	-0.642429901587735
0	0	0	0	1.26685770007753e-15	1.30342713242126e-17	-0.208326426817826
0	0	0	0	6.6702865684624e-16	-4.19245438547373e-18	-1.39424699961035
1.998001998002e-06	9.94746535487945e-05	0.00640503766984907	0.00640503766984906	2.997853698964e-15	-2.04136560800387e-18	-0.494055516980172
0	0	0	0	3.20903642977435e-16	3.81941482324903e-18	-0.887658134884947
0	0	0	0	8.06359228832765e-16	1.0819634288704e-17	0.318314207756153
0	0	0	0	2.93006914442031e-16	1.34380266276791e-17	0.555713480911224
0	0	0	0	5.27337472902782e-16	2.20195310130824e-17	-0.396794182404273
0	0	0	0	5.03488492632238e-16	-9.76637391270145e-18	-0.757248758832621
0	0	0	0	9.65330215196202e-16	3.02097329847767e-17	-0.33877020316117
0	0	0	0	3.25153543919779e-15	1.65853618866758e-18	-0.34458984182149
0	0	0	0	5.58829433281641e-16	-3.69561940525832e-18	0.0238455093021011
0	0	0	0	3.49533450067395e-16	2.56374590061258e-18	-2.91782621273967
0	0	0	0	4.78839794115675e-16	2.15731851620178e-18	-1.28132342974717
0.00440359640359641	0.00563520452851376	0.00346738447341638	0.0034673844734164	0.00398518820779059	0.00412710898989092	1.17672210901536
0	0	0	0	2.69080773477934e-16	-5.40418759592595e-18	-1.62165161677425
0	0	0	0	1.69003173950483e-15	2.79825589638712e-18	-1.21512197405923
0	0	0	0	5.92003617590109e-16	-3.1425663582591e-18	-1.68238241945754
0	0	0	0	6.61195378687386e-16	-1.33504944602489e-17	-0.402613433563919
0	0	0	0	1.25384090128613e-15	-8.62218447481365e-18	-1.30248750298162
0.0203036963036963	0.0180152554397862	0.0200088388849369	0.020008838884937	0.0201021494494001	0.0198486896688708	0.494725703052498
0	0	0	0	5.72399204818943e-16	6.65850876601104e-18	1.34399759319646
0	0	0	0	1.15166197132102e-15	-5.7049878470077e-18	-1.52522697570452
0	0	0	0	3.63967921175086e-16	-1.30928869081501e-18	-0.099353376740843
0	0	0	0	9.81367078983765e-16	-5.5980166385185e-18	-1.78105237378862
0	0	0	0	5.85379840494803e-16	3.34981527979891e-19	0.444165522184582
0	0	0	0	4.35027961709423e-16	-1.33198102870286e-18	-0.0989474296943925
0	0	0	0	4.32477206631959e-16	-4.01935361529092e-18	1.64386201002177
0	0	0	0	3.91448966861128e-16	-1.22322257153967e-18	-0.211527756567693
0	0	0	0	4.85100197213798e-16	1.31513460523176e-17	0.878713096987134
0	0	0	0	4.98571256823654e-16	-1.3504728919902e-17	0.407320556387006
0.0407092907092907	0.0407649714670195	0.039999614450333	0.0399996144503331	0.0403825725168097	0.0408088328455347	0.915077069394015
0.0156603396603396	0.0163368454891826	0.0162848094119079	0.0162848094119079	0.0165092125376119	0.01637524355945	-0.0779498203908629
0	0	0	0	2.8747524753621e-16	-1.78118065996122e-18	0.967738018956332
0	0	0	0	7.29463799451817e-16	4.39280287918749e-18	1.74729091270567
0	0	0	0	7.17978584602247e-16	1.72153721878442e-18	-0.38555285386707
0.00453346653346653	0.0034686556804362	0.00581645374767945	0.00581645374767948	0.00515433927684336	0.00508845009103241	-1.64692613738507
0	0	0	0	2.9799469056316e-15	-5.77129964198116e-17	1.96325588738412
0	0	0	0	6.01570101350833e-16	-2.35954936470478e-18	-0.895008197616508
0	0	0	0	4.19821240723542e-16	1.12114462410721e-17	-1.28604743151394
0	0	0	0	3.1889694152788e-15	2.85461082759112e-18	0.684173272472972
0.00241958041958042	0.000101615998957181	0.00164672141581645	0.00164672141581649	0.00135735934261377	7.36584086284453e-17	1.35288424392997
0.0217922077922078	0.0208268212088517	0.0206823384361263	0.0206823384361263	0.0214772101392996	0.0214294455274411	0.471419448979156
0	0	0	0	2.70110180939601e-16	-2.20144225446449e-17	0.787435311627236
0	0	0	0	3.03661685984538e-16	1.16346098764952e-18	-1.18567790333583
0	0	0	0	4.83094064140625e-16	3.33914016752628e-18	-0.449806228049139
0	0	0	0	1.25034021542758e-15	3.29842492667423e-17	0.734095810088949
0	0	0	0	5.25964116925455e-16	1.5680284244563e-19	-0.0904068622387921
0	0	0	0	4.75854360946266e-16	-3.00480590759582e-18	-2.91563724598802
0	0	0	0	4.60642689094724e-16	3.47205021943904e-18	0.434310533090496
0.0298861138861139	0.0290564133351965	0.0302055296881707	0.0302055296881707	0.0303570491783635	0.0305638353672507	-1.02780106976645
0	0	0	0	1.2070057519748e-15	-2.40440896057925e-18	-0.0595795599743521
0	0	0	0	3.63548981531729e-16	-1.15022457345186e-18	0.11728282114255
0.000999000999000999	0	0.00162146511299578	0.00162146511299578	0.00151362181593484	1.58153203169309e-17	3.17935189799238
0	0	0	0	3.28154825653393e-16	-3.52471595359855e-18	-0.230667442250741
0	0	0	0	5.87519543887692e-16	2.78037284081551e-18	-1.0664024761198
0	0	0	0	8.37214400568819e-16	1.89808932262931e-17	0.065399791586293
0	0	0	0	2.57233313049256e-16	5.30333046015257e-18	0.568250091516769
0	0	0	0	8.67594798034659e-16	-2.45637867120954e-18	0.358626410315107
0.0017942057942058	0.00142677262328355	0.00257016780089778	0.00257016780089787	0.00254610540405708	0.0026148161656095	1.68212917682577
0	0	0	0	3.73649268410844e-15	6.21526875304803e-18	-0.778393105487956
0	0	0	0	2.76809170446461e-16	1.57158530075916e-18	-0.976404588378958
0	0	0	0	3.17772891538274e-16	2.56567475145269e-18	0.214255139258659
0	0	0	0	1.15960019589505e-15	-7.44971888637276e-18	-0.554207378516648
0	0	0	0	2.75542012733783e-16	-9.35570309106737e-19	0.397280478587044
0	0	0	0	3.50833422231134e-16	-3.61014983588602e-18	-0.197692010524519
0	0	0	0	3.64163060060165e-16	9.15849949471553e-18	-0.993033020937846
0.0102537462537463	0.0108542043721262	0.00819239610309647	0.00819239610309652	0.00950917444096718	0.0103145961079487	0.979315427881038
0	0	0	0	1.00420201244693e-15	-2.10653675169185e-18	0.64990685511081
0.00621578421578422	0.00878456792800233	0.00447565305214237	0.00447565305214235	0.0054002373177964	0.00561800204219105	2.51094019619054
0	0	0	0	9.94942849273001e-16	-1.18055684367988e-18	0.569640132322551
0.000973026973026973	0	0.000775803066808949	0.000775803066809026	0.000846609718555496	1.78487005741689e-17	1.72396770918013
0	0	0	0	2.94018097020756e-16	6.95283274490776e-19	-0.855154375089912
0	0	0	0	7.2280690467606e-16	7.88522479955996e-18	1.40354893761336
0	0	0	0	3.8667484180012e-16	-6.56704640340752e-18	0.222115880665097
0	0	0	0	3.63903733095442e-16	-1.03723272232854e-17	-2.46022058781546
0	0	0	0	6.88420228071365e-16	-7.68884030586663e-18	-1.48957195817507
0	0	0	0	5.586019436248e-15	3.49485305006694e-17	0.0365195531115616
0	0	0	0	6.43317495915947e-16	-6.44395986208834e-18	0.832394260474927
0.0156083916083916	0.0155800670462047	0.0160714676617707	0.0160714676617706	0.0160435593956826	0.0163433868300145	-0.480000549604113
0	0	0	0	4.18616166406308e-16	-5.21792550776014e-18	0.731831495412816
0	0	0	0	7.14552324694827e-16	-1.5986825192735e-17	0.141373333983708
0	0	0	0	3.92135613261702e-16	4.16647442208264e-17	0.15867440564313
0	0	0	0	1.04528249550015e-15	-2.03193497811287e-18	-0.888053971026417
0	0	0	0	8.00690997336602e-16	-8.82673555552649e-18	0.283317947483757
0	0	0	0	2.65338827692625e-15	-1.73815188115299e-17	0.789838491846209
0	0	0	0	2.27873185802244e-15	-3.60706954284763e-17	0.929705517312835
0	0	0	0	2.62817600348503e-16	1.26856981224542e-18	0.0899157660999603
0	0	0	0	2.64385449368964e-16	-1.97641079040437e-17	-0.322633245427576
0.0152767232767233	0.0131972586453194	0.0142899674672326	0.0142899674672326	0.0145465542703596	0.0150330708608534	1.59823020912624
0	0	0	0	3.1347519078671e-16	-4.82418796303302e-18	1.4218316538407
0	0	0	0	2.36712646094201e-16	-8.76900666658285e-18	-0.159873282170953
0	0	0	0	3.35897255036032e-16	-7.54706500108801e-18	1.46643035221618
0	0	0	0	1.69203229291297e-15	-7.18621089737802e-18	0.705484994535069
0	0	0	0	5.88867448114294e-16	1.88029662053519e-19	1.71357111323504
0	0	0	0	1.77505905782748e-15	3.05174568662564e-18	-0.820720435762672
0	0	0	0	3.97793085864633e-16	5.66123260818048e-18	0.11334109849709
0	0	0	0	1.28863316188511e-15	-8.01115752141983e-18	0.268707792341338
0.0366373626373626	0.0376145089991024	0.0370633262832952	0.0370633262832952	0.0374643719909887	0.0374137162766755	0.157005634872483
0	0	0	0	4.36429008434646e-16	3.09835035073234e-17	1.01756008583002
0	0	0	0	9.53281611400558e-16	-1.11931936029796e-17	-1.80492911610389
0	0	0	0	4.36195561814085e-16	-2.95295428578855e-18	0.715253261264272
0	0	0	0	5.79093647279007e-16	1.45597186622225e-18	0.321952148302125
0	0	0	0	8.72777664621371e-16	1.05041592912105e-17	0.865868593800352
0	0	0	0	2.64412369609773e-16	2.13244445034381e-17	-1.96571804893641
0.0199300699300699	0.0171656619104714	0.0199183463357278	0.0199183463357278	0.0197224401381246	0.019728588061524	1.89698196647042
0.00913686313686312	0.010602454417319	0.00815022056127352	0.00815022056127354	0.00850179163485168	0.00862945840866441	-0.475945751921232
0.209086913086913	0.209822620945241	0.209414167535894	0.209414167535894	0.20920576110507	0.209128206345221	1.1793246297217
0	0	0	0	3.0210445589554e-16	2.17187397650872e-17	-0.497096619337687
0.0119000999000999	0.0140133651720616	0.0107807054075253	0.0107807054075252	0.0121787846417507	0.0124535422270319	1.33597398003729
0	0	0	0	4.42963551786059e-16	-7.22188317069953e-18	-1.0532924514432
0	0	0	0	1.65951655680679e-15	-2.46043701666351e-17	-1.27980836277675
0.0814345654345655	0.0810315235959671	0.0808369420817762	0.0808369420817761	0.0813820092665572	0.0810644581851641	0.450301410327773
0	0	0	0	6.59457275539531e-16	3.79763014882204e-17	0.151969045178168
0	0	0	0	4.10019539823439e-16	-2.2647856679618e-18	0.248383968271216
0	0	0	0	2.5229618300118e-16	-2.62784262640126e-18	-0.257325434663526
5.994005994006e-06	0	0	0	8.52892402095733e-16	9.53316842823021e-18	-0.0024445270717373
0	0	0	0	9.62901669311822e-15	7.65935432258993e-18	1.46374372035934
0.00793006993006992	0.00966534007381589	0.00844349478094068	0.00844349478094072	0.00875610981986665	0.00926025966958648	-1.94827282728145
0	0	0	0	6.06324462711539e-16	7.37248823158931e-18	-1.80655056454561
0	0	0	0	9.40865716434884e-16	-4.26347605115151e-17	0.659703702683112
0	0	0	0	3.99496671118896e-16	-5.10831625494463e-18	0.66517829632568
0	0	0	0	2.95547527032909e-16	-1.14894984385152e-17	-0.297928198578439
0.0257302697302697	0.0290911726029011	0.0269301184197423	0.0269301184197423	0.026600244893721	0.0265656143949614	1.57230081911008
0	0	0	0	1.20434238805164e-15	-7.49487767113097e-17	1.62334616164191
0.0809190809190808	0.0782453995369306	0.0814909303019641	0.0814909303019642	0.0809625128825342	0.0811564433219326	-0.47637834972243
0	0	0	0	4.48157290042627e-16	6.10237983518469e-18	-0.84410638538716
0	0	0	0	3.34905016246282e-16	5.81086570154261e-18	-1.00196192841592
0	0	0	0	8.59567978491279e-16	5.83477354688688e-19	-0.0965291955378804
0	0	0	0	4.33720836287261e-16	1.59511618537388e-17	1.12985445521015
0	0	0	0	6.89107609476941e-16	2.69888672825947e-17	-0.223464822558062
0.0715224775224775	0.0730021938834387	0.0710695986051135	0.0710695986051135	0.0712565093532549	0.0712660453753758	0.0850748749957309
0	0	0	0	6.15018136927999e-16	-1.69457371669704e-17	-0.941088679696207
0	0	0	0	4.07984363834619e-16	1.22450544942815e-18	0.207516130863719
0	0	0	0	5.86802738694368e-16	2.92671907641968e-18	-0.125956203761202
0	0	0	0	1.10541498509888e-15	1.55483989436368e-17	0.82165816128132
0.0284895104895105	0.0306615271151476	0.0279133226929204	0.0279133226929204	0.0281507540572021	0.0285419356728	-0.156549886065039
0	0	0	0	4.13808705552e-16	1.1364888847352e-17	-1.52146870495499
0	0	0	0	5.41584851260968e-16	-4.38430624484083e-17	0.290237250921402
0	0	0	0	2.94574666107177e-16	-6.87893592652516e-18	-0.474452835070601
0	0	0	0	4.29299428648395e-16	5.83898783281543e-19	-1.1489833819627
0	0	0	0	1.18408575425666e-15	3.05392695453797e-18	0.27144893593151
0	0	0	0	1.63185941234614e-15	1.1973790730212e-18	1.25460263139162
0	0	0	0	1.0036435476245e-15	-8.0688346889745e-18	1.97403370714366
0	0	0	0	1.05739642408134e-15	-4.41569091841969e-18	2.2702562760599
0	0	0	0	3.62802448689148e-16	3.44291683955963e-18	-0.45175919204915
0	0	0	0	7.76935027088982e-16	-2.73945243020741e-18	0.966567939188889
0	0	0	0	5.06338589241333e-16	-4.30532290355113e-18	-1.43441455256763
0.0071968031968032	0.00538179340859556	0.00727499456001962	0.00727499456001961	0.00733194978151257	0.00725445414386406	-1.0066422571548
0	0	0	0	3.25342277255116e-16	6.03725117907578e-18	-0.254138827578894
0	0	0	0	5.48076102867189e-16	-5.48057310528158e-18	-0.932544066836999
0	0	0	0	5.34888679637153e-16	8.74726758709493e-18	0.203058672442903
0	0	0	0	1.81141972406704e-15	8.21473948710983e-18	1.26342958492974
0	0	0	0	4.91922437317184e-16	-2.88095322174228e-18	-0.158445224895391
0	0	0	0	2.74964564402552e-16	-1.7251618639114e-17	1.00597859153049
0	0	0	0	5.6039997648909e-16	9.94554683708384e-19	0.320430354113647
0	0	0	0	1.62713374748738e-15	2.98604055921263e-17	-0.980548169140186
0	0	0	0	1.08094598093285e-15	2.52852414054487e-17	-0.48016082401547
0	0	0	0	8.83448006861805e-16	3.41964924727389e-19	-0.00294185833893349
0	0	0	0	4.70012570504442e-16	-6.10476870363314e-18	0.215465791081021
0	0	0	0	9.17758859247316e-16	-1.06579805280566e-17	0.686064758447425
0	0	0	0	2.45190218120818e-15	-8.9390152550726e-18	0.647683788013344
0	0	0	0	2.71321987334795e-16	7.32011502100042e-19	0.116037052213832
0	0	0	0	6.74598856760272e-16	3.16602986916716e-17	0.266685520152319
0.0141778221778222	0.0115381247072847	0.0143174181300314	0.0143174181300314	0.0140753888893243	0.0142899314874065	0.307421058712502
0	0	0	0	1.3490414622613e-15	6.9273724944847e-18	-0.215644464269082
0	0	0	0	3.00892394399874e-16	1.7987153937877e-18	-1.06676457428371
0	0	0	0	3.8825874260373e-16	-1.70917459727317e-17	-0.773571007508252
0	0	0	0	4.46506602789144e-16	9.43140844191017e-20	-0.708813771264353
0	0	0	0	1.52608284356148e-15	1.98362569273411e-17	-0.612888996317829
0.0282597402597403	0.0308485199836412	0.0285816299736837	0.0285816299736837	0.0279311885701341	0.0283387552688511	0.518065427441808
0	0	0	0	6.07853186242177e-16	1.32949957865549e-17	-1.25609830153144
0	0	0	0	4.23622237256642e-16	-1.43439045900317e-18	-1.15094694729809
0	0	0	0	6.58308616456254e-16	5.65165051890188e-18	0.292036288757081
0	0	0	0	2.31791294585738e-15	6.43744414140027e-18	0.696807987864371
0	0	0	0	1.59315873875726e-15	-8.33089434141015e-18	0.345053457552572
0	0	0	0	7.31737201013167e-16	-1.03764663471155e-18	0.779470423288735
0	0	0	0	3.91824174229117e-16	7.07636485014182e-18	-3.06024907457802
0	0	0	0	5.65095027039519e-16	-7.21403589620444e-19	-0.559528926406811
0	0	0	0	6.33327363943747e-16	7.25587446766553e-18	3.6506573157997
0	0	0	0	9.47244916828625e-16	-2.82072264079711e-17	2.15797714367042
0	0	0	0	5.19560055796798e-16	-1.40636129515943e-18	0.712183518759502
0	0	0	0	4.63888088714337e-16	-2.9290219096807e-18	0.798754901965396
0	0	0	0	3.8998849841109e-16	-2.60547974192072e-19	0.72644774263951
0	0	0	0	6.70497343550013e-16	8.89151248180596e-18	-0.245415783801856
0	0	0	0	6.24931126564031e-16	1.75964072381122e-18	-0.865701103177219
0	0	0	0	8.69228400285419e-16	2.13682269538646e-18	-0.0243480003469489
0	0	0	0	1.03833554755251e-15	8.67464832849631e-19	0.610523117325987
0	0	0	0	3.78542258296904e-16	1.52109970183626e-17	0.0135662101600402
0	0	0	0	3.76544839159624e-16	-2.07417100863218e-17	-1.04259950026967
0	0	0	0	5.35732402416515e-16	1.59886180355095e-18	0.106196081615992
0	0	0	0	2.05444813330963e-15	3.29933501299919e-17	-0.463305530405578
0	0	0	0	4.13511660306767e-16	7.84414673783822e-19	-1.94489463248885
0	0	0	0	3.68202474295367e-16	4.05973369627924e-18	1.89368741701249
0	0	0	0	6.6677306849532e-16	1.42660148967785e-17	-0.413324367125478
0	0	0	0	4.16437618350069e-16	-7.79084173185365e-17	0.412803651232253
0.00506093906093906	0.00879690528561702	0.00508864874290403	0.00508864874290413	0.00529353573065866	0.00545521177335448	-0.445812416577704
0	0	0	0	9.97244685776833e-16	4.32584327920636e-19	0.10284801915896
0.121162837162837	0.121651401254974	0.121140923836319	0.121140923836319	0.121199852013469	0.121388150719718	-1.11159654907388
0	0	0	0	5.56966299287834e-16	1.22749786976807e-17	-1.23665654321211
0	0	0	0	1.27299189902079e-15	-1.5022307654699e-17	-1.61009178647868
0	0	0	0	5.87399213099481e-16	-1.77965770343494e-17	-0.732513628564121
0.0291808191808192	0.0285176027487	0.0272692198758605	0.0272692198758606	0.0283774905832365	0.0286244796285299	-0.250274865065256
0	0	0	0	6.11629993508043e-16	9.58329010422074e-18	0.842452085493779
0	0	0	0	6.75549923717253e-16	9.34429002944183e-19	-1.13380219545315
0	0	0	0	4.47304588251945e-16	-2.71668510274701e-18	-0.716658167276736
0	0	0	0	2.95327608363802e-15	-5.68767733465382e-17	-0.00310097324719778
0	0	0	0	3.78995900192956e-16	-1.09748459337649e-17	-0.319739551951759
0	0	0	0	4.51740680909892e-16	-3.15559335192796e-18	1.7457088145882
0	0	0	0	5.80375109356778e-16	-7.49188950918664e-18	-0.659960840921683
0	0	0	0	2.56545800019976e-16	-6.29793584601094e-18	-0.325282123153306
0	0	0	0	3.09317675104133e-16	4.85335872944401e-19	-1.34755007096843
0	0	0	0	4.26035066169723e-16	3.92711923915842e-17	1.17979292336536
0	0	0	0	3.41606384131377e-16	5.24056580898539e-18	-0.484062271595933
0	0	0	0	4.89915472290957e-16	1.58388178854206e-17	1.13394674900488
0	0	0	0	8.9373885892658e-16	4.94085166248275e-18	0.642345938690425
0	0	0	0	5.72484263749901e-16	1.64595185016059e-17	1.00395084533648
0	0	0	0	4.33987455616591e-16	-1.50683334438403e-17	0.658212560977023
0.000867132867132867	0.00113569718702779	0.000860878871781907	0.000860878871781868	0.00129112723477269	3.13229453024312e-18	1.00566458829146
0	0	0	0	5.19123595241207e-16	-1.9983382315728e-17	0.385506603588044
0	0	0	0	1.48777565969176e-15	1.0394474942665e-17	-0.0631527978662925
0	0	0	0	1.38233219458389e-15	-2.33842423377721e-18	-2.05033157929642
0	0	0	0	2.89775237544464e-16	-2.31484760783121e-17	-0.170050607657215
0	0	0	0	4.67241726014276e-16	-3.02990632393854e-17	0.886524417412124
0	0	0	0	2.38161625825853e-14	1.77835691767528e-17	0.333780432555532
0	0	0	0	4.67036027900589e-16	2.82272358988383e-18	0.0497123985801075
0	0	0	0	4.96079063100275e-16	-1.21569859161165e-17	-1.09671177444202
0	0	0	0	4.15532261472131e-16	-9.15806111159483e-18	-0.751696756801794
0	0	0	0	2.9191445749344e-16	6.74966336510745e-20	-2.43169730465013
0	0	0	0	2.69865559774894e-16	-4.41486963286358e-18	-1.57455956046127
0.0526273726273726	0.0564916163780125	0.0525421692679323	0.0525421692679323	0.0531767729446668	0.0535762988221545	1.28955604615774
0	0	0	0	5.19684749031132e-16	-2.40640531478951e-18	-0.0700624320617152
0	0	0	0	3.12638327845505e-16	-6.86085055057573e-18	-1.02061497305972
0	0	0	0	3.06771488785119e-16	2.51978877466891e-17	0.862682519310413
0.0254425574425574	0.0239035604623085	0.0250967121709737	0.0250967121709738	0.0254541561769555	0.0256892458673846	1.7871665401762
0	0	0	0	2.90924668774929e-16	-7.08848236877905e-18	-1.97241827467948
0	0	0	0	3.443277345863e-16	-1.10848175812918e-17	-1.23911753832577
0	0	0	0	5.43368469304957e-16	9.04285605143243e-18	2.28491798154477
0	0	0	0	3.84615096868271e-15	1.85181841271061e-17	1.30732819830668
0	0	0	0	5.03236315721131e-16	2.66152575481285e-17	-1.35159171321991
0.0917962037962037	0.0867483824288424	0.0905270806429631	0.090527080642963	0.0903500844144818	0.090182647404653	-1.11709829350108
0	0	0	0	5.36932614041412e-16	1.40048323352971e-18	-0.960750713891778
0	0	0	0	4.70368818404036e-16	-4.86925660144074e-18	-0.190127073780402
0	0	0	0	2.57542615841104e-15	-6.1872575892478e-18	0.00952959168731658
0	0	0	0	5.93329780776029e-16	-3.45929117977803e-17	-0.670102421094365
0	0	0	0	3.26996193083224e-16	1.17309575164733e-17	0.559288634118627
0	0	0	0	5.99622744220129e-16	6.64161985182266e-18	-1.67549427847822
0	0	0	0	5.42380138843472e-16	-2.63164822773016e-18	-0.23059676216457
0	0	0	0	3.55227585558633e-16	-7.275918904963e-18	-2.02742236893705
0	0	0	0	7.52207349337769e-16	-1.7781630499672e-17	-1.06170415162147
0	0	0	0	2.87567324752867e-16	9.0972410731188e-19	-0.85297801253755
0	0	0	0	2.88245186902263e-16	-1.22349019494682e-17	-0.157447664989318
0.0456943056943057	0.0422289898335093	0.0448254473114634	0.0448254473114633	0.0448757238899145	0.0449354603678649	2.43783068818924
0	0	0	0	3.65918616612389e-16	-3.16176285212316e-18	-1.57248214726589
0	0	0	0	8.05131449312463e-15	3.97754891961093e-18	0.234504961794595
0	0	0	0	3.5899725257818e-16	2.50162602418029e-18	0.212224981454973
0	0	0	0	4.0385474226599e-16	2.22611508997832e-17	-0.0308697814584565
0	0	0	0	1.16433685941799e-15	-6.727219826632e-18	0.303840561577166
9.99000999000997e-06	0	0	0	2.74954685251734e-15	-4.28213377422071e-17	-0.37377761775181
0.0148391608391608	0.0167234859128749	0.0153711530232432	0.0153711530232432	0.0154347009886877	0.0155780155978087	1.48224991806308
0	0	0	0	3.85922650821246e-16	3.93378861584353e-18	-1.55418621053375
0	0	0	0	2.75033246103524e-16	-3.4883986784829e-19	1.20402872645082
0	0	0	0	5.31829961292656e-16	1.26297638134698e-17	1.98651919636393
0	0	0	0	2.96402538450599e-16	2.37201427514723e-18	0.299752649538336
0	0	0	0	9.47448812617325e-16	-6.44015717883887e-18	0.23814296012237
0	0	0	0	5.64904239510388e-16	4.64895889243721e-18	-1.11667297898213
0.00733066933066933	0.00907101311283368	0.00679681480239794	0.00679681480239789	0.00680931188986887	0.00714443923852922	-1.60586648815814
0	0	0	0	4.87338605065769e-16	2.80417564156585e-18	-1.62134058937288
0	0	0	0	1.00011179751885e-15	-3.73953025341698e-17	2.0578548699771
0	0	0	0	5.75708124557467e-16	-2.14082362239198e-17	-0.559910301098395
0	0	0	0	7.40009955391223e-16	7.51603940685283e-17	-0.788212250856202
0	0	0	0	7.88745524712445e-16	6.72108009365012e-19	-1.18948053969338
0	0	0	0	2.40139069628527e-16	-1.22143059994996e-18	0.347976689380204
0	0	0	0	3.70139029320154e-16	3.68393961023101e-18	-0.13933463428509
0	0	0	0	8.25598801766244e-16	5.1852441153539e-17	1.06813492589847
0.0160859140859141	0.0135292931400659	0.0148709867975631	0.0148709867975631	0.0154604477456768	0.0154847364805844	1.88131488634092
0	0	0	0	4.7621349240371e-16	5.87815639407197e-18	-1.46476315767013
0	0	0	0	4.22943616100997e-16	-5.27260395535986e-18	-0.136923452107334
0	0	0	0	3.64078463699648e-16	-9.43134070121546e-18	-0.222112279082984
0	0	0	0	2.44606402409473e-16	6.80318053833151e-18	0.195899949417856
0	0	0	0	5.13251414827624e-16	9.522055770414e-18	1.30237174673328
0	0	0	0	3.27156742463354e-16	2.17145193483214e-17	1.57021659663818
0	0	0	0	2.79954270852345e-16	-5.97439691380592e-19	0.538877698326688
0	0	0	0	4.25207737221799e-15	1.21092909249427e-18	1.07941333301425
0.0275864135864136	0.0311950315972731	0.0285326956980052	0.0285326956980052	0.0283974199669592	0.028301629029101	0.203082085243815
0	0	0	0	5.73658622778123e-16	-1.55527672032104e-17	-0.221101082859026
0	0	0	0	3.11800050524487e-16	3.74122270969655e-17	0.474115589269699
0	0	0	0	2.0932785821458e-15	-5.87189064274291e-18	3.0519083892576
0	0	0	0	1.09068888853883e-15	1.58462376453122e-17	3.14192551338319
0.0053986013986014	0.00293493409152722	0.00474597581428205	0.00474597581428211	0.00539227488506458	0.00551699548896953	-0.967058235225978
0	0	0	0	4.26362145252755e-16	3.41991108445762e-17	0.207605973805337
0	0	0	0	3.90494951720932e-16	1.38660481097748e-17	-1.711901458404
0	0	0	0	1.25589167372648e-15	1.25636927639095e-17	-0.473542888349433
0	0	0	0	4.08266661316879e-16	2.57375658571601e-17	0.383990499286304
0	0	0	0	3.95858869578749e-16	2.33123818755815e-18	-0.241336630630649
0	0	0	0	5.55468755795246e-16	-1.16131374737394e-18	0.575512313667582
0.00405594405594406	0.00203624160267923	0.00387319275234295	0.00387319275234289	0.00382606051320488	0.00411214238010404	-0.833989156854295
0	0	0	0	8.78499928304259e-16	-3.85892812647404e-18	1.42915842715659
0	0	0	0	8.33628489671946e-16	-8.10184836934538e-18	1.0482326439308
0	0	0	0	4.80266038724415e-16	-8.17976698308589e-18	0.171653306631976
0	0	0	0	3.16828851770332e-16	7.69669709607309e-18	0.166336482031908
0	0	0	0	5.63471668122365e-16	2.28336968760893e-17	-0.21657142971521
0	0	0	0	1.60385628004951e-15	2.20017662667059e-18	1.0415098941962
0	0	0	0	2.84758320624473e-16	3.75415383622127e-17	0.308495220976628
0	0	0	0	5.85622408991993e-16	-6.20648309743337e-18	-1.17174421554188
0.0270789210789211	0.026715556027886	0.028148706037887	0.0281487060378871	0.0272845610776667	0.0273529682571659	-1.03713466826895
0	0	0	0	6.59595804048543e-16	2.57338420550293e-17	0.0914915022801374
0	0	0	0	4.95755839495456e-16	1.09586304829668e-17	-1.35050871381221
0	0	0	0	3.66821176569514e-16	2.17953867291502e-17	-0.396496142157872
0	0	0	0	6.88113082314594e-16	-2.21457246455076e-17	-0.122280269769473
0	0	0	0	3.52561431965694e-16	-8.51103106265413e-17	-0.624056041121691
0	0	0	0	4.93229119504186e-16	-6.11787446583296e-18	0.480675032759559
0.00909290709290709	0.0104112948855092	0.0084179057942668	0.00841790579426682	0.0090079505395697	0.00903854581930287	-1.09077889360563
0.0172747252747253	0.0138930007984939	0.0162233794163845	0.0162233794163844	0.0167189969210361	0.0171608561425295	0.882710819515243
0	0	0	0	2.67073240621227e-16	2.31706910335924e-18	0.303350519826201
0	0	0	0	3.75949894327339e-16	-2.10446085549897e-17	-0.672013046317425
0	0	0	0	6.76984566406235e-16	-3.35292114169159e-17	-0.249135483984499
0	0	0	0	4.52999020147209e-16	-2.19060481784408e-19	-0.835215527726098
0	0	0	0	1.77656974786672e-15	-2.13854970788947e-17	-0.845577439789045
0	0	0	0	3.80041050898822e-16	-6.30106197593665e-17	-0.323054675157087
0	0	0	0	2.44362088230966e-16	-3.6712542173697e-18	0.848201467239389
0	0	0	0	5.07450028795966e-16	5.17276681781808e-19	1.78250121244336
0	0	0	0	4.634938828541e-16	-8.41616622886778e-18	-0.934603853019404
0.0475564435564436	0.0480977951668424	0.0472211739350492	0.047221173935049	0.0468984654400737	0.0470830722878374	2.15023693171551
0	0	0	0	5.69580215184415e-16	-2.91281598774629e-17	1.47241399734575
0	0	0	0	4.18425454997251e-16	-2.99859340753201e-18	-0.301604425528134
0	0	0	0	4.89047216204288e-16	3.48023263351532e-17	-0.239386685981001
0	0	0	0	3.49958334277357e-15	1.95778895519337e-17	-1.13102074790718
0	0	0	0	3.66182871880221e-16	3.4717723733268e-18	0.733720530783
0	0	0	0	5.30834110310957e-16	7.71492966025707e-18	-1.2774551853535
0	0	0	0	1.30056342284942e-14	1.59817047868089e-18	0.974493136215395
0	0	0	0	9.33948274121752e-16	-1.40069203985715e-17	0.101454040975639
0	0	0	0	6.34758806684983e-16	-3.66002536535914e-19	-1.11804425669203
0.0163496503496504	0.0133431871118699	0.0156469716014415	0.0156469716014416	0.01574489137638	0.0155915675222213	-0.513433865001199
0	0	0	0	5.00621462927566e-16	-4.41305439663611e-18	-0.204425350059659
0	0	0	0	7.88498350538815e-16	-3.21273699239629e-17	0.0873918496346323
0	0	0	0	4.36266122335949e-16	-1.20633447079536e-17	-0.718735996995808
0.0285354645354645	0.0300141522478343	0.0298583986053937	0.0298583986053937	0.0294908863866578	0.0293424615996035	-0.455515941096757
0	0	0	0	2.36739557811976e-16	4.05162126033417e-17	-0.621008457470617
0	0	0	0	8.47179206574716e-16	9.87787175029847e-18	1.74799304257929
0	0	0	0	5.44790049967494e-16	2.13869124126598e-17	0.506263730959351
0	0	0	0	9.20431370302915e-16	-3.84763964946823e-17	0.511776443344629
0	0	0	0	2.7953230248576e-16	4.12223448903768e-18	0.0890620094585908
0	0	0	0	2.78089210829816e-16	4.09859291343166e-18	-1.20449788208848
0.211396603396603	0.2104917471948	0.212143831709185	0.212143831709185	0.212067909989481	0.212235509118787	-0.56890739236805
0	0	0	0	3.36451631736662e-16	-6.16493395483669e-18	-1.04656837158568
0	0	0	0	9.50211193249342e-16	1.29719368989787e-19	1.92522438110054
0	0	0	0	2.28268470293052e-15	-1.63297947288466e-17	0.332950667969238
0	0	0	0	3.5008883681196e-16	-2.31311374211469e-17	-1.8687148696926
0	0	0	0	4.30595005408123e-16	-1.00998605186913e-17	-1.02777126188469
0	0	0	0	3.70464362982146e-16	1.43981771657939e-17	1.21193500295192
0	0	0	0	5.5629718420373e-16	-9.874020233323e-18	1.66049338396887
0	0	0	0	4.91853252182265e-16	5.25220518463344e-17	0.0771320420412556
0	0	0	0	4.27588387352019e-16	-6.83164831419588e-18	0.86186780876205
0	0	0	0	1.310856249666e-15	6.32143612708396e-19	0.408098772661348
0	0	0	0	9.99199089724704e-16	-4.69066036248824e-18	0.196577476890359
0	0	0	0	5.01758618730409e-16	-4.71114879706708e-17	-0.443813727188087
0	0	0	0	6.10290311612231e-16	-1.43791833121534e-17	0.331391179052831
0	0	0	0	2.06486804239728e-15	4.998314028041e-18	1.06102362359515
0	0	0	0	5.56119181658131e-16	-1.70730514197692e-18	-0.360038725800015
0	0	0	0	1.76269570977795e-15	-1.56938538196556e-17	0.166560948133672
0	0	0	0	6.64337285895948e-16	2.9704154566073e-17	0.454309541953971
0	0	0	0	2.68591781522836e-16	1.25397353779312e-18	-1.47034182783502
0	0	0	0	9.01704625004744e-16	-6.74516031517884e-18	-0.785163204675689
0	0	0	0	8.35890110072256e-16	-1.23330107578809e-17	0.084430305370438
0	0	0	0	9.01127347048383e-16	-1.21192235427649e-17	0.180234263845259
0	0	0	0	6.76942838984031e-16	-7.05808178443398e-17	-0.278990297203512
0	0	0	0	5.61772975088856e-16	1.35318574300316e-17	-0.900423357440415
0	0	0	0	3.44313832091833e-12	-3.81521155953122e-19	-0.626958255449593
0	0	0	0	2.69093944225436e-16	4.61993248444746e-18	0.541095266266785
0	0	0	0	1.34106315473096e-15	-9.71473413683233e-18	0.407740714328688
0.0396083916083915	0.0358554309518731	0.0381686373286758	0.0381686373286758	0.0388500792026991	0.0390027233277904	2.48588330864846
0	0	0	0	6.71978968034722e-16	-8.23147725777929e-17	-1.11654117079804
0	0	0	0	9.23069669687776e-16	3.61905718828459e-17	1.21330868421496
0	0	0	0	5.72709252641764e-16	-2.49842871963102e-18	-0.613710148752977
0	0	0	0	2.96973227149824e-16	4.77595375844486e-18	-0.463880293137706
0	0	0	0	2.30989974311697e-15	1.70824435232409e-17	1.1886963840818
0.0631348651348651	0.0645288399675132	0.0623225120063923	0.0623225120063923	0.0622931263040825	0.0622812840835826	-0.057618808404702
0.00215784215784215	0.00254100872044952	0.00175343939939972	0.00175343939939968	0.00201971549071461	-4.92354326062114e-17	-0.672686166682339
0	0	0	0	6.05964741597046e-16	9.18094007829267e-18	-0.833015273952513
0	0	0	0	1.42581056888877e-15	1.7379105095963e-17	1.63426087940581
0	0	0	0	8.52630662683384e-16	1.3212409506832e-17	-1.14340992783932
0.00538861138861139	0.00436244203433764	0.00469765422860244	0.00469765422860247	0.0049074543323994	0.00522972930003072	-1.80341728072615
0	0	0	0	4.34651681753127e-16	-9.94673493959401e-18	0.978028372119161
0	0	0	0	6.5978206430495e-16	-1.80869866509058e-18	-1.35377907715463
0.0212587412587413	0.0227782355934679	0.0194282926857065	0.0194282926857066	0.0206697508369329	0.021005837408994	-0.117511761424691
0	0	0	0	1.35581175708929e-15	8.53866831983493e-18	1.03641628082238
0	0	0	0	7.64425702553468e-16	-1.6898391219058e-17	2.55551270544063
0	0	0	0	2.36422360425373e-16	2.34045123280061e-17	-1.23816657210841
0	0	0	0	5.76235558236366e-16	-3.7468339693474e-17	0.689562722643086
0	0	0	0	3.3141340514657e-16	-1.27249797742933e-17	0.660911317709702
0	0	0	0	3.09010011888596e-16	-7.23750685600494e-19	-2.13201928624771
0	0	0	0	6.70404975443151e-16	-9.82648410862335e-18	0.992304774302157
0	0	0	0	4.83960833745323e-16	4.53946161847973e-17	0.218917254674472
0	0	0	0	8.45822819548782e-16	-3.97698959182514e-17	1.42301305586292
0	0	0	0	3.48670416890481e-16	1.33400408561257e-17	1.20255955125
0	0	0	0	3.77307220590726e-16	2.49644364741806e-17	0.539487799717395
0	0	0	0	3.27172556708766e-16	1.86214453638576e-18	0.958219376406259
0.0298541458541459	0.0342049794966613	0.0297717002592659	0.0297717002592659	0.0305510886719319	0.0309474948691385	0.688043696543997
0	0	0	0	6.97580104754939e-16	-3.27986462158062e-17	0.684059097535882
0	0	0	0	7.22304190643184e-16	-1.2530106183471e-17	0.182515687238152
0.0296663336663337	0.0295673152504227	0.0303495393294209	0.0303495393294209	0.0299118191842824	0.0306153440002324	0.691107901644981
0	0	0	0	4.80029724419825e-16	6.62595895381959e-19	0.513911409288186
0	0	0	0	7.60387483933654e-16	-1.01386745010072e-18	-0.898336529362319
0	0	0	0	3.58503552709864e-16	-4.20504335879872e-18	-0.341682681340242
0	0	0	0	4.9655788482408e-16	7.44653174847967e-18	1.28141381892088
0	0	0	0	6.38234784739452e-16	2.02604173133271e-18	-2.30907054852995
0	0	0	0	2.90867550960873e-16	-4.98738039384184e-18	-2.15552348001313
0	0	0	0	4.70697062742906e-16	5.13677638592186e-18	-0.272238543871262
0	0	0	0	8.19354405948974e-16	-1.43732777629117e-17	-0.21344925954177
0	0	0	0	1.66542724551286e-15	2.10864639422616e-17	0.30854630933024
0	0	0	0	5.2880418306616e-16	-8.03030883834899e-19	-1.19236396459281
0	0	0	0	4.82912737687251e-16	9.66698397175644e-18	0.471604052909245
0	0	0	0	4.67428569480875e-16	-7.87082258434907e-19	-0.114529192209804
0	0	0	0	3.76198962725345e-16	3.15005407752822e-17	-0.804420540083225
0	0	0	0	2.89308727498089e-16	9.34972765116943e-18	-0.0685915632461137
0	0	0	0	4.07416400301172e-16	6.72697522866487e-18	-0.43668932879169
0	0	0	0	4.02465094282772e-16	-9.88753271288882e-18	-1.35865222592399
0.0525094905094905	0.0521237210107557	0.0522559169031368	0.0522559169031367	0.0519082757699496	0.0519483972297966	-0.239097686797096
0	0	0	0	5.71492986582622e-16	6.53895385321363e-17	-1.15785185464684
0	0	0	0	4.94141368980972e-16	4.82224779292151e-17	-1.40856736175665
0	0	0	0	2.97940325544943e-16	6.17432899722364e-18	0.757305893030505
0	0	0	0	3.87178108021663e-16	4.02047398251339e-18	-1.15045526308263
0	0	0	0	5.52426657254828e-16	-9.24434253618295e-17	-0.53771153636801
0	0	0	0	6.87346029321599e-16	-7.53419033588681e-18	-1.4057012604749
0	0	0	0	7.67400550882796e-16	1.69598424959323e-17	-0.158624987424812
0	0	0	0	2.96623245486533e-15	2.97234957649782e-18	2.18968048374354
0	0	0	0	5.85420066448347e-16	4.41490250089166e-18	0.644205409052799
0	0	0	0	3.25615680355249e-16	-2.96410233985353e-17	-0.497024318640095
0	0	0	0	4.82122317541457e-16	-1.73318621646243e-17	1.83394803677536
0	0	0	0	7.57285007529694e-16	2.23608656256565e-17	-0.756008373577905
0	0	0	0	2.26090552367919e-15	1.54933812697819e-18	-1.06067656851972
0	0	0	0	1.13589947680707e-15	-3.3149555277599e-18	0.441482583724316
0	0	0	0	1.44187729762419e-15	-1.07400229391619e-17	1.11543382003375
0	0	0	0	7.29988280761802e-16	-1.13406671924046e-17	0.921129855954878
0	0	0	0	4.42664063029021e-16	-5.58938991631399e-18	-1.85203906207071
0	0	0	0	7.2045737284335e-16	-4.26414748763469e-17	-0.351995746522759
0	0	0	0	3.03856066107227e-16	8.97939325016202e-18	-1.13513552293775
0	0	0	0	4.4317533753722e-16	-1.16027079763772e-17	-0.753262742697845
0	0	0	0	1.62828529552531e-14	-6.08216795551487e-18	0.260065547909963
0	0	0	0	7.48194947010639e-16	1.29885171729156e-17	0.546227348976945
0	0	0	0	2.57460774598609e-16	3.62993485225732e-18	-2.53840705102619
0	0	0	0	3.06323346673185e-16	1.17183060780524e-17	0.696317489164031
0	0	0	0	3.99797054571196e-16	-8.27938291106181e-18	-1.1423181787555
0	0	0	0	1.19756785660085e-15	7.83536419001251e-18	-0.111083236678997
0	0	0	0	9.88103145940554e-15	-4.679998443123e-18	-0.134061870223585
0	0	0	0	1.57244764279099e-15	-1.05375226584157e-17	0.394536672591113
0	0	0	0	6.6660591403595e-16	3.89196503113874e-18	0.891332957498841
0	0	0	0	7.20675267572007e-16	5.2071921831336e-18	0.926005091253616
0	0	0	0	1.57052049336103e-15	3.93521569685251e-18	-0.646939384727914
0	0	0	0	3.93334298680337e-16	1.97690044587564e-17	-0.133188197704652
0	0	0	0	4.45490997899489e-16	-1.32437253616689e-17	-1.21444119191674
0	0	0	0	4.28037341774573e-16	1.36722364615653e-17	0.307868315675712
0	0	0	0	9.69031040475242e-16	-3.39079669424409e-17	1.07424560286658
0	0	0	0	4.05653050407482e-16	1.02619702587207e-18	1.89830141868271
0	0	0	0	3.6988452387275e-16	-2.86676012396091e-17	1.00751335807537
0	0	0	0	5.66180927298258e-16	-8.588755511937e-18	-1.45577434846781
0	0	0	0	5.11119187976127e-16	-1.16285815739103e-17	-0.658396040461307
0	0	0	0	8.6650602056904e-16	-1.88715404709425e-18	-0.520306810977656
0	0	0	0	5.16755616674514e-16	-4.01030879410692e-18	1.52466812691082
0	0	0	0	2.04854191783062e-15	-7.4757269071153e-18	1.04459971418583
0.0577122877122877	0.0561812205218649	0.0570185753160131	0.0570185753160131	0.0566524533480407	0.0565659492278225	0.0732580082735872
0	0	0	0	2.03447912908368e-15	4.43753304881184e-20	0.126934516765147
0	0	0	0	1.59059913418512e-15	-8.65144367899687e-20	0.101763088323588
0	0	0	0	2.57545476671687e-16	2.00996975667042e-17	0.823541439652401
0	0	0	0	2.55048234151153e-16	-6.22364128880907e-18	-0.828967361464184
0	0	0	0	4.73405200199286e-16	-1.21394309899735e-18	-1.47975900555545
0	0	0	0	1.65346408343176e-15	-5.61492028807676e-18	1.60997918914595
0.0206693306693306	0.0216357338687995	0.0211820322407075	0.0211820322407075	0.0213101363422844	0.0216583860011096	-0.63996475823704
0	0	0	0	8.60061526107831e-16	3.71963486463815e-17	-0.377347425343615
0	0	0	0	1.02201363640577e-15	-1.39893777509843e-17	-1.88371788668134
0	0	0	0	1.05605633885179e-15	8.56214479067868e-18	1.02275556088708
0	0	0	0	5.13321118686572e-16	2.52831672246471e-17	-1.45868143993276
0	0	0	0	4.91942733670792e-15	9.252913765397e-19	0.884569646602566
0	0	0	0	1.25106843088256e-15	-4.73719253133934e-18	0.416434341884312
0	0	0	0	3.87776333991004e-16	3.08877322220765e-17	-0.434730367787379
0	0	0	0	4.85425275725529e-16	2.04837215343241e-17	-0.675395555630028
0	0	0	0	4.79473500698397e-16	1.12412930715916e-17	0.232248078891478
0	0	0	0	2.63121473301668e-16	-1.11756282446905e-19	0.536103543634476
0	0	0	0	7.26790292645409e-16	-4.20761517524211e-17	1.01833047439615
0	0	0	0	1.15513865019051e-15	1.32984518757562e-17	0.730276067604003
0	0	0	0	3.72491252093928e-16	1.51747801407086e-17	0.846552722106505
0	0	0	0	5.0933342119074e-16	1.33982086385666e-17	1.29440736284209
0	0	0	0	2.91689803383256e-16	6.48923743303575e-18	-1.77784272717824
0	0	0	0	7.81405248766327e-16	-1.50157459394178e-17	0.214575273559155
0.030017982017982	0.0266281152286033	0.029818327296108	0.0298183272961081	0.0299291884408598	0.0304431727111778	0.048139489486586
0	0	0	0	2.75485115501433e-16	-1.37939739619328e-18	0.694297871615167
0	0	0	0	2.30640904291317e-16	4.41567356679857e-18	-1.50777258259319
0	0	0	0	2.72740969009951e-16	3.32119496629108e-18	-0.491449734877121
0.0178901098901099	0.0186137908193258	0.0174167260345536	0.0174167260345535	0.017958302893281	0.0179002130314247	2.33489401801061
0.00737062937062937	0.00757293682169741	0.00622077474067104	0.006220774740671	0.00641999271346782	0.0066594409965811	2.44736088396676
0	0	0	0	3.92076987275319e-16	-1.5291283597489e-17	0.716056771005746
0	0	0	0	4.54145169948114e-16	-5.53830150619883e-18	1.43517373505391
0	0	0	0	5.70538477847169e-16	-4.83198383188338e-18	0.0849675661034895
0	0	0	0	1.70483472602835e-15	1.02624287601107e-17	-1.27700100731786
0	0	0	0	2.42424507795603e-15	2.23350138425323e-17	1.10323336389914
0.00285314685314685	0.00154223215354057	0.00267043155369402	0.00267043155369405	0.00344553697324222	0.00365823308848111	0.78965040081534
0	0	0	0	1.64026822872857e-15	-1.32086225743229e-17	0.515170032059689
0	0	0	0	8.02451272601458e-16	2.91666922150567e-19	1.69805845161574
0	0	0	0	1.08409599332396e-15	5.49910514083059e-19	0.200756268289674
0	0	0	0	6.83763244696169e-15	3.314684440067e-18	0.703593670292669
0	0	0	0	1.47019899454874e-15	2.36807704992e-18	-0.83879951278646
0	0	0	0	1.28629541917378e-15	-1.28620923277663e-17	-1.1515412139919
0.0194805194805195	0.0201915095560854	0.0181882036247352	0.0181882036247351	0.0186009811857809	0.0185762104075543	-0.0911468792782403
0	0	0	0	5.82726070497763e-16	1.18723363127714e-19	-3.74342071385961
0	0	0	0	4.46800978512951e-16	-3.32754189122145e-17	-1.01073686226252
0	0	0	0	3.4272767881391e-15	1.44605009568964e-17	-1.63943768825865
0	0	0	0	5.65818078209001e-16	-3.32814396815343e-18	0.0350852579212695
0	0	0	0	5.18742393076859e-16	1.48557002433071e-18	0.0815694596675013
0	0	0	0	5.63095515866324e-16	-4.04926721890792e-19	-1.23611870349516
0	0	0	0	1.25078330740131e-15	1.34026535033032e-17	0.272993643973861
0	0	0	0	9.70865172194351e-16	6.37703873590187e-18	0.443196658600949
0	0	0	0	3.0883084460506e-16	-1.59887483407562e-17	-1.26409785016718
0	0	0	0	2.70948580348879e-15	1.59879424568979e-17	0.210379470352017
0	0	0	0	8.51911792209269e-16	-1.07499367008534e-18	-0.99306857329839
0.00405594405594406	0.00488095495815481	0.00453448952261083	0.00453448952261083	0.00427348080296276	0.0048170690833158	0.825947392589018
0.0472987012987013	0.0440215283469891	0.0465244526312465	0.0465244526312464	0.04722846372615	0.0474275142404146	1.69034559971324
0	0	0	0	1.22504226024868e-15	-2.83371943674121e-17	1.12851922679851
0	0	0	0	4.25748690428285e-16	-1.51197285429175e-17	0.376220501731088
0	0	0	0	4.03204866198506e-16	7.38244398892718e-18	-0.667975010228431
0	0	0	0	5.78113890345005e-16	1.98869637094206e-17	-0.710250854104733
0	0	0	0	3.06289829961779e-16	6.2182014518046e-18	-0.269440944325902
0	0	0	0	2.80193178524422e-16	-4.347261252447e-18	1.09262780947756
0	0	0	0	7.8426707297279e-15	2.63256441388588e-18	1.35100644505103
0	0	0	0	7.03996405714678e-16	-8.3050809846967e-18	3.77892919028493
0.0242797202797203	0.024198303321298	0.0226433151564376	0.0226433151564375	0.0236999622221017	0.0238062739955851	-0.0608672798526426
0	0	0	0	2.97685732101089e-16	-8.82781237955345e-18	-0.545931202888482
0	0	0	0	4.68056131945132e-16	-1.34956378469541e-17	-1.20639097467714
0	0	0	0	1.14430377252422e-14	-8.64666841184907e-18	1.5587441867829
0	0	0	0	1.77469896738181e-15	-3.91078727407226e-18	0.863375465926608
0	0	0	0	3.77191595776267e-16	-1.43831891714857e-17	-0.0125920021538691
0	0	0	0	3.70996131216102e-16	2.03598237253712e-17	-1.23723797444131
0.0558461538461539	0.0577083307353465	0.0563037710245376	0.0563037710245377	0.0566868511393008	0.0564044532536321	1.25016373863407
0	0	0	0	3.21852976959816e-16	4.55646425383757e-18	-2.08770450949498
0	0	0	0	4.08284044148177e-16	2.14060085699378e-19	0.874691238666713
0.0122157842157842	0.0115298552854987	0.0114184264871275	0.0114184264871274	0.0113890152432537	0.0116224644247997	-0.842180155134541
0.0139500499500499	0.0169116528189335	0.0131986055036678	0.0131986055036678	0.0133796029330581	0.0135063356775738	0.258556271503766
0	0	0	0	5.81749726768982e-16	-4.0800711652947e-18	0.929162488659405
0	0	0	0	6.72470922097892e-15	-5.03691759240758e-17	-0.753893655958066
0	0	0	0	6.25092852173132e-16	5.02257176824912e-18	-2.08961479850754
0	0	0	0	3.65722384872556e-16	-1.85997629224316e-17	-0.979898722497246
0	0	0	0	1.59827100473479e-14	2.30539882259512e-17	-0.561198747449238
0.0194805194805195	0.0188667060766536	0.019907038828544	0.0199070388285439	0.0204173291169935	0.0203855282109199	0.0697195167284748
0	0	0	0	1.53247052824122e-15	3.38310447837475e-17	-0.735987956246398
0	0	0	0	3.30631610466562e-16	1.13449983872563e-17	-0.552614845575004
0	0	0	0	2.7212216590648e-16	-5.01841072110239e-18	-0.903919316548325
0	0	0	0	5.47151163701212e-16	2.61327234682164e-17	-0.203344545298239
0	0	0	0	2.97340203841401e-16	6.05739382583205e-18	0.669761650241309
0	0	0	0	5.19378280123115e-16	-2.66738307890779e-18	-0.511365979760719
0	0	0	0	8.53612572102355e-16	1.117519748973e-17	0.245085672243884
0	0	0	0	5.05663633195305e-16	-6.16372713347649e-20	0.0403311352083465
0.0242777222777223	0.0218310830010085	0.0240033767516765	0.0240033767516764	0.0239385245029681	0.0241109781912053	-0.458799975103855
0	0	0	0	1.90920708622026e-15	-4.35006978534533e-17	3.19451639580019
0	0	0	0	1.99149022267088e-16	-5.90985634786736e-17	-0.98131029752772
0	0	0	0	3.29055270235769e-16	-2.82993424091634e-18	0.194428195225268
0	0	0	0	5.26420864479669e-16	-6.67819809261315e-17	0.702378356817053
0	0	0	0	1.59854263448059e-15	-9.37014244484855e-18	1.39824155476448
0	0	0	0	4.48396970030547e-16	-5.54381721983966e-18	-1.34472500878123
0	0	0	0	4.49602867062248e-16	-3.53537803994991e-19	1.01498273253295
0	0	0	0	3.47332618394182e-16	-4.34214346913342e-18	1.26515571682066
0.0311488511488512	0.0301838635070939	0.029850200121228	0.029850200121228	0.0302842840964155	0.030482237413927	0.27471188101665
0	0	0	0	4.74475438055334e-16	4.44999332464423e-17	-0.487419547105177
0	0	0	0	1.0571511867678e-15	-1.53066112177623e-18	-1.09838401300555
0	0	0	0	8.98183806479847e-16	4.0788020422157e-17	0.398572813429179
0	0	0	0	3.2553095280938e-16	6.99759459863589e-18	-0.187638869979022
0	0	0	0	3.14683349848285e-16	-1.39065927569448e-18	-0.701460340624739
0	0	0	0	5.90524469419525e-16	1.25864301833953e-17	-1.02558298041568
0.142789210789211	0.146323992292575	0.142799076981953	0.142799076981953	0.143161809312711	0.143592750138674	0.809054461253705
0	0	0	0	5.17080441692254e-16	2.15129728341525e-18	-1.01334936130443
0	0	0	0	1.01535131694296e-15	-1.23105963053333e-17	2.04371022356156
0	0	0	0	5.24965222571399e-16	-1.96830900715097e-17	1.65877641565726
0	0	0	0	6.85049998489064e-16	-1.24309412546935e-17	1.12206398019776
0	0	0	0	3.56992214780443e-16	1.72952064717925e-17	-1.07766178255553
0	0	0	0	5.60702616303815e-16	2.85446664654628e-19	-0.946370759040767
0	0	0	0	6.94573814569143e-16	8.72196234092724e-19	0.560739695913562
0	0	0	0	3.49129054682897e-16	2.10557784742289e-17	-0.52528739792292
0	0	0	0	2.50091951515048e-16	-8.07486764972934e-18	0.279892083464468
0	0	0	0	2.30407712877034e-16	-1.25386576243326e-17	1.6971766836676
0	0	0	0	4.02178214715548e-16	7.45041333757432e-18	-2.14945955700556
0	0	0	0	7.58739723497512e-16	-2.40195967127089e-18	1.45777170302324
0	0	0	0	4.21185163401878e-16	1.64284868676464e-18	-1.4332525966233
0	0	0	0	2.65752658250464e-16	-2.08774227580742e-17	0.0683482082048269
0	0	0	0	4.38946884773761e-16	6.99106223996056e-18	-0.606705679064795
0	0	0	0	4.76658334576917e-16	9.95717089076753e-19	-0.259296670438749
0	0	0	0	2.54108875437085e-16	1.60924102165345e-17	0.0108746690165437
0	0	0	0	6.46854081624139e-16	1.36422752559803e-17	-1.66868456403533
0	0	0	0	6.17947233118287e-16	-2.09758730468884e-18	0.444545972725747
0	0	0	0	4.18490845203043e-16	1.36355093048035e-17	-0.840014523699295
0	0	0	0	4.05450915996848e-16	5.52996031279745e-18	-1.26973752736431
0	0	0	0	3.63017259643217e-16	-1.9900943019005e-17	0.299842839205284
0	0	0	0	1.80334450651449e-15	3.00962013662995e-17	-0.418346555606191
0	0	0	0	4.09520913498854e-16	1.58528566272511e-17	-1.36127639541991
0	0	0	0	8.38434789602534e-16	6.50809267736879e-18	0.656701506640793
0	0	0	0	2.73072341426478e-16	6.13635369508517e-18	-0.581656675796686
0	0	0	0	5.82414024089615e-16	2.80081528695033e-17	0.631228535787726
0	0	0	0	2.89215655383032e-16	1.78716538015351e-17	-1.65412218464337
0	0	0	0	4.73855630008422e-16	-5.92403852485593e-17	-0.519626094963729
0	0	0	0	3.44766366539256e-16	-2.54476153843384e-18	-1.628882427143
0	0	0	0	2.62875402253804e-15	-1.46214544759873e-17	0.66842682854095
0	0	0	0	4.04997226664929e-16	-3.18416774810865e-17	0.556444410999058
0.00491108891108891	0.0057654133004922	0.00535157275235091	0.00535157275235089	0.00557266432491381	0.00589508863504685	-0.0739663040167698
0	0	0	0	2.85430793954503e-16	2.71818828449931e-17	-0.700957803983793
0.0444655344655344	0.0432048699815347	0.044556365172275	0.044556365172275	0.0449597625785515	0.0453983359235738	2.63365284957632
0	0	0	0	1.57498172498359e-15	5.01007665658196e-17	-0.610778388268433
0	0	0	0	3.6517631131793e-16	-8.20514165217416e-18	0.74577922289989
0	0	0	0	6.52483933730463e-15	-2.4157364061904e-17	-0.872257064146067
0.130803196803197	0.134269812973962	0.130803658017381	0.130803658017381	0.131186210646191	0.131004863036712	0.859828107500497
0	0	0	0	3.61234670855417e-16	-3.05508742819323e-18	-1.72740214023143
0.00796603396603396	0.00735478132685242	0.00785936996955496	0.00785936996955494	0.00808181921938688	0.00855102851113686	-2.54059781401813
0	0	0	0	4.88524187821219e-16	-4.31292176652671e-19	0.101994167219802
0	0	0	0	5.57688969245179e-16	-1.4451750203564e-17	-0.830924362906158
0	0	0	0	4.63489154161911e-16	3.51859714266102e-18	-1.78904280519561
0	0	0	0	1.355240645246e-15	1.27272297914955e-17	1.09166088025834
0	0	0	0	8.86674635809334e-16	2.49249727804903e-17	-3.55787646218127
0	0	0	0	3.72517564347878e-16	-1.18689368416761e-18	-1.06866745190701
0	0	0	0	6.1678133041552e-16	-1.74847199736551e-17	-1.66612842477901
0	0	0	0	5.73592018103779e-16	-1.0025743136897e-17	2.02863104358003
0	0	0	0	2.81734240676574e-16	-1.6534832288916e-17	-0.046081703724757
0	0	0	0	7.66505975534109e-16	-9.3417966295716e-18	0.7350118963834
0	0	0	0	3.97567329705348e-16	7.71805853565067e-18	0.919266511679095
0	0	0	0	5.82747398462097e-16	1.21150762418853e-17	0.224605979848064
0	0	0	0	4.73449830580467e-16	2.03646227956872e-17	-1.2638148201887
0	0	0	0	3.63536321332054e-16	8.67366609282293e-18	0.0923800614927819
0	0	0	0	5.56591145352955e-16	-2.70692980495587e-17	1.1058574379071
0.0254865134865135	0.02753467204122	0.0266999602966783	0.0266999602966783	0.0266640860315384	0.0272066596103785	1.45007946776872
0	0	0	0	6.51271763417195e-16	1.90421281088924e-17	0.484627141167725
0	0	0	0	2.98350169900435e-16	-4.94517853451671e-18	-1.21371762314284
0.00917682317682317	0.0116363791141301	0.00809032915861992	0.00809032915861986	0.00837253073112218	0.00861082268334551	0.0970763988224378
0	0	0	0	4.16262981036196e-16	-4.6779197829344e-18	-1.62363083367389
0	0	0	0	2.27014873915906e-15	6.80762596037976e-18	-0.441569849977241
0.0374665334665335	0.0382812244884846	0.0368476677335202	0.0368476677335202	0.0378897762058293	0.0385377938468128	0.762947424390765
0	0	0	0	1.83209499951446e-15	-1.12786291012866e-17	0.729705101802982
0.157782217782218	0.157026083176911	0.157733650498145	0.157733650498145	0.158462817130359	0.158411666040236	0.972636091374752
0	0	0	0	3.43671497867747e-16	2.10704700553414e-18	0.852577663331263
0	0	0	0	6.72229657019748e-16	5.50828291649282e-19	0.0240021614468695
0	0	0	0	3.1536565643241e-14	-2.32547559367228e-18	0.52013837959348
0	0	0	0	1.19770203088537e-15	7.4449193240205e-19	0.237601623833393
0	0	0	0	5.51436760055896e-16	4.81055978024223e-18	0.812382826129812
0	0	0	0	1.23779858697764e-15	5.36591097965681e-17	-2.16100579751715
0	0	0	0	3.75861811469524e-16	1.13011173801618e-17	-0.455465881286696
0	0	0	0	5.92685279978028e-16	2.07780780618595e-18	0.946636710348653
0	0	0	0	3.16870053720855e-16	-7.91605125255938e-18	-1.04680808067145
0	0	0	0	5.03983074264592e-15	-1.63527895618404e-17	1.09608801374721
0	0	0	0	7.37930663407375e-16	2.39520996643247e-17	0.952357360208931
0	0	0	0	5.38620581177298e-16	-1.32051173261667e-17	-0.547582864242486
0	0	0	0	1.2819451734171e-15	9.02333585866595e-18	1.00221740012677
0	0	0	0	8.09869752966501e-16	-2.01447496450802e-18	0.313468949810944
0	0	0	0	2.46627100720892e-16	-2.57216601182541e-17	0.969747211469034
0	0	0	0	7.51247867927948e-16	9.10060074196912e-18	1.59594886228464
0	0	0	0	4.81072402751714e-16	1.38405802459136e-17	-0.752735102583355
0.0132867132867133	0.0125669072814107	0.0128434832531139	0.0128434832531139	0.013108431360633	0.0132733838270894	0.847051227990885
0.019042957042957	0.0169951103336473	0.0194507419136035	0.0194507419136034	0.0194531212671295	0.0194534598941383	0.834669228897469
0	0	0	0	9.26029156668919e-16	1.99135135446904e-17	2.39423389631153
0	0	0	0	7.53271759390778e-16	-6.52535216745844e-19	-1.66858981038767
0	0	0	0	2.14637006854674e-16	2.59179021091464e-17	0.705639783283475
0	0	0	0	4.95108164751415e-16	-5.49285290883016e-18	0.509560502674265
0.0651188811188811	0.0690720679421658	0.0671526203248394	0.0671526203248393	0.0665998223170511	0.0666350174053431	0.873301942933393
0	0	0	0	3.81062049354102e-16	3.67085604319528e-17	-1.73044254699258
0	0	0	0	6.95604176573575e-16	-6.79634331488116e-18	0.797544355447351
0	0	0	0	4.81734940554594e-16	-2.52718518880023e-17	-1.6203264428854
0	0	0	0	5.91645534962933e-16	-1.48454969634416e-17	0.0830521160640664
0	0	0	0	3.68893394750673e-16	1.63745121146916e-17	-0.0697338578210259
0	0	0	0	5.90587562245817e-16	1.81617659366489e-17	-0.304138133449678
0.0345054945054945	0.0331317037398822	0.0333899881598312	0.0333899881598312	0.033874163538752	0.0340388000201669	0.889588663869504
0	0	0	0	5.82205136384226e-16	8.08684283373029e-18	-0.374138705686274
0	0	0	0	6.52073791428088e-16	-1.94070203046742e-17	0.150171893223618
0	0	0	0	5.74171229289595e-16	-1.66291907246678e-18	-1.45331169726854
0	0	0	0	7.51450000498765e-16	1.72160400773619e-17	0.252520228431921
0	0	0	0	7.5539585319096e-16	3.4870279186149e-18	-1.02969622579527
0	0	0	0	9.54709904663288e-16	-6.21035050410801e-19	-0.401128825245076
0	0	0	0	4.88949864736914e-16	2.37038758649801e-18	-0.824226507497031
0	0	0	0	1.0739250538301e-15	-3.58081426427949e-18	1.50997883402804
0	0	0	0	3.12476246530205e-16	1.99671820327707e-17	0.300902167824663
0	0	0	0	4.39024466292475e-16	1.03354485543579e-16	0.979373629017964
0	0	0	0	3.24599026091827e-16	-1.09042157738084e-17	-0.238383016950811
0	0	0	0	3.00152320713979e-16	2.46937900295848e-17	-1.1120638116934
0	0	0	0	6.83487157404569e-16	-7.82339881925286e-18	-0.613739600313302
0	0	0	0	1.73138096417754e-15	-5.36649696892408e-18	-0.642876814272017
0	0	0	0	4.21099304098335e-16	-9.04901114351176e-18	-2.09576426890398
0	0	0	0	3.18490252749663e-16	2.23754355651884e-18	-1.43365776952117
0	0	0	0	8.77371265922813e-16	-4.25321701542104e-17	-0.235276619864664
0	0	0	0	5.81728915669359e-16	-3.28216044891892e-17	-0.636671548367778
0.0522357642357642	0.0517769853942742	0.0515729977108313	0.0515729977108314	0.0519475758893519	0.0516857400665895	1.59568057782992
0	0	0	0	3.56955845977615e-16	-1.24883600334681e-17	0.607502498227735
0	0	0	0	2.68477232099344e-16	-3.2809261373009e-17	-1.14124752756846
0	0	0	0	1.49505181393271e-15	7.44840745942496e-17	0.0824964329427045
0	0	0	0	6.2820895274994e-16	3.44369710689521e-17	0.040761239984931
0	0	0	0	6.45809348396304e-15	6.10359452089224e-18	1.66271027853599
0	0	0	0	1.07793074074018e-15	5.29463363960369e-17	-0.0353167348873477
0	0	0	0	1.94302648645871e-15	1.43143706711773e-17	2.87926505021509
0	0	0	0	3.88265303382176e-14	1.09118451168585e-18	0.362085440663165
0	0	0	0	1.12126824165318e-15	9.98105183214006e-18	1.26197579132843
0	0	0	0	5.75676982194747e-16	4.48135477862201e-17	-0.985744914512833
0.029982017982018	0.0310203797646673	0.0301228067789306	0.0301228067789305	0.0305591491683943	0.031008044573016	0.275007556932958
0	0	0	0	5.85790260599694e-16	-1.35425599212467e-17	0.153351896471974
